0
3780
26952
57572
91879
126285
156493
190319
225483
259493
295058
330740
368121
392610
426302
460697
494791
527249
561477
595964
630223
662278
699926
730368
764417
798151
829547
863805
897390
931438
967266
1000210
1235101
1375615
1507931
1675822
1840541
1977002
2116599
2250257
2427036
2594829
2737370
2902400
3042576
3203120
3341830
3469443
3605769
3713315
3879481
4037490
4169087
4344416
4482934
4645692
4785456
4914231
5083338
5253966
5422692
5585824
5762610
5891273
5989961
6137242
6300542
6485892
6610777
6750206
6883992
7051146
7157042
7295100
7462719
7593366
7728124
7896173
7961060
8065695
8232604
8371704
8512024
8671372
8817910
8954732
9087592
9219562
9394861
9568147
9663597
9816496
9985261
10165159
10297833
10469069
10579091
10743781
10844844
11007693
11181552
11312953
11486048
11590612
11755106
11937157
12098815
12270833
12434808
12607978
12738736
12875538
13061959
13230507
13369209
13497931
13639679
13803827
13940247
14109584
14250841
14376603
14511139
14678406
14847612
14985583
15149205
15321804
15486202
15663382
15793064
15930232
16133747
16265553
16430238
16575169
16709239
16844439
17021073
17157951
17290140
17445090
17578540
17754168
17923077
18033443
18201356
18370923
18509342
18638739
18772120
18874051
19010202
19179787
19314348
19447601
19548958
19685652
19852861
20024246
20155277
20289069
20431455
20490491
20624923
20794433
20927508
21063174
21197339
21263127
21367014
21531835
21666675
21836486
22019167
22155029
22329023
22494138
22693653
22826997
23000337
23138976
23306255
23441748
23575128
23749729
23915755
24084863
24218608
24390551
24556729
24723451
24892379
25069902
25238688
25414196
25614496
25787267
25951241
26087721
26257534
26355615
26491666
26631620
26828253
26968984
27131756
27327848
27498000
27634841
27800676
27936381
28071767
28206220
28339963
28510866
28696797
28832595
28978751
29136990
29206912
29382076
29550837
29693081
29888536
29958019
30088450
30260626
30391065
30533164
30668582
30836681
30974146
31139434
31325617
31456918
31623219
31824219
31999013
32129523
32297660
32464721
32636718
32770752
32907874
33014702
33181026
33352285
33453787
33638229
33797401
33933215
34101017
34238081
34375286
34509004
34676670
34816876
34977276
35112147
35249843
35387114
35520595
35687863
35828617
35960164
36093362
36226560
36335139
36432405
36576422
36702714
36870353
36971791
37120666
37290583
37430243
37593675
37694367
37860360
37961620
38131181
38197136
38366844
38498530
38634534
38775516
38939531
39139874
39308124
39412347
39578305
39712567
39881261
40054902
40184676
40290054
