0
18061
35690
50520
67563
84291
100439
117571
134677
154010
168188
185256
202401
218925
235618
253477
269517
287090
303667
322935
337449
354379
371424
388183
404985
421958
439038
456476
473398
492260
506562
523835
540842
557665
574513
591182
608576
625883
642691
661657
676059
693289
709920
726947
743714
761060
778029
795076
812334
831093
845444
863686
879475
896585
913329
930659
947203
964923
981910
1000736
1556984
1728233
1887229
2031449
2179873
2282378
2422970
2627930
2762409
2951641
3141833
3279075
3417435
3556627
3711342
3831472
3986949
4120456
4289996
4489917
4676932
4812822
4967944
5142414
5480986
5639821
5808904
5992603
6162334
6299030
6384788
6526284
6645952
6801064
6989956
7109193
7314419
7448760
7586665
7768393
8053996
8256196
8459428
8646036
8866795
9067577
9268177
9414438
9631096
9784241
10005563
10190134
10388434
10602580
10754127
10899584
11086959
11279287
11472834
11704971
11895556
12081891
12239237
12394857
12600349
12755807
12930681
13146179
13300400
13511723
13727568
13886357
14128230
14303744
14474491
14666131
14867903
15056864
15264207
15407676
15598769
15799891
16004158
16241372
16448931
16672088
16845624
17038908
17191368
17407937
17543387
17729789
17957001
18136668
18321097
18483548
18635840
18805574
19013371
19222560
19373706
19583725
19761318
19899002
20050407
20269769
20440205
20593511
20785729
20989321
21160464
21368051
21580320
21810730
22014589
22219543
22434509
22614219
22806621
22957172
23127997
23353525
23523178
23726545
23897587
24100278
24332246
24500217
24658219
24883875
25086383
25310358
25521671
25709505
25884066
26086903
26242286
26391600
26610677
26799276
27024656
27227500
27433955
27617434
27807785
27995888
28255360
28459806
28677797
28847061
29000060
29142751
29345343
29531744
29720734
29947022
30116617
30286370
30470614
30676648
30866165
31014653
31184694
31362826
31573373
31759630
31934190
32137635
32346100
32515977
32721445
32924642
33114627
33298652
33434909
