0
42413
59592
68028
81451
87861
96461
123585
130695
137463
147024
157755
167919
176737
187279
321497
327627
337679
344587
350960
362309
393045
425873
440271
457016
505252
511359
519054
526320
537252
555478
567659
585006
594439
598950
609142
630771
643750
651767
659828
669503
678299
688134
728767
744833
751848
763405
774367
780811
793743
803491
809607
821531
829025
848909
867529
875881
910139
914808
950356
995034
1227780
1611899
1767607
1944702
2076860
2198786
2783154
2909467
3004774
3525077
3736981
4108163
4594385
5397543
5563797
5699710
5827447
5960408
6174321
6434626
6580750
6739271
6884929
7140163
7267151
7939927
8088505
8744539
8882014
9001946
9125443
9280380
9400817
9534196
9953468
10598566
10725119
11872468
11997521
12116298
12578622
12666755
12774325
12987672
13205546
13663236
13815288
14456502
14937313
15683476
16716195
16907195
18142195
18265964
18966485
19092893
19273443
19668114
20063917
20387894
21145784
22109995
22232025
22732077
23246555
23673914
24109370
24764716
25301595
25524342
25828231
25923268
26265448
26728906
26839625
27562924
28235691
28395865
28582024
29082383
29433663
29836254
30067750
30291876
30656194
31372069
31481773
31595677
32157429
32743225
33397445
33580066
34029937
34193781
34333119
34618406
34957627
35428285
36080042
36397540
