0
18561
35328
51246
66924
83821
100656
118238
135812
153765
169366
187576
203258
219319
236515
255685
270416
287291
304927
322231
338911
360250
375705
389932
406646
423406
440755
460814
476005
491164
508347
529227
544464
560247
577365
592644
609543
627174
643637
661722
679709
696683
712410
728567
745114
762746
781630
796155
813207
830976
847610
867820
884660
899100
915091
932810
948900
965902
984342
1000684
1178357
1331002
1448872
1584429
1754197
1923692
2093124
2251517
2335458
2448095
2588127
2754774
2790274
2926982
3010587
3142951
3249005
3347727
3435198
3568774
3637014
3720793
3871875
4025078
4162032
4279817
4450182
4601655
4771497
4855601
5075686
5265337
5350086
5485689
5672695
5858220
5993254
6148971
6285410
6386676
6505599
6658298
6844186
6946710
7047969
7222104
7374434
7526453
7644981
7835921
7950050
8154052
8323552
8519156
8617089
8819100
8988279
9107230
9199025
9329863
9551480
9716873
9934209
10136725
10254561
10456823
10608748
10763827
10901998
11071054
11152388
11270767
11410084
11595316
11711774
11829838
11999133
12134815
12273108
12490245
12612255
12781066
12935004
13050027
13220012
13388583
13515584
13718266
13819750
13920685
14072919
14245184
14379489
14516204
14617750
14718809
14854178
14954660
15072925
15207205
15376378
15562761
15748270
15950931
16056983
16258480
16412716
16598038
16686107
16804600
16921414
17039970
17194058
17330390
17431854
17550165
17670833
17847929
18026950
18178936
18330647
18448693
18533719
18685340
18837670
18972847
19060620
19210592
19361373
19568125
19716468
19851412
20003053
20205695
20340336
20443013
20527689
20655456
20772244
20930344
21044455
21179444
21299072
21499957
21654411
21790667
21891010
22060807
22229340
22337472
22438268
22589179
22707819
22797064
22927509
23113202
23304968
23434905
23570055
23688779
23811096
24008828
24110141
24246531
24417657
24503823
24637618
24772232
24975315
25110482
25223068
25345130
25476993
25630928
25766078
25892127
26009932
26110991
26313531
26499337
26634730
26839460
26975022
27128545
27247094
27432236
27570009
27706316
27875300
28009623
28145501
28248775
28432663
28534039
28687723
28825753
28931514
29048008
29166570
29352968
29554434
29694570
29880560
29981514
30189212
30308554
30409081
30579167
30714394
30869929
30994473
31197423
31350963
31487713
31621444
31792665
31927445
32013346
32135888
32325152
32462693
32563792
32740057
32909620
33102560
33285707
33439197
33559601
33714199
33829400
33947186
34053906
34185079
34269385
34391843
34506084
34712279
34885742
35004239
35142069
35329639
35465154
35566669
35754689
35869734
35988092
36096715
36227312
36361866
36480010
36666331
36785946
36943888
37074852
37193172
37331839
37534313
37703823
37859525
38031273
38201571
38369285
38575517
38794968
38988899
39173037
39308290
39460877
39596709
39682129
39835619
40004792
40137635
40306787
40494203
40662429
40815868
40966671
41152781
41298063
41519236
41660298
41780697
41897413
42056893
42222246
42421709
42560063
42642227
42781331
42885923
43003317
43105317
43225013
43325345
43416573
43514836
43630468
43731742
43886210
44054442
44172994
44341939
44443012
44619123
44754009
44839063
44990568
45160919
45312387
45481590
45601675
45684492
45769875
45922213
46091749
46284064
46452720
46639893
46743258
46844828
46929179
47064051
47166617
47335431
47472268
47643740
47779260
47946940
48134637
48238783
48357041
48505036
48631164
48725515
48809285
48947439
49117672
49270015
49454845
49658187
49845735
50015550
50167642
50353511
50505460
50658114
50827424
50998450
51131328
