0
2452
9714
27323
43530
58800
77673
95148
114825
116670
126863
146036
161324
178330
198368
213284
232860
247611
264507
284720
298320
316002
331741
351107
366939
384311
401196
420159
435181
455914
467800
485445
502788
520591
535937
553435
570733
587735
605170
627579
637883
657351
672192
689857
706817
724646
742919
758682
774705
794056
807885
827836
842263
861960
864136
878345
894201
912382
927988
947960
965265
982057
999251
1015878
1776630
1981208
2174074
2414035
2616478
2772202
2967360
3155004
3367119
3536301
3691804
3828616
4005273
4090639
4249256
4450043
4641939
4839156
4972644
5180421
5385994
5575958
5765871
5954361
6130857
6337951
6563840
6736382
6946048
7084052
7237397
7388735
7561130
7647889
7947150
8117112
8289901
8424878
8680228
8851404
9056957
9268936
9507272
9692288
9882955
10068896
10328863
10577531
10774760
11037353
11241605
11466632
11697505
11959291
12133066
12332991
12588021
12795405
13033720
13270021
13425399
13613554
13784993
14006953
14112543
14324221
14498147
14697654
14905517
15152096
15364551
15604425
15728869
15986715
16212720
16421795
16604052
16795779
17052161
17259047
17483380
17731136
18004934
18175804
18429996
18604038
18815601
19046517
19303525
19493520
19719462
19931015
20174030
20419156
20657686
20867661
21090050
21314687
21538187
21804450
22059503
22262742
22490152
22696952
22989653
23176216
23385318
23606797
23783534
23956217
24180191
24369909
24597728
24834314
25033949
25292887
25520508
25761175
25963840
26166863
26376787
26569622
26747473
26989893
27197509
27385928
27614949
27867091
28128326
28435255
28680369
28891447
29128666
29384821
29519538
29626287
29842701
30105251
30375111
30637260
30927023
31205677
31378344
31629782
31851069
32114336
32285775
32566442
32802602
32977314
33196640
33462882
33740709
34037961
34294942
34554168
34773823
34982293
35172376
35405280
35631125
35823580
36060050
36287572
36487026
36723392
36919224
37105077
37366612
37594951
37843246
38116660
38236738
38372951
38631824
38841021
39169182
39484480
39706760
40002917
40249530
40451497
40637543
40836643
41022568
41179677
41437913
41703359
41917656
42146559
42364570
42665854
42959636
43182918
43351845
43547770
43782109
44026933
44235399
44489244
44706198
44859278
45120436
45374595
45585137
45863696
46087652
46330022
46594098
46852865
47098681
47363876
47641852
47870926
48123910
48361130
48538462
48796201
49019383
49189807
49380957
49568353
49791893
50009861
50256252
50428023
50583644
50823890
51112719
51379011
51605373
51794896
52035403
52295576
52512386
52739837
52950491
53190849
53397212
53650739
53821394
54090306
54335123
54553597
54789882
55034252
55252412
55521905
55793172
55990326
56218086
56437887
56613350
56835685
57088301
57347240
57560172
57822499
58066102
58318217
58550206
58773539
58964565
59165223
59363648
59482790
59684064
59901975
60062313
60288921
60465036
60698534
60902236
61113441
61339406
61616685
61858875
62032308
62236368
62470135
62693236
62929764
63126125
63335248
63555512
63694016
63976816
64198454
64387733
64609197
64803332
65023289
65271984
65567476
65839735
66080299
66253900
66498292
66718480
66971501
67211390
67402580
67595964
67849179
68152031
68433820
68664795
68945269
69184090
69393182
69633838
69826842
70011839
70245242
70485776
70660141
70897740
71087020
71359441
71564850
71803722
72118581
72342752
72541216
72920202
73232853
73529898
73770290
74063691
74342730
74638724
74932241
75139798
75346301
75572456
75819870
76027933
76269310
76424255
76657613
76909637
77187160
77375455
77589520
77828856
78032748
78303851
78571126
78761124
79005193
79251753
79495937
79753721
80014395
80211656
80428640
80633264
80857637
81057965
81289149
81498532
81706660
82015095
82288584
82492959
82727940
82915549
83137146
83349087
83551159
83778770
84029877
84175495
84395238
84630385
84818101
85018123
85262399
85416638
85630744
85838943
86065146
86218903
86475995
86722976
86950586
87187289
87378865
87574440
87818171
87985163
88156043
88411509
88634792
88878036
89099979
89272451
89519713
89755662
89991617
90252810
90517306
90773858
91061393
91253271
91443027
91577101
91856195
92046537
92219746
92428262
92671258
92865729
93163022
93415836
93656356
93922895
94145926
94428753
94659505
94863695
95056209
95243456
95484281
95756803
96008377
96209746
96457485
96710456
96980387
97200024
97408761
97634681
97923271
98150541
98451244
98653131
98929326
99143077
99446493
99693188
99913867
100124351
100351375
100483771
100739333
101022578
101194116
101417541
101617292
101788563
101953105
102168256
102407360
102662984
102834728
103008944
103241986
103494129
103699227
103885266
104151651
104335582
104546268
104731006
104919356
105098174
105323032
105524562
105703927
105972775
106187319
106467288
106686012
106840004
107084771
107271993
107508996
107756259
107985863
108188516
108398360
108589307
108844969
109049053
109287939
109590055
109852724
110115938
110344798
110602376
110800298
111048007
111325287
111512797
111727938
111940258
112127116
112360705
112557717
112814063
113051593
113257799
113537406
113761914
114049194
114344252
114481016
114704518
114912958
115149956
115386211
115645328
115838820
116058266
116265746
116549249
116795666
116987561
117162104
117354951
117611327
117836971
118046079
118247897
118473732
118747798
118998942
119241884
119452652
119664239
119831134
120059611
120336434
120540691
120765880
120985374
121195300
121458966
121747420
121905467
122107769
122415963
122623288
122850318
123058388
123276165
123463922
123635588
123802372
123941673
124134132
124354469
