0
16007
32395
49466
66127
83002
100297
117460
136569
150811
167891
184485
201583
218485
235649
252008
269396
286628
305593
320174
336937
353868
370930
387974
404668
421519
440279
455954
474968
489054
506299
523357
540214
557956
574801
591711
609368
626411
646465
659059
676498
693261
710375
727323
743533
760623
777377
794597
813440
827884
844887
861798
879011
896612
913459
930066
947892
965466
982917
997069
1014348
1304396
1491950
1661977
1846614
1981299
2172891
2304863
2460517
2663579
2860058
3011132
3230113
3387809
3545500
3679964
3847097
3982748
4170368
4341282
4580146
4815652
5026368
5207385
5410484
5833819
6024160
6175675
6329019
6519044
6705754
6876214
7044917
7214812
7384575
7525377
7693101
7913906
8118818
8374890
8573193
8813945
9099001
9312266
9548910
9759177
10036383
10206230
10414653
10668463
10915587
11172913
11384855
11625834
11843410
12026650
12246431
12473983
12728973
12946720
13174394
13405223
13591742
13834057
14059340
14280353
14488205
14712295
14947421
15135865
15323679
15529257
15749832
15976074
16197593
16403385
16646136
16880501
17072065
17240297
17445573
17668502
17886863
18130803
18303331
18548280
18765592
18989844
19243901
19446816
19650525
19893634
20087848
20321092
20490574
20745703
20934462
21147939
21326083
21563849
21757380
21960273
22220437
22477921
22715688
22903895
23129859
23385255
23564574
23751335
24000190
24203718
24391787
24546173
24753642
24962171
25188044
25408170
25615178
25787952
25978821
26236228
26460269
26686338
26913412
27097650
27340242
27511062
27752097
27976699
28200351
28441075
28641093
28848428
29049368
29237247
29475122
29665906
29874276
30119001
30307993
30544666
30781923
30956368
31175169
31375008
31603635
31819229
32081989
32285179
32506007
32708690
32860672
33048711
33255529
33451463
33694134
33882126
34074236
34274108
34450576
34704663
34890378
35096502
35301204
35526911
35714198
35935371
36158741
36385016
36609289
36811231
37025751
37278272
37505517
37747340
37992427
38163303
38396916
38595196
38793617
38981392
39246764
39418608
39657721
39832252
40086509
40260362
40464035
40672411
40879714
41110131
41379172
41564015
41792215
42038819
42247847
42503176
42674186
42844838
43066003
43290768
43513997
43788129
43974919
44195529
44406468
44628839
44851305
45108315
45282203
45501840
45746190
45950659
46190848
46404414
46645946
46878780
47064363
47256907
47447226
47694166
47922694
48122547
48337894
48552840
48780476
48984955
49245459
49454191
49606876
49777653
50020552
50191376
50418806
50677977
50911438
51173215
51378360
51603377
51841760
52069734
52357541
52613431
52865744
53060266
53286710
53474196
53658218
53886159
54103108
54289765
54521680
54730926
54862616
55051770
55230693
55433611
55606317
55758841
56003565
56146165
56344596
56549889
56794975
57026978
57230411
57491728
57691447
57880579
58104956
58308495
58556361
58774196
58946083
59133821
59339915
59508994
59732174
59900840
60092908
60334547
60572860
60797788
61022829
61195443
61433982
61662259
61862020
62053838
62303080
62546108
62809942
63034323
63253946
63441093
63610181
63796364
63999890
64207828
64450121
64663449
64903119
65122454
65335585
65567848
65755800
65993437
66233994
66472437
66694886
66947094
67185339
67379448
67599745
67824115
68029306
68199844
68423729
68632241
68820079
69038382
69193333
69431881
69657516
69894311
70135477
70339565
70565022
70719208
70908098
71112546
71323271
71528451
71735315
71948042
72185345
72373822
72613949
72833932
73005731
73239443
73441177
73679876
73883924
74172325
74431986
74707852
74969560
75176148
75391693
75577023
75731798
75952078
76173809
76379661
76615998
76880891
77050025
77277752
77494417
77692914
77936205
78147519
78370257
78556764
78761956
78952592
79123438
79322831
79430002
79650062
79787827
79940716
80168158
