0
29501
63754
98110
132609
172844
202564
232275
265519
301275
332389
366051
399511
432276
468849
507280
535288
568613
602885
634606
669689
704702
739666
772170
805839
844072
874143
904440
939890
972666
1005733
1212240
1450255
1618026
1788751
2034119
2238438
2440736
2639520
2820340
3020203
3189941
3288766
3574598
3766657
3966223
4208025
4438047
4671196
4840536
5009643
5176863
5344296
5584731
5814082
6022279
6219689
6386224
6594204
6825507
6989279
7194897
7393396
7600208
7804084
8043007
8238930
8476320
8677022
8884996
9080967
9285947
9417309
9623067
9788356
9990218
10187606
10390248
10597615
10831652
10996805
11242305
11409098
11580480
11777234
11948795
12150552
12385601
12588501
12754602
12958419
13191800
13426221
13596259
13801069
14030782
14232487
14400910
14638838
14837962
15072912
15310726
15544562
15779332
15948721
16152249
16416447
16550412
16719053
16854049
17026843
17224096
17460158
17664965
17795512
18008587
18178887
18347091
18514390
18754568
18988932
19121545
19325729
19524332
19729532
19895439
20071316
20300278
20435005
20604922
20807583
21008070
21210909
21381583
21626782
21791371
21972055
22206029
22406289
22576984
22714132
22912111
23080132
23283730
23485657
23653361
23819291
23988823
24158187
24393842
24529829
24764194
24930715
25101881
25300837
25538643
25741006
25939733
26173199
26376033
26580614
26784669
26986308
27156515
27322103
27558980
27765967
27996803
28131352
28370516
28569965
28772998
29006047
29182270
29375212
29577100
29783949
29983569
30190997
30421192
30626620
30863506
31094150
31301780
31567210
31771125
31969665
32170828
32342433
32476821
32675105
32843685
33047990
33220111
33417088
33619224
33859287
34025681
34231280
34464045
34665897
34801919
35003664
35204770
35438349
35640747
35843178
36076381
36311596
36546392
36715610
36888238
37117702
37319436
37522575
37692219
37929469
38101000
38300111
38539142
38640845
38873874
39078530
39287144
39448049
39622415
39855095
40089611
40259737
40394484
40594910
40728421
40897837
41131090
41333437
41501948
41735609
41938064
42177255
42413008
42618652
42818269
43062726
43230397
43498559
43701719
43872371
44107673
44310690
44545632
44745446
44913258
45115136
45284342
45488274
45698658
45897844
46100791
46304182
46511131
46715619
46917253
47119105
47359748
47562382
47735079
47930890
48132270
48370153
48568260
48773078
48944244
49146555
49350718
49581524
49780186
49914814
50150856
50353660
50554657
50763789
50998332
51164517
51335016
51470158
51668304
51879208
52121719
52283225
52519812
52719955
52885752
53024877
53255650
53463445
53626822
53861957
54067836
54301973
54470972
54702531
54903449
55111346
55306654
55482823
55675653
55876304
56045220
56247579
56448952
56581693
56784490
56953715
57157578
57389084
57598317
57834661
58032343
58169900
58399017
58566769
58803828
59006565
59178719
59409418
59618297
59812334
60046108
60288261
60453439
60655789
60861774
61056817
61225998
61393095
61597162
61872772
62166446
62370316
62541518
62703404
62939355
63140226
63317401
63551216
63745529
63916092
64114094
64283788
64484288
64687313
64823132
65057398
65230916
65425428
65628747
65828994
66030404
66164779
66400466
66577645
66735107
66869545
67069887
67274987
67476590
67709041
67924425
68185075
68386913
68594198
68787725
68955359
69156757
69366270
69627637
69827495
70062423
70276039
70475342
70613333
70812262
71053346
71289123
71480856
71684415
71883329
72087373
72322175
72524045
72758635
72969079
73161775
73365897
73565639
73799861
74003865
74237341
74437081
74607805
74743587
74908641
75083283
75244743
75379833
75582763
75781350
76017624
76185682
76431855
76593593
76825193
77061700
77340634
77533644
77774839
77968399
78203777
78446342
78645558
78913071
79150743
79387416
79654461
79892706
80093767
80370127
80636067
80869944
81105372
81311585
81514717
81750329
81986618
82187265
82422553
82657576
82924068
83168109
83362229
83562839
83768193
84037998
84304871
84517077
84710223
84876331
85143302
85382142
85616009
85858114
86091173
86355839
86555965
86825193
87069451
87303530
87552120
87783737
88015048
88246881
88484734
88752503
88987651
89228606
89525786
89803103
90067380
90299319
90536983
90702881
90939353
91171391
91374111
91579626
91817562
92050253
92259658
92554073
92726956
92936164
93174574
93432041
93668613
93904326
94139129
94376015
94622504
94916062
95122263
95324458
95496902
95730477
95931697
96101492
96368380
96605330
96808234
97081288
97283832
97558280
97824156
98059246
98235777
98430316
98630816
102363401
102943297
103109085
103338964
103576809
103778010
103983271
104179938
104350802
104484643
104652350
104852443
105020783
105190716
105389365
105594407
105728961
105972882
106199433
106471973
106656674
106817106
107050725
107287049
107455794
107726845
107964166
108165875
108340632
108602871
108836955
109071561
109208200
109408171
109589483
109813836
110022783
110250500
110486921
110697054
110925469
111093064
111295835
111473853
111709879
111934304
112135611
112303204
112539587
112746858
113014471
113194252
113324161
113912270
114148215
114313574
114451164
114651355
114859954
115093987
115605108
115775282
116616263
116847862
117089344
117291665
117519835
117720443
117963136
118058096
118298260
118527971
118766829
118977346
119104066
119315667
119509279
119740064
119944675
120179242
120412469
120613809
120749315
120916275
121116509
121296328
121503371
121678986
121837705
121973632
122139841
122307888
122509134
122610897
122810784
123018525
123214320
123388496
123587184
123720641
123888263
124089622
124260261
124461701
124666695
124797908
124968453
125148045
125339801
125540111
125714263
125845899
126012754
126183920
126393196
126553116
126752824
126923760
127058745
127229871
127423744
127593928
127795253
127997999
128196942
128402066
128607380
128840436
129083056
129315944
129549627
129781895
130029426
130230836
130497487
130701803
130903142
131140959
131340535
131509797
131747407
131981859
132219105
132421121
132620101
132820522
133058062
133224763
133426708
133628267
133801731
134030837
134266988
134472848
134704019
134904068
135110568
135344736
135548827
135748806
135953085
136165178
136403679
136605068
136842879
137074860
137275622
137516792
137716643
137855041
138021157
138220568
138424413
138660474
138867036
138999780
139201335
139401103
139570369
139770477
140005812
140239057
140479313
140711414
140911713
141085553
141223384
141385428
141584907
141787081
142024788
142235406
142463358
142663968
142905279
143136221
143334886
143536387
143741091
143912049
144141905
144341947
144555978
144756645
144992731
145198748
145435582
145703134
145909540
146077066
146318288
146521285
146755645
146959545
147089682
147258029
147425276
147632474
147860653
148065902
148235586
148466856
148704668
148942305
149145053
149344967
149582964
149785917
149993511
150224804
150427055
150668313
150894917
151028188
151270397
151503339
151704597
151971703
152242392
152476580
152645599
152845313
153046391
153180457
153352478
153550397
153785575
154024806
154224556
154428102
154663205
154865522
155097564
155338348
155537708
155739374
155975308
156208637
156384702
156548116
156748962
156954326
157185649
157393553
157625322
157836545
158080596
158310648
158514939
158756251
158950939
159160361
159395708
159600188
159797416
159930210
160068251
160302706
160538329
160742744
160942628
161211510
161513670
161750683
162018979
162222372
162459972
162657028
162893965
163137488
163331381
163598912
163807929
164071766
164274528
164481195
164748863
165015404
165249396
165420604
165621531
165854008
166092457
166294656
166464498
166666912
166805270
167001399
167172785
167371436
167606352
167811799
168043236
168186690
168378605
168548152
168769477
168969554
169140505
169372371
169544387
169778397
170012595
170222114
170417364
170625217
170830797
170997490
171197115
171401553
171633208
171837980
172035922
172242461
172440229
172674195
172880485
173055019
173286821
173489322
173659279
173863607
174032733
174235030
174368710
174536153
174738934
174914281
175082175
175216775
175384632
175552639
175719353
175923029
176054896
176323497
176561284
176793350
176968316
177098743
177312214
177503519
177670442
177871522
178075829
178341772
178579290
178781775
178953270
179189310
179358196
179557932
179767648
179963995
180198494
180365896
180634470
180870280
181074104
181307318
181506388
181691587
181919257
182130593
182289044
182487978
182625212
182826243
183036599
183195004
183398251
183632970
183808042
184040562
184239196
184404691
184572148
184776993
185014188
185182111
185420820
185690355
185958534
186193726
186404887
186598159
186844792
187039224
187243817
187517361
187681000
187949429
188191566
188486945
188687563
188892350
189107150
189261028
189395166
189643551
189912333
190047713
190220137
190384558
190622535
190797431
190992622
191246192
191482075
191745503
191918031
192153792
192351517
192551639
192753150
192989618
193193540
193430213
193729240
193963496
194233762
194472609
194738982
194916284
195081222
195316414
195586394
195787127
196024366
196260283
196534082
196803565
197038453
197241812
197476076
197745598
197992645
198231305
198453588
198662759
198857065
199059860
199296324
199534216
199734090
199936893
200170463
200411478
200614964
200849033
201084738
201289383
201524190
201725919
202032808
202270900
202471754
202675061
202877177
203124466
203304039
203497920
