0
26697
60974
93440
128022
160891
194409
227395
263476
295346
334193
362120
397320
427663
462429
496500
528959
564743
598037
634559
673103
697800
731284
765906
798096
834524
868218
903522
937284
967294
1005109
1342916
1607639
1841277
2042464
2313442
2515306
2784685
3026771
3185952
3453286
3661511
3863686
4135946
4339315
4540013
4778295
4979678
5214391
5446902
5651630
5917334
6152003
6399641
6596156
6863610
7097592
7367237
7570221
7805349
8084701
8319363
8555069
8828274
9101184
9366596
9600497
9844445
10119503
10382821
10619136
10887379
11156730
11393241
11627173
11899383
12069377
12335910
12604662
12875432
13073334
13275441
13512263
13712719
13952119
14160502
14386423
14621255
14859239
15064656
15296903
15540347
15739924
15973741
16246037
16520825
16750477
17051928
17194903
17391928
17691338
17925186
18126695
18395696
18596595
18799715
19033280
19313769
19503543
19772173
20006601
20217085
20415429
20649556
20922570
21193979
21393144
21630190
21866040
22099167
22270754
22538168
22809202
23079549
23352849
23591983
23850435
24088505
24324928
24562095
24805212
25042662
25280602
25544697
25778911
26046289
26287723
26516763
26786306
26960089
27156051
27358708
27560625
27795901
28005886
28237758
28498969
28732900
28970243
29211219
29457986
29689509
29883808
30126147
30361944
30592133
30800279
31037084
31331826
31567928
31837192
32103466
32306624
32506832
32723283
32979255
33199157
33467722
33635845
33804978
34011477
34209675
34477672
34751220
34947245
35192041
35387713
35621436
35893209
36106074
36370355
36568516
36837810
37114761
37377099
37612920
37850639
39053985
39325124
39597927
39826731
40002578
40744670
41012620
41418008
41681924
41922863
42183976
42455197
42692847
42992961
43230972
43464736
43665755
43904425
44078846
44341248
44578554
44785979
44980085
45213449
45457767
45719253
45994034
46263448
46472008
46631871
46872361
47077143
47276744
47519050
47720164
47926391
48092650
48361081
48563081
48844696
49105118
49375173
49575069
49813502
50043812
50281792
50415384
50651363
50940319
51219978
51477032
51746739
51919902
52185221
52385681
52659861
52868533
53136957
53337510
53507998
53808622
53945901
54214086
54380012
54618593
54857959
55090089
55290118
55527724
55795145
55965878
56166694
56333557
56571721
56802774
57006302
57171497
57406287
57612652
57845622
58083165
58253614
58420807
58655088
58860472
59093250
59297959
59538482
59770888
60041256
60257393
60496023
60629439
60896884
61164122
61398340
61675166
61872721
62139081
62372759
62643163
62911803
63117353
63354464
63587397
63855163
64124684
64293673
64526341
64797704
65065258
65333267
65513794
65744200
65983162
66180671
66394379
66624921
66793202
66997797
67175789
67372980
67678888
67981232
68216312
68482065
68686491
68956968
69121991
69390047
69599282
69830959
69999386
70204966
70445741
70677681
70948387
71217544
71418505
71618492
71854343
72094294
72290534
72476107
72677190
72883884
73089734
73292809
73525683
73695992
73940270
74180963
74447087
74712557
75015388
75284033
75525257
75759324
75995642
76261075
76434257
76673718
76881178
77110372
77345579
77613482
77886127
78084476
78351432
78557759
78721803
78988629
79258276
79531950
79796974
80001399
80266704
80469439
80636583
80911249
81139530
81376534
81589129
81853156
82085052
82325218
82583404
82850642
83086061
83318352
83557883
83723240
83992156
84232334
84498868
84767826
85002913
85207341
85444254
85711544
85952768
86147647
86384148
86618080
86854419
87088420
87329262
87563496
87828564
88030260
88264679
88497961
88700691
88903396
89139446
89372288
89645409
89911465
90147352
90382426
90550100
90752946
90993464
91263674
91497443
91701086
91864799
92039938
92235303
92436144
92711478
92940721
93075305
93280201
93480696
93683445
93920338
94156351
94399841
94663227
94893775
95097130
95299361
95500079
95671627
95904184
96104563
96309240
96540496
96776236
96979048
97215253
97446973
97661535
97864733
98139948
98408501
98577898
98787197
99021131
99185837
99390990
99656103
99891861
100109296
100378688
100613535
100818282
101050491
101298120
101565619
101769220
101933804
102136930
102405100
102610029
102849500
103078550
103282297
103484296
103649262
103917612
104154327
104392603
104661403
104893394
105163355
105441257
105677197
105946492
106218196
106450434
106683239
106896292
107127280
107363499
107598577
107834477
108101698
108272488
108549641
108749996
108923991
109156247
109358316
109599123
109865621
110133086
110368697
110536698
110803920
111038365
111278887
111510763
111720706
111969727
112197113
112431339
112700577
112938305
113170144
113438691
113711379
113945804
114146281
114380872
114658173
114885379
115089668
115335292
115526688
115798075
116032680
116269945
116470538
116745486
116982982
117150749
117389766
117629522
117794957
117996083
118271160
118476298
118680794
118948469
119183106
119420311
119654686
119853956
120123079
120362193
120494661
120735551
120999244
121200357
121433461
121675111
121947992
122184953
122390488
122662887
122895153
123105331
123331183
123600376
123777596
124003587
124272801
124542022
124784135
124978299
125214068
125416399
125616891
125819079
126021441
126254378
126493765
126726937
127028318
127264322
127538842
127709665
127912412
128169919
128465654
128665468
128907933
129185201
129378839
129629929
129865785
130061082
130262455
130536688
130765674
131015367
131185328
131384631
131653595
131898453
132192714
132393384
132632398
132832895
133100379
133370273
133639095
133917111
134210088
134378752
134591334
134817509
135025200
135265721
135521723
135760981
136036651
136275140
136467543
136733558
136977523
137244509
137512273
137746561
137988280
138252645
138523349
138788419
139023887
139260425
139501494
139743173
139981479
140212432
140377270
140652829
140882564
141153103
141394612
141668733
141932317
142210165
142452729
142656134
142920898
143135566
143333701
143566034
143841046
144069267
144304988
144575069
144749529
144988465
145225313
145405399
145672063
145902649
146105490
146272466
146440343
146607113
146843753
147112640
147311843
147586280
147787600
147956050
148160043
148327585
149516141
149822556
150059967
150325573
151210530
151397472
151875655
152105013
152375727
152605619
152883919
153150496
153413989
153614116
153891485
154119115
154388181
154656793
154859668
155126208
155329597
155495909
155734834
155969769
156139471
156372425
156508618
156748463
157031351
157283402
157541227
157748805
158015888
158296718
158523806
158728797
158930683
159166106
159400788
159602159
159841448
160007885
160273462
160446591
160657161
160881755
161117370
161325882
161555946
161764375
161925096
162191242
162397106
162630096
162830695
162969394
163167484
163343845
163647352
163882435
164129382
164375693
164574696
164816753
165079977
165315829
165523499
165693234
165956837
166161707
166329267
166563293
166736671
166964958
167167077
167407340
167605490
167839353
168077593
168310720
168545003
168817177
169051915
169325600
169560471
169831507
170035082
170278316
170547376
170753449
170984958
171219892
171486955
171727759
171993447
172263377
172529814
172697453
172968362
173201474
173403298
173709898
173945712
174213778
174449704
174716172
174952589
175222115
175461036
175661954
175912124
176149022
176383677
176652184
176859155
177089629
177226847
177460933
177726875
178001090
178273311
178507683
178778726
179013498
179313179
179554597
179819645
179986557
180230989
180498942
180734041
180933330
181173937
181439573
181672188
181878815
182145945
182413934
182683733
182925882
183123107
183392817
183627025
183896926
184129828
184332842
184607744
184870841
185075507
185244590
185444326
185712660
185916260
186183618
186419293
186655744
186895376
187128496
187329008
187569094
187800412
188036473
188269582
188506335
188774290
189008855
189281262
189556483
189838426
190074519
190346019
190644583
190856314
191061870
191195387
191468987
191707594
191905835
192120995
192258678
192459440
192697884
192963400
193166223
193404769
193634393
193938819
194178562
194477719
194680057
194913482
195150170
195424433
195692823
195960059
196199182
196466926
196703042
196935953
197138976
197409775
197674955
197911959
198147051
198316319
198584912
198852309
199054463
199326952
199592324
199861213
200100001
200366271
200605755
200875356
201146939
201416321
201682397
201919989
202191523
202443414
202651267
202884217
203053840
203323810
203534354
203760538
203995396
204296315
204542463
204803626
205037207
205270155
205404907
205672609
205906958
206146057
206412332
206652212
206787802
207068094
207265915
207449557
207681688
207924978
208153586
208429655
208697433
208942571
209201752
209403161
209635131
209912020
210141400
210378283
210644688
210913677
211114282
211350558
211629394
211861729
212095072
212362581
212639060
212868234
213135855
213372029
213645197
213843580
214046552
214324960
214554853
214859440
215090725
215300280
215499933
215769786
215940037
216181070
216419509
216627184
216855404
217057126
217329891
217493391
217767381
218003699
218237848
218480666
218748182
218951683
219220814
219458717
219661038
219860947
220066684
220331063
220569579
220770407
220942019
221144543
221380445
221549402
221781570
221956482
222194083
222363857
222564323
222770911
223034590
223278591
223514074
223750370
223983605
224251447
224423277
224692323
224925699
225135275
225397608
225631432
225867756
226143168
226409379
226639841
226874739
227152717
227346991
227513657
227749014
227983666
228184004
228353832
228557659
228760686
228994631
229170808
229430848
229631037
229839480
230106879
230302949
230543037
230746254
230954276
231195524
231393213
231593435
231875850
232112271
232350389
232520251
232755413
232956578
233190996
233425351
233627682
233905515
234100547
234271156
234502900
234772480
234973629
235141942
235344760
235613310
235847100
236119204
236385744
236623528
236859693
237092505
237326252
237567981
237735244
237974688
238240949
238480704
