0
1904
6237
23472
40201
60344
74535
91561
107898
125031
142765
158666
175729
192723
209838
229324
244228
260786
277635
294563
311149
328296
345050
362561
379180
398878
413111
429594
446684
463721
480755
497563
514772
531929
549243
568731
583878
599445
616997
633959
650548
667686
684812
701971
718959
738584
753121
769524
786884
803526
820828
837745
854712
872013
889514
909539
923352
940289
957581
975072
991616
1009074
1669830
1838892
2009603
2178586
2266504
2467033
2637258
2804896
2925466
3027002
3179253
3331894
3500176
3638133
3737976
3907780
4042903
4145032
4281330
4381142
4471962
4587784
4672917
4757013
4942695
5045575
5166500
5247894
5336525
5435753
5622219
5742476
5915089
6015959
6119588
6235417
6438023
6527482
6659919
6813031
6897431
7050261
7133455
7220699
7324352
7477810
7679211
7815579
7950355
8106831
8191961
8292398
8383204
8478207
8651055
8755584
8902629
8984544
9072730
9203942
9340095
9440945
9532308
9667264
9837956
10025701
10128758
10229066
10383359
10552644
10640284
10809612
10961302
11063011
11147824
11315130
11447156
11598938
11760082
11934962
12038561
12213076
12349331
12466597
12570839
12657630
12774030
12864594
12948419
13068394
13152452
13237907
13337794
13472877
13642174
13727221
13811080
13912345
13997976
14083036
14237275
14346882
14466789
14556828
14670995
14807279
14909149
14992473
15095064
15234180
15333911
15435157
15535800
15620603
15707110
15793408
15949734
16030091
16198483
16300683
16402659
16504210
16638652
16761281
16876501
16995044
17165857
17332924
17438041
17536385
17705657
17809596
17895374
18063380
18188513
18296939
18469724
18618350
18737117
18831881
19017682
19101936
19203701
19305742
19407635
19509817
19647665
19783304
19955780
20107832
20226750
20330221
20449751
20540014
20673704
20762036
20949277
21087315
21264112
21416613
21562322
21710941
21846141
21932297
22049442
22152190
22241501
22389585
22544345
22663375
22765794
22884773
23018899
23121019
23308025
23410397
23512887
23700275
23783844
23887264
24041342
24227641
24315652
24504845
24710947
24828717
25032152
25115893
25269606
25372031
25455749
25594631
25781968
25901160
25990890
26087502
26256948
26358882
26443761
26613222
26719172
26821548
26938899
27025917
27134385
27257109
27341642
27428669
27518806
27672548
27789733
27879605
28033601
28185843
28287391
28373656
28458768
28611316
28696903
28865966
28967526
29053068
29157471
29248013
29326827
29483776
29603771
29722520
29875521
29960864
30045066
30133851
30218789
30338048
30442388
30557486
30643170
30743157
30862852
31048161
31150799
31256999
31425455
31560087
31713780
31812376
31927649
32049282
32132808
32286056
32408509
32562594
32732577
32901624
33095541
33185364
33335557
33456610
33625526
33816229
33917348
34070294
34273358
34410669
34596281
34739481
34924212
35083186
35239806
35443971
35632982
35791719
35976900
36165902
36387702
36593831
36727783
36829499
36993064
37080678
37197259
37281064
37454740
37625612
37792462
37877597
37980515
38150235
38294159
38440082
38585089
38753892
38870421
38991463
39118732
39208424
39409209
39584827
39703737
39821481
39956777
40093230
40232310
40401866
40544793
40645924
40780506
40921263
41050068
41154303
41273683
41413514
41495961
41598358
41767856
41927463
42109017
42290063
42466129
42583283
42701833
42870621
43008126
43193315
43381535
43535151
43687838
43876026
44018666
44219841
44390589
44540454
44685020
44835368
44968695
45143124
45332781
45486563
45590946
