0
10554
42275
85292
110469
141045
174043
208651
243375
275691
309954
345560
377997
420335
446024
475547
510466
545179
580673
610869
645608
678803
711263
751372
780465
811688
845425
882020
913355
947182
980046
1012328
1317063
1426923
1654766
1858628
2059903
2264398
2440326
2597339
2799212
2968133
3138212
3379549
3580133
3748686
3917067
4127608
4354460
4465359
4655364
4857246
5058352
5224201
5394848
5596270
5762851
5964910
6169244
6338153
6477591
6639544
6846733
7007398
7210234
7412014
7614227
7823452
