0
33081
62527
96263
129423
165030
196942
230008
265167
297897
332753
369728
398112
431206
465967
498240
534860
566939
600399
633352
667293
709362
733332
768633
801749
835296
870819
901454
935420
970223
1005988
1542320
1777112
1915169
2115167
2353223
2487481
2688544
2860546
3064617
3296873
3532669
3736926
3969496
4170667
4410456
4611474
4811753
5049627
5247465
5446125
5617362
5849562
6092327
6321662
6426335
6624439
6826337
7099389
7263294
7441793
7704980
7905027
8110790
8308054
8542543
8782625
9046723
9284914
9557430
9795270
9958660
10196164
10396244
10634952
10871410
11037938
11243202
11442528
11643022
11879707
12078622
12215167
12416916
12619055
12787434
12986676
13164113
13324778
13558174
13800289
13967954
14176506
14405144
14641752
14849395
15013012
15213289
15415492
15617802
15855356
16053292
16257040
16491966
16693459
16896702
17144191
17375469
17578287
17814423
18046907
18255071
18421817
18561410
18829167
18993356
19197005
19396817
19634694
19841389
20071554
20308306
20473199
20711116
20942985
21148965
21350354
21550961
21820736
21991832
22158537
22326800
22528021
22730405
22901158
23067774
23277602
23502530
23738484
23949153
24140667
24377287
24577030
24813487
25049227
25250067
25451336
25589033
25821364
26055085
26294313
26490616
26726105
26900376
27130338
27307643
27503579
27734922
27936689
28172332
28407484
28576656
28780461
28916180
29114099
29324040
29524886
29624861
29861235
30062688
30265834
30503987
30678518
30905214
31139469
31346214
31544198
31779013
31983442
32249495
32457928
32700863
32933354
33135795
33301467
33471090
33671297
33948224
34181955
34389236
34586126
34785178
35024073
35224521
35395114
35558915
35730756
35962663
36164288
36413268
36640377
36875750
37113571
37313426
37516091
37719365
37919481
38118621
38253672
38389122
38589989
38823865
39028810
39229209
39461947
39664887
39867147
40108367
40338394
40541856
40782035
40978943
41145183
41348379
41515381
41716928
41919364
42123408
42325794
42559682
42765783
42931675
43166896
43369888
43602724
43813868
44008524
44208332
44445883
44649284
44916876
45162083
45353130
45491490
45723573
45929396
46107222
46372231
46579109
46813525
47014765
47249459
47486390
47720584
47920912
48158575
48360777
48594146
48797717
48995084
49207943
49433147
49639485
49877338
50104174
50338158
50549947
50776272
51011347
51247936
51450619
51652604
51898022
52131621
52296730
52501238
52732256
52916572
53107973
53310995
53544872
53780251
54016142
54120444
54287851
54524870
54758306
54960358
55197254
55396013
55616761
55808344
55979794
56213022
56413433
56621160
56882488
57057905
57252340
57489127
57656870
57894858
58093950
58265674
58465630
58672041
58837475
59039762
59240736
59476177
59677488
59880610
60115971
60349121
60551233
60761610
60953754
61156542
61393557
61628700
61829143
62032493
62200566
62368742
62603320
62807101
63045944
63246180
63451112
63650372
63853395
64056600
64292650
64492189
64659530
64893016
65069603
65269588
65511396
65717853
65915198
66115029
66286641
66493425
66688760
66888821
67094283
67295133
67529003
67733436
67969157
