0
7243
39088
72483
107362
141030
175595
212830
241829
274690
308698
341753
375522
409018
443311
476459
511868
548458
575650
610457
644344
677099
712474
744740
777908
812291
848547
883682
913997
947508
980801
1014018
1720144
1922936
2089564
2291323
2529452
2659228
2762475
2963734
3097814
3298158
3468194
3700805
3938614
4142618
4272355
4475075
4644154
4845369
5045258
5150134
5315656
5521269
5685994
5888047
6022582
6189394
6287056
6423880
6594737
6793118
6992783
7229422
7463567
7663847
7868311
8033647
8275020
8470099
8611341
8738626
8946792
9144630
9346374
9581166
9816965
9986250
10152733
10391930
10590322
10823940
11059076
11261282
11494038
11695775
11899155
12132603
12369170
12606425
12842346
12985528
13178920
13379381
13582626
13814745
13951085
14150422
14251970
14453435
14660673
14822353
15057791
15293073
15527604
15697942
15864735
16133605
16346606
16510081
16684472
16844841
17018451
17248703
17454292
17689454
17920096
18056201
18288538
18390150
18590935
18726126
18895975
19063091
19263324
19471558
19667936
19900629
20074894
20209259
20410216
20510454
20647919
20813882
21059021
21249796
21490663
21620785
21827952
22089843
22325634
22526612
22695358
22868955
23104345
23279833
23448560
23650055
23917665
24021008
24255134
24490240
24624654
24767015
24994862
25228981
25435626
25631976
25870818
26071612
26272818
26472627
26639851
26899607
27146142
27372708
