0
31007
65339
96649
129407
166062
197308
230804
275225
300391
331597
365002
398638
434094
466390
502113
534240
569082
611146
635407
670212
701864
735343
771522
804951
837019
872016
904414
944935
971492
1004526
1173029
1408604
1612881
1845412
2046468
2254054
2455736
2657977
2858500
3062320
3369852
3535487
3768847
4039344
4311434
4512168
4711707
4951140
5147183
5282197
5482184
5668679
5900032
6136415
6366675
6539726
6738243
6975094
7211230
7445508
7685899
7916910
8158457
8391425
8592427
8830507
9033464
9163462
9373066
9533734
9770110
10009686
10243655
10475650
10679590
10915963
11182568
11416737
11617369
11854505
12124478
12362311
12596368
12827862
13031880
13263943
13466949
13704300
13938268
14172606
14344023
14510748
14747707
14944663
15178993
15418642
15622215
15822875
15991280
16192209
16366414
16561051
16780610
16979976
17248018
17417543
17648026
17884213
18057489
18288904
18522704
18695271
18895666
19136358
19335503
19566709
19779852
20013019
20215834
20451180
20689087
20921061
21163542
21358670
21596372
21731405
21900304
22136277
22335333
22570007
22776672
23013790
23251121
23454769
23653802
23862798
24091427
24292366
24532687
24731590
24972902
25174771
25372013
25609526
25848312
26081297
26315644
26553813
26822400
27019328
27230727
27394145
27627169
27859927
28095860
28298299
28469703
28668259
28910227
29175197
29407116
29676429
29923103
30154718
30357071
30560452
30810431
31016824
31255068
31425081
31691355
31895567
32127879
32364871
32498041
32731648
32936826
33171484
33439632
33674464
33875930
34078090
34324001
34520844
34687865
34855478
35063931
35298324
35530791
35699024
35866664
36105043
36311936
36544654
36776564
36988406
37185473
37357700
37522763
37721683
37922464
38125496
38294439
38529473
38730115
39002477
39166859
39378083
39608676
39880947
40015439
40249422
40484155
40725976
40885780
41089027
41327241
41562530
41763140
42002822
42232684
42411181
42606993
42872950
43081262
43278856
43515198
43751724
43949423
44151713
44355701
44594834
44794553
45039041
45270869
45406016
45611861
45844541
46080445
46249601
46483067
46660281
46894271
47138076
47364056
47533452
47733886
47969311
48168286
48407185
48674064
48907074
49114049
49346530
49581160
49749567
49949169
50156868
50319403
50558721
50760137
50991421
51127838
51329343
51502323
51730518
51973329
52173686
52402776
52609695
52845629
53041385
53281826
53534753
53759720
53995336
54203268
54397937
54543789
54735275
54976705
55211318
55407073
55611016
55778350
55987966
56183737
56351989
56518805
56720827
56923823
57156934
57357620
57565248
57795122
58005451
58167146
58345883
58546438
58779557
59026547
59260859
59492092
59707517
59901765
60135470
60377655
60505745
60739964
60948970
61153369
61356455
61558607
61825905
61992396
62196258
62430414
62668716
62899111
63171116
63412207
63608487
63754631
63989864
64219071
64490248
64724981
64961525
65197478
65442011
65674012
65902902
66140782
66346551
66576566
66710733
66979699
67214456
67414528
67614756
67816996
67953566
68152349
68388393
68558251
68725030
68928266
69132916
69332745
69533970
69734787
69904535
70107709
70340912
70551896
70754181
70989418
71259529
71508225
71737998
71967112
72178697
72413525
72609635
72811680
72982085
73191651
73425719
73691260
73924492
74173701
74408871
74616638
74853666
75127830
75357464
75570502
75773088
76042097
76256989
76491469
76688001
76889161
77124619
77359357
77560511
77796313
77997964
78231605
78506571
78701119
78904557
79140037
79342075
79545024
79745984
79979309
80215796
80349437
80554592
80752596
80959318
81196837
81358829
81565278
81765960
81976446
82168281
82369033
82572170
82774474
82991061
83219300
83383558
83654530
83857764
84095129
84333239
84498247
84671938
84866420
85033164
85271940
85503477
85705004
85912219
86082474
86317270
86551835
86787124
87026123
87223309
87426707
87565430
87800247
88009898
88210370
88411554
88580774
88814103
89055770
89291858
89561819
89798550
90073646
90236531
90436153
90643965
90874652
91108923
91344458
91616032
91883426
92125883
92337183
92596817
92864321
93133900
93301844
93569795
93840093
94073836
94349933
94613822
94852191
95087265
96237836
96506921
96746955
96922930
97173645
97375071
97951453
98115881
98956378
99186620
99386575
99597741
99766354
99971582
100166138
100269936
100502697
100704399
100908041
101108912
101342092
101578637
101781319
101956884
102182047
102386265
102586009
102857333
103056586
103258569
103458188
103626497
103794820
104007517
104166993
104301481
104472655
104677907
104904718
105106556
105310708
105518896
105732135
105981859
106191556
106394485
106568348
106772330
106970111
107171766
107406926
107609178
107775773
107979639
108182524
108385845
108625511
108790726
108993614
109226573
109465720
109699684
109901702
110139076
110371570
110610759
110847614
111085130
111389754
111623482
111861403
112101678
112367265
112566037
112832579
113073681
113303345
113479305
113710364
113909064
114117336
114314651
114514490
114753045
114962278
115229587
115498850
115711828
115878469
116083896
116319157
116517416
116727165
116964761
117200042
117436141
117700660
117904560
118107311
118339976
118539379
118775947
119011688
119189536
119383855
119619598
119864369
120125214
120323683
120533436
120799262
120997875
121264535
121540607
121773331
122007573
122213209
122409376
122612113
122846348
123047463
123283826
123520167
123791477
124025419
124262283
124430790
124663449
124907487
125171828
125407260
125606816
125877142
126078237
126317867
126521430
126721402
126953507
127192709
127410422
127678254
127925732
128191672
128494051
128733889
128977432
129237456
129507060
129773691
130044894
130323425
130549106
130783108
130993448
131223645
131465083
131702450
131935619
132173165
132439435
132681990
132882573
133118622
133358474
133587846
133788847
134057801
134226759
134472237
134637491
134737228
134973149
135207024
135447417
135645618
135780586
135985038
136217062
136452600
136689266
136891109
137124445
137326946
137566590
137739217
138005527
138271413
138506289
138745486
138975942
139177222
139378504
139615055
139849109
140088698
140357139
140558231
140768163
141061777
141299333
141533672
141735783
141969302
142171048
142447603
142712681
142950008
143186509
143430294
143594798
143832785
144068257
144304665
144502516
144738821
144939261
145174621
145415078
145645998
145858027
146095042
146336470
146573718
146709396
146976834
147212255
147413507
147682399
147871042
148035200
148270803
148438775
148707222
149009301
149277413
149480194
149687527
149953514
150154500
150391162
150592753
150793381
151027759
151238700
151498837
151700669
151907534
152135038
152438308
152676157
152942252
153181642
153415991
153590306
153820339
154025205
154231769
154463420
154696495
154938141
155104695
155368403
155572054
155808099
156076539
156351725
156589543
156822718
157064095
157266234
157499148
157672944
157945219
158177095
158413343
158616532
158784859
159019844
159291629
159559428
159797704
160067814
160310513
160509497
160743884
160979409
161179499
161413994
161615263
161791411
162056020
162290029
162491275
162758899
162999493
163198878
163437004
163715398
163875004
164123838
164360926
164629079
164842256
165001469
165238756
165483615
165758033
165984934
166224428
166457864
166727050
166959256
167203864
167440785
167632396
167802913
168043097
168218203
168379907
168557465
168788780
169023714
169257194
169493138
169728216
169899897
170144145
170368902
170601644
170839390
171073660
171210738
171483579
171645872
171882875
172051659
172319179
172553249
172789779
172992011
173193004
173393724
173604319
173797757
174034888
174237841
174474621
174674963
174910442
175118155
175349875
175584148
175820463
176055261
176301077
176531706
176727562
176872678
177100547
177339347
177546143
177776705
177991434
178222192
178451217
178688563
178893584
179057869
179229581
179492882
179726865
179969182
180173593
180407801
180611852
180843579
181047847
181280670
181447044
181693043
181927517
182154300
182365902
182557861
182724630
182936568
183161175
183396676
183631500
183901831
184101952
184304972
184507370
184771224
185010038
185244954
185478492
185647058
185880314
186082689
186316602
186552941
186787262
186988255
187222869
187459111
187697836
187828898
188029477
188262870
188499262
188740082
188975390
189240747
189438607
189675934
189841480
190084982
190282136
190548967
190787019
190999171
191227926
191462357
191699273
191866402
192010211
192203194
192370672
192539799
192739468
192909402
193142843
193349675
193580198
193795030
194026043
194259685
194464627
194632156
194839865
195107543
195345335
195613361
195819518
196059064
196252604
196490551
196728461
196930650
197070827
197264869
197505900
197748858
197948083
198149558
198383219
198585337
198718622
198953138
199194044
199429778
199633367
199873165
200107622
200272396
200507556
200709232
200941872
201146608
201349511
202496392
202700178
202936456
203103510
203303962
203511760
203673444
204182637
204411611
205188574
205420419
205586286
205787937
206026368
206198660
206393383
206630278
206831372
207031957
207134559
207335158
207503178
207704945
207906753
208107568
208341912
208552961
208712728
208914866
209115823
209350723
209559728
209785563
209989046
210158794
210392208
210533819
210733042
210908082
211104986
211306776
211506607
211708331
211878862
212079596
212215737
212416899
212551912
212722186
212889454
213092955
213228837
213464700
213701988
213900327
214100892
214304421
214473179
214641195
214876695
215047220
215246800
215450109
215650483
215884216
216086267
216258267
216490628
216757391
216994808
217200567
217433168
217640941
217870053
218070760
218299565
218502863
218703578
218942654
219141394
219376259
219579320
219744903
219984401
220187753
220426625
220630332
220865290
221099488
221232585
221441096
221640457
221843739
222009623
222246913
222519373
222686834
222924662
223125020
223361589
223595096
223833401
224036959
224273677
224508696
224711336
224976293
225246277
225479602
225651202
225863234
226098620
226363882
226530724
226735529
226969656
227206553
227447601
227679652
227883768
228131395
228356528
228589756
228826126
228994641
229229619
229495965
229629855
229867523
230102201
230370465
230605034
230873606
231108661
231309965
231545182
231748540
231947357
232160099
232388283
232621392
232854985
233025360
233163189
233393608
233633529
233850739
234083024
234349893
234549146
234786040
234987588
235256746
235460460
235663071
235927060
236165636
236431375
236668132
236874267
237072510
237321251
237562199
237790248
238026926
238232269
238395272
238596233
238835895
239101294
239339891
239580830
239844048
240080024
240318842
240591159
240823523
241022682
241223705
241456575
241727631
241935601
242095987
242333076
242566334
242733474
242903924
243170305
243409830
243643051
243844132
244014495
244216422
244455162
244651297
244856442
245057262
245258892
245424239
245634054
245899985
246134677
246369974
246605330
246840686
247044480
247279830
247546517
247780602
248016996
248254816
248488475
248724000
248926427
249089694
249334706
249530336
249762561
249966010
250198388
250371457
250641211
250841641
251013803
251246500
251452699
251690215
251818303
252053485
252287609
252521843
252722721
252962916
253198246
253433901
253599015
253834813
254069381
254271214
254507081
254714791
254978799
255213606
255451140
255697765
255863759
256034125
256269522
256501988
256673363
256872907
257077370
257318744
257530257
257773889
258008728
258245803
258380683
258579327
258852588
259059365
259290158
259560752
259800906
260036971
260273240
260505573
260743884
261012932
261215310
261418509
261652673
261852848
262091096
262291287
262527702
262695287
262929691
263172225
263414820
263615448
263864461
264096961
264370997
264635929
264835523
264977204
265210732
265407481
265653025
265842872
266079002
266321602
266563724
266826522
267056748
267194284
267424211
267668303
267905554
268163854
268397552
268633639
268873801
269110140
269312199
269547340
269780937
269988521
270189591
270422613
270625098
270831990
271066722
271279334
271512807
271722062
271956239
272185707
272420083
272591083
272857066
273112076
273421897
273654967
273882968
274094492
274354811
274590510
274857966
275105754
275336599
275565285
275779049
276007305
276274436
276505098
276787185
277019476
277249577
277483763
277755725
277993664
278260005
278529375
278705000
278972830
279271105
279507395
279728153
279919206
280088288
280328338
280560911
280839600
281100399
281337659
281603612
281874792
282141480
282377450
282679838
282913759
283149678
283317059
283552570
283819912
284068329
284346305
284583108
284817715
285055038
285322039
285569623
285735027
285974709
286255890
286489703
286754943
287054230
287291787
287503345
287760496
287995251
288270985
288511184
288770423
289039938
289290361
289523914
289786196
290054501
290225275
290492959
290760892
290996447
291234207
291467800
291702195
291945602
292180032
292416387
292659824
292854574
293123307
293358246
293593480
293860554
294128548
294399526
294680165
294835550
295072045
295305845
295475642
295709399
295947502
296248857
296481871
296724278
296964001
297189377
297458332
297762257
298032451
298343266
298545537
298757396
298992618
299182305
299423969
299662841
299894576
300163373
300342884
300571818
300806319
301055341
301289804
301523791
301802443
302064378
302264427
302532509
302807028
303002428
303240123
303506226
303775131
304052670
304279458
304547892
304782989
