0
31202
65250
103145
132635
165079
204592
232735
266378
300571
335372
368287
402801
440041
467619
502213
539682
568835
602683
635595
671224
705363
737598
775697
804464
839093
877043
904749
938606
971809
1006562
1308087
1510949
1714721
1945422
2182299
2385256
2554201
2719074
2952202
3156274
3390769
3561469
3758050
3898761
4132573
4328286
4497736
4703690
4836726
5007429
5244415
5480315
5710733
5946146
6153456
6382995
6550573
7344909
7580523
7784302
7948297
8355964
8595680
8833604
9070548
9343321
9621520
10064794
10299656
11072008
11306788
11507275
11754868
11949046
12182309
12428502
12652697
12885960
13155155
13358166
13559063
13774110
13962863
14196337
14440813
14671304
14872980
15074393
15275854
15514969
15713000
15954463
16167048
16433916
16635203
16902524
17172869
17447163
17657614
17928859
18095863
18264018
18399869
18602507
18849070
19071961
19308370
19576925
19853229
20082625
20283578
20492400
20692970
20927945
21097005
21306798
21546963
21742272
21919509
22256504
22532086
22798216
23042193
23282960
23590926
23856613
24154806
24463809
24667843
24840853
25137661
25448774
25747828
25983122
26219497
26486962
26723443
27023222
27260369
27528386
27764253
27998669
28306019
28535670
28737292
29005479
29276713
29547820
29781092
30014238
30216401
30491454
30761760
31061911
31338868
31633569
31969056
32202839
32471409
32641552
32809925
33030889
33257993
33531006
33800090
34100424
34376907
34605470
34775309
35054350
35349323
35619301
35820900
36061649
36289668
36596618
36901715
37177557
37426826
37721664
38058350
38438617
38782810
39057014
39359043
39626514
39929415
40169615
40439267
40746850
41055100
41289535
41525633
41763917
42031729
42333440
42667685
42900838
43105553
43371815
43642944
43866494
44126638
44396575
44666164
45001021
45340931
45575356
45885794
46147716
46449382
46717130
47020963
47291688
47592952
47867099
48203243
48367404
48603372
48836951
49106266
49343608
49644934
49864825
50164341
50342248
50642729
50910821
51146381
51449770
51682857
51959942
52256514
52490097
52791682
53062903
53301845
53566545
53873121
54172877
54376741
54654956
54923891
55153147
55353740
55625723
55895834
56162303
56429781
56697319
56972256
57207750
57511536
57778295
58080497
58361035
58627490
58993953
59297950
59564460
59798484
60133623
60376757
60639203
60938062
61249405
61517177
61791348
62127386
62370190
62571020
62807662
63010928
63210223
63446000
63685827
63917125
64152407
64387129
64621578
64866016
65108670
65370558
65636068
65905329
66138861
66341770
66576029
66877799
67119354
67384921
67649809
67987734
68288141
68560092
68860980
69133796
69332252
69600259
69833823
70072330
70371325
70647905
70886540
71166324
71506598
71766568
72003044
72282379
72543665
72810403
73078998
73382014
73582382
73885605
74155405
74421127
74532225
74690156
74893515
75093251
75314328
75551870
75812390
76049446
76223186
76386982
76589864
76856909
77124360
77331848
77567183
77761611
78005051
78165313
78400058
78584328
78808914
79021480
79356783
79624384
79939060
80234973
80438098
80771497
81049335
81344181
81580457
81849158
82086600
82321564
82595762
82896694
83203608
83506297
83807919
84090462
84428206
84686254
84999530
85191965
85528787
85837456
86112546
86446891
86710773
86945277
87247336
87556991
87799153
88139870
88381411
88611808
88913920
89166208
89426630
89629269
89897332
90197906
90433352
90702184
90936875
91138541
91515949
91931713
92176151
92511968
92746023
93083616
93283398
93561435
93799893
94070661
94347386
94584010
94845097
95156394
95449387
95714535
95983046
96267879
96501047
96763311
97063152
97299156
97435260
97702587
98016073
98294584
98631299
98889239
99125159
99426138
99692894
99939672
100144395
100443985
100751451
101086928
101355485
101665964
101900937
102196058
102429654
102674122
102934769
103210884
103547570
103781333
104087037
104465069
104769982
105102559
105307015
105575432
105841481
106115001
106459029
106730879
107073130
107375188
107846437
108223958
108596384
108968902
109234911
109583902
110027728
110430783
110768172
111172482
111516697
111858336
112117741
112490184
112804698
113119621
113477957
113791345
115500541
115907676
116564384
116837076
117187670
117395173
117671313
117843532
118291013
118558321
119304733
119469107
119667952
119942544
120084005
120320951
120545581
120786517
120953555
121221845
121424409
121669738
121860973
122127864
122396735
122633070
122866317
123067887
123354288
123577888
123817801
124066927
124311373
124510409
124679729
124919452
125187455
125398987
125628339
125838005
126036040
126202560
126437440
126571038
126814810
127094702
127321172
127555455
127827283
127998461
128132493
128369044
128605191
128840294
129075285
129278295
129510933
129685070
129855352
130020136
130257258
130563354
130900525
131168908
131479044
131712172
132050768
132322316
132619488
132828607
133094576
133361562
133563522
133765889
133997396
134233920
134504627
134748362
135018044
135192917
135454001
135723515
135992235
136198820
136470554
136637230
136885180
137084852
137358495
137695738
137999099
138204491
138522062
138856428
139057327
139265369
139458696
139661127
139899022
140101945
140368684
140610940
140909526
141243359
141415924
141693381
141862810
142221364
142462424
142769039
143071225
143345339
143540721
143814326
144182083
144456253
144792376
144993153
145238943
145505162
145742771
146009374
146177877
146482894
146720823
146951977
147222484
147536823
147768691
148080376
148276183
148574126
148811312
149092127
149324052
149657948
149858538
150107676
150365076
150637499
150903001
151138678
151340537
151576066
151883655
152129711
152362128
152659275
152893689
153161026
153432909
153666099
153935594
154236093
154413202
154650728
154821084
155087563
155354411
155654985
155959675
156167296
156401817
156674050
156944317
157194694
157491561
157728601
157934995
158207548
158508376
158808114
159109838
159311988
159585608
159860450
160126419
160424949
160629008
160843484
161112797
161312722
161590291
161853833
162118952
162385454
162653674
162930753
163160384
163496265
163766404
164066675
164404248
164710063
164911532
165247947
165516453
165784639
166090059
166295450
166657456
166895193
167094561
167329858
167635397
167867508
168068838
168375499
168681435
168990381
169257211
169558848
169726963
169962260
170208551
170509984
170683744
170877112
171179893
171414876
171691702
171986328
172255017
172502188
172734829
172973419
173204761
173516401
173686013
173989479
174223626
174523686
174803683
175103903
175413000
175712288
176048502
176383429
176686329
177023241
177299226
177528923
177828595
178069996
178336415
178606755
178869305
179118132
179412610
179748278
180021790
180322199
180570468
180840164
181151587
181482591
181710505
181979215
182213364
182488244
182648747
182925716
183121437
183353287
183597636
183838959
184065417
184371947
184639670
184847605
185143173
185518207
185819853
186123229
186399340
186643447
186947567
187185065
187487669
187753601
187999362
188259354
188569364
188863373
189164003
189366731
189679802
189833949
190137458
190474511
190741261
191018990
191311149
191589709
191784928
192085793
192365386
192626428
192864722
193201412
193505606
193741093
193951169
194216118
194425015
194660626
194794313
194996921
195231503
195467087
195708062
195913848
196146035
196383503
196660572
196853532
197157446
197439750
197676171
197869924
198108988
198350686
198574309
198876289
199117898
199315300
199548177
199850723
200130103
200389536
200631056
200932326
201200744
201572583
201839158
202213336
202585476
202831757
203165051
203459185
203660346
203929271
204196925
204511232
204803856
205039306
205308139
205543125
205810912
206118989
206321910
206531477
206794943
206996711
207203190
207436773
207599260
207876920
208115322
208307800
208558957
208899013
209156914
209392957
209594777
209833069
210102266
210334655
210575247
210811224
211073111
211275582
211583798
211881002
212157478
212417929
212651499
212930525
213264448
213526243
213763353
214027921
214329957
214704438
215006158
215184224
215449768
215683319
215960411
216197739
216458040
216691144
216926065
217094017
217328828
217666085
217904507
218239798
218611281
218887096
219161715
219464359
219676004
219969270
220247230
220471293
220773608
221023589
221355286
221517205
221749989
224029910
224403867
224634190
225030470
225405934
225722289
225993130
226261812
226741824
226967189
227746918
227873166
228012514
228278267
228515808
228726578
228957612
229195124
229400009
229597996
229832430
229966874
230201946
230451414
230640249
230841604
230976742
231145193
231344216
231512243
231714250
231948841
232128112
232350809
232499898
232663360
232864397
233065871
233208757
233343285
233490291
233679103
233879584
234116809
234351964
234557246
234834176
235000406
235210647
235447749
235647749
235782312
235919343
236121306
236293326
236492644
236630282
236828848
236993895
237229768
237457245
237585961
237822166
238056405
238240177
238501822
238704182
238912102
239108863
239378370
239644509
239880106
240151716
240393409
240600442
240825936
241073500
241283585
241452000
241556018
241789111
241989513
242194273
242394605
242600264
242846159
243118585
243328224
243524891
243759524
244028624
244267675
244432380
244670872
244939559
245136946
245350479
245546453
245813979
246083797
246357963
246585896
246863661
247036520
247302851
247502991
247772211
247972656
248242976
248445146
248680070
248882838
249060323
249291424
249559356
249829358
250030328
250266204
250440513
250678208
250911187
251145920
251421340
251649933
251816493
252021403
252219276
252426585
252691952
252857181
253062458
253269073
253469593
253707006
253973627
254210089
254379943
254614641
254847066
255016725
255252045
255458902
255690208
255857081
256025584
256262500
256470985
256702041
256902233
257141428
257306423
257579388
257847200
257981445
258153841
258351085
258625753
258833924
259096095
259336758
259571247
259811401
260045965
260281971
260528010
260789040
260989773
261199394
261429536
261695614
261930643
262171245
262402866
262602099
262809260
263042317
263242681
263477672
263645346
263884172
264083225
264352415
264525954
264723312
264989985
265160713
265428823
265661793
265831450
266102757
266341517
266609373
266778331
266922655
267084080
267282474
267484652
267725305
267957186
268160431
268362500
268532182
268831249
268999474
269284578
269546521
269780090
270046624
270249125
270391460
270592081
270861672
271066505
271314248
271515966
271750292
271919205
272151632
272420390
272624246
272861435
273006720
273268542
273538668
273772450
274012922
274247870
274447056
274689931
274919873
275123108
275255314
275490798
275698278
275932535
276198616
276401450
276600934
276802636
276972143
277206839
277442622
277678830
277912041
278149334
278424098
278731795
279031028
279233210
279501263
279741378
279969872
280172084
280341931
280541486
280810244
280946299
281186418
281431191
281659906
281927941
282131621
282333034
282579936
282786335
282982327
283186702
283421023
283587210
283820732
283993616
284223903
284466099
284664210
284829518
285066113
285268605
285533966
285737660
286005142
286239032
286443648
286642245
286819421
287049041
287317602
287503163
287727040
287894203
288130768
288332686
288610397
288806750
289074181
289351615
289624253
289824199
290092142
290301211
290595701
290873971
291137177
291471754
291706895
291945636
292231576
292455997
292726701
293002519
293199718
293434174
293701979
293971886
294247993
294476156
294779644
295046375
295359453
295652891
295890451
296155969
296389792
296599398
296760569
296966015
297132240
297334246
297610671
297804029
298050162
298248977
298483325
298724029
298965321
299188371
299463584
299766356
299939061
300169926
300437653
300654755
300925849
301225365
301498232
301703060
302013387
302240833
302455139
302791285
303087696
303368955
303596696
303862738
304097821
304266778
304535586
304844713
305060052
305289107
305559032
305834544
305961997
306167810
306366742
306635923
306802045
307079531
307341971
307576635
307813769
308048943
308287891
308530014
308731743
308998570
309212849
309471417
309640680
309807889
310114084
310377266
310644392
310812500
311081269
311314862
311563011
311797011
312055671
312291627
312526923
312763559
313065623
313332288
313601693
313908573
314158785
314319802
314556612
314834917
315091403
315329667
315600723
315866627
316034295
316178445
316402724
316613851
316873635
317076239
317291969
317522240
317749233
317959236
318159936
318392716
318636564
318875322
319138637
319379015
319652971
319892463
320155093
320333669
320567674
320829179
321001894
321238360
321466556
321702519
321971630
322246950
322509495
322742283
323031365
323267517
323559491
323861734
324096730
324368095
324666552
324941519
325170900
325477696
325680642
325958022
326219510
326519750
326789626
327025664
327313034
327548724
327855719
328059173
328362976
328672982
328966463
329233127
329535326
329807374
330043093
330313603
332384446
332655085
332925105
333420008
333678388
333888097
334151367
334363958
334585038
335102949
335324858
336108553
336330622
336531727
336784378
337005364
337207653
337465955
337661395
337933117
338169556
338437988
338685027
338913068
339192689
339458498
339761425
340032390
340462450
340674428
341025322
341358001
341572473
341837411
342115976
342392969
342726892
343033582
343284508
343615467
343906709
344161081
344467049
344743028
345108621
345380853
345654771
345959568
346227467
346479357
346750646
346997098
347290304
347624434
347964540
348265925
348642922
349010919
349395718
349667093
350097237
350401713
350745984
351108374
351478910
351878716
352181262
352518790
352830078
353197241
353640369
354009784
354383069
354740347
355107013
355483042
355816275
356150804
356564099
356900812
357195863
357465195
357732740
358071244
358373438
358708748
359008418
359278455
359550996
359816566
360117261
360320899
360594852
360824802
361126407
361397491
361637666
361908679
362179851
362447393
362745911
362982766
363257889
363569094
363805629
364078899
364380500
364750118
365120400
365424695
365791211
366164861
366471287
366812331
367144966
367418386
367785481
368120642
368492895
368896726
369204846
369540935
369910779
370283508
370622508
370996909
371294197
371637491
372012537
372313342
372649375
372952210
373287597
373555123
373859708
374196808
374563596
374901855
375234718
375583132
375921562
376229945
376498719
376775697
377077408
377384841
377689973
377997686
378302409
378617584
378926925
379228596
379540995
379882995
380218420
380553930
380898426
381233901
381497704
381833971
382170018
382507888
382848242
383188693
383492951
383841109
384213813
384514916
384850996
385189925
385491266
385761766
386063565
386374640
386651380
386881326
387123483
387458423
387828773
388097391
388399876
388702410
388974263
389208315
389444213
389685746
389954846
390217065
390486693
390753984
391032222
391263469
391497648
391766795
392004257
392237824
392472723
392713914
392984897
393251326
393519476
393760693
394072572
394339764
394636309
394872359
395105670
395377717
395581269
395844972
396114138
396350009
396651885
396954304
397198382
397460563
397695247
397998973
398268271
398548611
398813655
399084159
399385746
399653657
399902033
400135455
400400700
400692198
400937252
401172486
401444790
401712219
401961007
402216784
402486515
402789314
403056448
403303106
403567594
403873495
404171144
404403328
404648096
404946193
405152861
405425523
405669529
405901828
406198908
406499637
406737077
407039037
407275672
407544453
407780480
408116239
408418001
408666585
408943648
409204466
409438811
409716410
409977795
410210684
410411344
410732020
410929838
411196557
411500062
411767316
412045327
412284027
412584333
412851452
413022157
413221665
413457890
413690817
413892112
414162619
414397065
414601163
414847025
415046818
415316091
415583369
415818782
416059274
416260853
416495006
416803152
417040601
417266620
417481385
417710484
417973424
418206637
418442050
418677288
418878454
419114957
419388822
419549870
419724071
419885529
420066220
420262947
420507922
420764841
421034581
421233753
421436411
421671137
421905934
422040478
422279152
422546901
422814073
423053238
423358659
423626318
423870418
424064003
424265773
424541576
424736260
424935624
425139760
425374522
425606729
425789533
426127063
426464707
426757316
427025782
427262538
427433481
427813151
428070837
428339135
428673512
428941666
429211604
429490299
429714457
430015342
430335171
430567011
430846454
431075585
431355554
431638598
431903970
432108453
432378696
432611582
432913831
433184020
433451566
433760158
434060832
434346720
434643764
434881786
435095160
435297201
435534888
435733083
436043342
436339806
436675144
436957163
437287871
437622467
437959038
438295152
438656484
439024214
441025672
441428386
442051239
442358667
442624076
442885740
443059457
443287624
443727696
443994657
444740462
444931816
445078591
445306197
445476006
445679434
445943410
446152382
446396535
446634951
446866523
447144153
447342716
447647450
447927701
448254360
448524405
448760491
449063205
449297767
449535656
449816588
450009990
450210761
450418297
450647101
450850773
451088563
451330378
451562363
451763852
452033867
452267901
452542048
452810061
453079317
453387585
453590578
453937803
454167716
454474897
454709773
454947526
455116272
455315356
455653523
456025744
456396921
456703995
457002920
457307733
457585550
457810107
458115098
458381355
458685144
458952855
459262021
459557275
459831362
460142220
460445353
460713734
461015001
461315013
461586995
461893105
462159959
462429409
462731015
463034663
463370468
463646885
463943929
464245055
464543970
464847493
465050701
465328621
465593545
465858553
466160310
466334612
466634708
466967933
467311345
467685506
468029900
468159162
468458253
468730627
469041586
469337855
469640625
469905121
470208929
470544543
470810952
471079601
471390473
471688866
471990137
472290371
472595925
472866636
473168637
473411996
473679904
473942753
474210077
474581712
474918988
475266357
475567043
475871804
476173565
476510014
476788855
477050699
477351210
477652919
477956138
478291190
478593891
478896091
479230604
479486569
479782700
480119416
480420165
480723293
481060002
481293960
481594929
481901821
482239479
482512788
482814310
483014254
483355351
483660861
483961942
484264074
484567799
484874456
485213731
485476089
485743385
486134897
486437805
486740449
487013756
487255487
487554441
487856457
488194553
488459824
488795724
489072816
489414101
489726036
489969640
490268065
490569273
490867906
491172033
491474678
491775998
492042114
492328625
492668887
492930346
493197727
493501165
493699988
493939294
494274759
494646426
494947900
495182616
495550214
495853202
496129688
496432438
496709827
497009662
497175880
497445069
497745531
497982447
498252942
498492740
498826441
499131187
499405316
499704439
499970768
500205034
500544342
500878379
501146892
501422687
501697337
502037696
502303960
502577860
502914437
503215656
503517011
503825771
504097005
504431308
504738752
505036285
505390079
505659241
505993941
506266083
506604621
506843265
507180484
507474291
507813036
508079944
508380507
508649424
508857692
509086664
509224460
509489516
509656188
509865497
510096787
510364388
510539955
510767068
510976342
511145782
511326592
511561216
511784553
511993087
512154025
512358678
512530869
512699273
513007168
513245948
513476680
513717605
513986235
514222742
514389257
514559370
514794930
515064091
515231575
515436965
515683502
515958684
516152481
516323841
516522355
516759604
516927046
517127440
517302168
517564728
517797999
517974401
518167988
518313229
518505731
518706453
518943169
519209473
519450503
519655952
519888697
520155819
520431200
520678699
520907855
521115439
521278087
521512658
521746934
521982929
522184745
522386077
522552495
522798890
523056662
523293117
523469653
523668006
523937606
524207444
524444929
524681059
524955760
525162024
525326419
525627988
525897122
526132825
526365808
526600863
526868796
527105358
527339843
527514459
527752041
527977159
528187658
528426154
528686534
528922736
529199783
529432775
529697431
529963881
530204050
530440534
530669864
530883391
531145541
531379484
531654338
531894027
532134040
532360693
532594819
532864328
533067562
533334112
533602496
533812903
534039015
534340660
534584625
534816936
535046461
535262619
535522083
535729193
535995221
536298163
536568127
536768638
537011134
537313260
537521293
537750163
538017299
538228928
538463280
538699032
538900809
539170117
539402569
539672551
539906644
540144565
540416374
540718939
540953994
541189657
541357202
541564750
541728449
541963888
542131608
542299526
542432519
542672156
542868854
543070713
543307137
543544030
543791851
544038975
544270873
544465382
544710009
544944416
545208899
545443201
545676893
545847432
546054340
546319558
546555676
546727824
546891847
547067376
547262686
548617454
548887222
549034037
549238588
549467285
549672574
549876115
550316134
550479757
551326210
551549641
551754248
551958233
552158621
552292967
552492520
552696994
552930712
553131090
553300177
553473018
553608114
553776148
554023477
554256519
554391561
554559444
554794759
555046112
555269946
555503960
555673187
555873322
556014980
556242576
556447621
556615599
556820494
557065386
557288974
557493075
557626803
557797903
557960446
558196405
558432702
558565099
558701867
558903614
559108824
559305929
559507512
559747830
559943063
560190465
560390589
560623407
560792258
560997873
561161375
561396022
561630976
561837738
562071288
562339326
562608152
562842244
563055084
563324226
563556810
563797753
563995344
564230363
564399813
564632525
564868470
565072346
565239192
565506868
565708643
565912605
566151227
566419293
566652635
566824903
567053206
567323559
567500998
567727443
567960657
568199610
568400367
568604528
568740576
569042017
569276240
569480968
569649320
569882358
570083209
570252985
570493477
570694320
570928887
571167494
571370660
571573166
571809428
572075726
572309563
572517806
572750780
572982570
573187970
573386092
573657314
573858390
574057265
574292204
574532817
574799253
575033410
575271007
575537047
575705259
575939610
576177597
576344623
576544927
576714443
576919858
577155641
577357696
577624936
577942714
578175183
578374510
578583878
578751313
578960812
579152906
579390545
579522795
579726340
579994403
580196212
580397766
580636555
580870953
581138092
581338879
581609016
581911578
582183116
582384526
582621280
582824990
582997004
583158971
583359628
583528388
583728687
583932440
584165039
584401715
584569355
584803799
584973699
585206340
585442193
585682450
585946355
586150535
586353854
586586681
586785490
587025418
587255624
587489609
587627334
587832574
588066801
588234835
588505113
588672579
588840280
589077400
589280058
589481134
589724647
589956111
590156486
590358854
590629550
590928469
591165399
591407194
591570471
591804132
591977895
592089926
592320697
592555143
592791174
592995860
593198472
593436994
593703730
593970278
594173319
594376783
594578644
594788903
594983674
595124529
595319902
595619632
595856774
596060720
596228084
596429691
596598285
596803288
597068563
597236099
597475876
597708450
597974481
598210356
598380456
598647944
598848389
599085719
599287160
599554086
599793420
599995259
600196951
600396792
600668037
600950648
601251556
601455457
601689544
601863542
602162986
602360526
602563028
602764854
603006825
603214082
603442484
603611222
603845550
604012682
604247669
604486588
604718175
604918765
605121766
605291701
605461869
605660943
605901546
606064173
606335854
606538388
606737734
606911352
607108768
607344153
607611889
607848095
608117047
608285143
608521639
608794592
609064481
609274370
609535056
609769561
609944507
610174116
610340200
610576780
610774937
610955046
611156762
611403202
611635318
611869252
612150512
612330156
612521439
612721239
612959495
613232693
613441685
613567644
613838056
614082164
614247305
614455342
614693027
614887429
615129937
615364194
615659530
615801753
615962730
616162085
616399515
616634171
616901910
617069917
617309360
617574210
617817869
618016825
618216990
618498492
618755894
618957754
619165548
619403897
619598525
619899095
620104716
620371520
620672615
620876708
621149810
621387060
621588103
621802000
622135633
622447906
622637914
622909005
623147787
623417231
623685919
623918830
624155405
624389667
624602801
624915499
625151716
625446071
625714159
625924866
626084981
626354607
626598029
626839145
627064721
627331453
627567401
627770979
627985601
628221027
628424490
628737035
628907948
629109300
629377667
629613568
629888881
630083544
630334559
630567280
630865856
631134436
631379675
631651222
631853544
632056923
632370289
632571353
632841379
633309482
633586789
633891085
634194543
634494738
634745899
635042980
635333771
635596784
635871060
636113958
636353995
636577492
636849841
637126347
637388032
637625358
637800359
637994463
638296228
638498811
638766651
639003043
639205080
639411299
639640758
639875369
640117804
640390353
640619994
640829463
641023726
641257742
641460708
641696967
641931284
642174005
642368408
642604720
642857490
643067224
643302242
643569552
643843841
644117747
644313285
644526209
644696546
644928964
645197321
645399359
645575109
645735023
645970706
646243508
646485030
646780722
647046082
647298744
647531589
647768471
648036569
648280851
648516109
648776546
649012651
649288289
649552634
649822792
650090044
650392404
650660262
650873579
651132415
651401169
651662511
651928355
652159999
652431264
652696436
653005261
653269127
653504957
653703840
653977121
655251905
655613813
655872391
656139014
656412064
656959224
657183465
657964200
658229208
658490247
658725783
658994126
659264820
659441766
659650764
659910608
660146029
660387302
660674763
660896892
661134410
661402117
661609903
661805907
662044182
662275331
662545005
662778395
663048880
663293880
663528087
663796417
663997684
664233205
664469146
664709535
664938681
665206993
665410083
665722284
665884439
666129683
666362851
666609209
666918840
667187620
667475032
667672792
667969458
668239498
668522559
668785203
669086454
669561790
670023391
670392338
670726869
671063658
671366877
671703420
672026461
672332953
672680542
672981583
673256118
673534956
673868779
674174432
674482305
674785460
675120974
675426045
675695444
676039936
676306129
676642618
676948899
677251916
677582171
677919819
678259259
678595940
678932742
679210463
679545168
679849122
680184200
680429944
680762243
681124967
681502985
681839428
682175119
682478284
682813821
683153276
683499462
683835051
684138511
684379644
684653308
684986883
685260252
685563812
685898769
686236927
686606277
686909770
687313920
687614836
687915423
688287843
688663214
689006220
689377691
689645701
689884122
690157669
690424252
690696110
690964684
691237963
691473825
691705836
691973905
692243974
692515803
692747434
693056297
693356474
693623532
693926659
694206933
694483175
694730058
695037464
695313992
695615748
695949933
696286095
696659248
696993685
697335443
697577452
697948047
698215170
698514671
698781686
699050996
699385855
699689464
700005189
700316754
700588992
700892618
701227168
701537694
701848217
702114026
702456711
702767981
703040825
703338581
703711997
704014006
704316758
704583579
704851128
705153681
705492027
705893475
706198252
706501643
706841825
707192187
707492638
707795294
708105974
708446732
708714511
709059922
709365385
709702300
709976749
710308948
710583182
710957309
711259124
711597062
711896028
712172021
712470565
712776812
713045721
713359651
713672351
713950625
714286946
714560119
714826864
715128635
715499933
715802225
716106205
716475100
716817793
717218968
717528435
717828744
718098438
718378609
718716990
719048868
719311647
719548176
719849932
720118181
720352297
720628092
720889159
721195450
721465581
721741849
722036746
722279908
722546638
722851272
723097165
723363366
723629375
723865004
724166882
724447556
724744276
725018232
725323807
725524774
725804392
726039491
726270822
726537280
726819143
727052373
727316614
727585715
727899370
728179886
728445433
728757430
729015172
729251493
729488116
729721797
729955806
730226503
730442059
730664725
730906083
731176399
731413647
731724279
732024977
732259106
732496600
732807237
733034530
733239728
733479088
733739337
733939491
734207968
734482063
734748590
734983635
735261432
735553959
735857571
736092952
736325217
736603616
736862780
737131867
737400385
737669624
737943958
738240574
738524783
738796701
739096017
739398157
739641557
739936127
740238900
740518524
740789438
741057419
741338140
741573108
741865357
742132709
742435072
742684275
742929025
743117845
743321756
743599124
744057483
744267610
744495582
744765563
744940321
745101185
745379618
745640123
745910384
746115016
746351912
746553620
746820293
747088156
747298252
747525693
747792671
748034683
748269741
748537983
748772884
748942433
749081576
749276339
749477901
749651679
749879534
750118132
750388078
750623994
750857636
751100706
751363258
751531285
751773324
751970239
752170741
752446461
752644481
752912720
753078778
753315829
753582234
753789762
754024200
754288477
754555950
754823469
755031822
755263222
755472724
755666441
755899318
756143497
756303928
756538280
756772700
757046783
757310353
757544909
757718832
757914024
758153864
758389509
758652699
758922618
759169655
759405633
759667378
759906020
760179840
760377993
760643823
762625301
762927833
763167306
763519431
763757919
763957530
764196067
764361212
764593815
764766490
765208582
765433068
766210465
766404901
766649273
766853017
767063372
767296871
767532927
767770450
768003067
768476206
768675449
768809317
769013130
769254934
769415478
769651963
769885602
770054941
770290716
770531545
770801028
771107545
771407280
771643110
771881607
772043855
772247882
772487220
772750862
773019399
773259063
773533616
773834462
774175740
774408608
774650212
774883214
775117612
775327221
775597671
775862318
776100875
776401195
776673227
776921381
777226112
777632418
777898892
778167272
778517294
778726718
778994263
779294623
779563241
779912102
780221982
780558706
780896095
781233193
781571730
781844504
782120975
782349946
782650547
782929600
783156900
783393371
783695344
783963179
784197244
784544853
784818463
785162761
785496357
785796314
786032095
786270332
786509820
786742116
787009613
787312376
787613930
787816587
788060383
788295462
788535658
788869099
789136789
789404712
789739215
790006086
790223973
790520132
790858185
791173537
791437952
791676122
791950699
792268240
792574070
792911010
793218960
793557590
793755050
794023943
794263355
794430411
794661360
794905448
795168573
795434748
795647633
795810485
796081654
796452931
796753866
797125328
797443252
797804685
798071907
798347127
798683497
798948606
799284817
799583689
799821175
800123265
800456809
800589970
800860798
801111150
801345854
801612101
801916310
802151171
802418090
802759947
802996503
803366629
803739052
804036430
804374128
804808615
805085425
805421977
805683040
806053716
806319754
806587561
806889555
807100319
807399575
807669868
808001979
808240183
808508135
808796793
809095381
809408018
809707740
809976614
810284408
810585543
810829620
811165777
811395609
811731414
812000706
812373664
812638631
812980393
813187796
813481491
813750304
814087652
814423105
814759562
815092887
815336566
815678316
815946341
816290993
816569801
816798369
817063493
817300518
817577425
817910482
818178135
818476207
818744364
819049191
819348083
819649184
819924767
820225859
820562641
820827950
821095732
821400229
821677886
821952976
822182831
822416300
822648749
822960418
823255756
823523289
823793862
824130420
824402713
824737203
825038077
825279013
825489111
825786309
826048666
826324612
826584138
826886283
827221946
827525317
827764133
828009801
828343260
828570462
828909292
829210336
829463108
829725264
829991293
830223968
830473738
830808555
831045729
831337703
831614790
831885794
832175165
832510566
832772297
833045064
833282074
833580619
833859640
834119463
834457767
834771320
835063173
835363839
835699764
835968247
836237161
836506064
836690667
836996635
837264638
837484095
837821550
838081673
838416678
838719315
839020298
839360044
839662351
839968477
840277598
840616971
840951974
841250735
841526474
841923455
842157594
842427579
842830077
843131750
843401353
843735005
843980085
844275112
844576322
844888659
845223186
845416067
845722365
845922055
846158893
846458184
846727057
847069523
847372501
847586476
847876193
848111949
848414642
848692254
848954136
849263438
849490443
849790582
850039640
850229501
850534531
850837207
851138346
851381466
851643466
851879143
852187151
852530813
852698433
853038936
853344789
853612495
853880119
854218668
854520787
854771797
855067636
855342369
855571368
855872307
856116242
856452854
856747093
857051500
857371822
857736513
858079428
858347352
858579837
858823236
859060945
859356546
859556813
859858992
860169354
860364828
860671644
861006224
861273459
861516538
861779372
862103960
862368606
862669661
863006991
863279923
863651992
863988813
864257623
864575333
864865945
865106645
865381590
865713575
866048976
866318281
866599458
866836914
867128773
867404921
867702440
868006125
868241312
868576953
868881913
870327244
870667615
870972451
871171622
871384622
871605272
872016493
872241874
873020972
873286819
873489072
873696961
873954934
874160623
874421512
874699537
874960672
875162358
875405451
875712056
875974669
876240739
876476931
876611045
876812906
877058036
877282960
877484290
877695003
877954243
878156963
878407683
878612011
878879760
879046777
879183946
879424878
879697175
879904036
880135143
880375610
880607589
880888768
881173601
881512882
881845028
882080823
882316351
882550270
882790522
883026207
883270351
883447580
883611278
883877611
884150886
884395678
884609296
884951165
885289176
885590456
885924749
886258389
886429273
886697689
887001325
887205459
887472413
887706046
887939884
888212220
888531788
888800409
889067797
889243565
889476380
889678035
890014709
890289117
890559273
890898545
891176282
891484425
891785620
892121827
892489809
892792852
893094917
893368226
893637136
893977852
894276726
894481958
894750886
894986160
895223795
895490350
895794081
896128212
896370716
896596705
896872584
897107286
897385672
897684125
897985838
898215816
898420548
898659436
898998628
899262678
899536186
899876407
900187083
900525212
900863488
901169836
901410217
901679965
901909936
902211625
902453010
902760060
903131605
903396835
903663319
903964867
904268436
904539379
904874189
905077496
905275156
905510580
905747322
906051604
906388325
906688191
906994014
907193572
907430390
907633889
907902322
908204951
908514495
908778429
909013117
909318915
909551686
909788200
909955219
910264789
910540468
910876763
911104727
911374088
911607420
911885845
912149959
912367203
912638366
913005650
913273504
913474788
913676208
913848734
914125613
914427314
914660029
914933769
915165443
915399904
915606023
915913278
916182283
916485509
916822158
917156437
917355662
917658962
917864889
918163889
918429370
918664958
919006454
919245527
919546312
919781000
920086606
920291789
920525027
920759477
921060110
921299171
921635648
921941600
922240322
922509761
922777515
923111895
923417323
923753183
924096799
924393482
924701234
924996835
925232680
925570998
925850229
926151272
926319570
926692113
926966697
927304693
927539214
927876303
928176742
928420620
928722799
928953064
929223655
929432202
929660899
929994134
930264028
930566035
930832714
931110321
931374102
931646423
931918146
932217685
932533301
932836582
933149533
933407085
933677731
933979640
934318402
934659383
934958978
935282328
935521469
935861265
936158387
936461989
936798864
937167407
937471451
937705559
938007161
938280282
938618110
938959359
939235707
939531349
939831763
940168063
940469691
940704055
941044164
941410572
941646075
941981235
942260336
942519061
942790801
943096585
943373043
943613788
943906232
944240900
944548101
944850279
945229700
945464658
945833193
946036682
946316694
946678247
946983726
947281464
947550988
947848974
948150580
948452731
948722562
949000641
949294534
949628966
949896280
950165723
950444658
950702916
950904851
951205330
951540903
951813139
952079145
952355069
952697744
952989602
953331417
953711655
953971764
954238096
954507871
954722704
955055736
955317281
955618586
955919431
956229329
956566731
956848022
957152430
957488121
957763306
958059809
958434820
958697326
958999651
959233840
959413575
959745561
959977430
960223037
960483317
960718453
960986020
961231038
961464629
961659479
961928728
962196099
962477681
962770038
963104661
963445516
963790092
964093937
964429712
964730137
965000892
965276861
965609431
965846441
966109667
966485798
966829107
967064078
967334542
967641220
967937478
968272513
968509692
968776963
969113064
969380009
969716790
969991759
970329608
970629102
970932601
971169985
971468012
971769724
972109303
972379830
972642704
972880213
973189398
973524641
973824643
974092910
974395609
974632411
974865792
975202139
975503048
977770302
978173140
978647128
978964584
979226883
979431034
979678988
979871977
980348295
980623575
981365700
981532161
981704196
981931581
982159195
982395843
982632056
982866997
983168477
983379636
983670595
983972234
984208754
984477933
984755643
984990263
985230917
985410222
985700096
985934780
986138775
986443031
986714748
987033350
987265267
987533007
987836857
988207311
988507627
988788362
989026738
989327245
989559947
989804961
989998191
990266882
990491327
990727799
991000655
991201956
991370575
991604349
991847755
992077064
992312968
992649725
993021071
993354176
993658914
993995179
994333655
994540748
994768537
995071813
995375129
995744282
995981385
996248372
996585486
996920809
997193979
997461471
997727674
998032919
998302206
998579583
998874682
999141854
999411920
999691822
999933401
1000236088
1000606091
1000939988
1001244824
1001576377
1001880491
1002216940
1002517679
1002822108
1003123478
1003457972
1003793619
1004163129
1004535214
1004776705
1005085666
1005414963
1005750499
1006055155
1006387422
1006723307
1007028590
1007336494
1007734512
1008071051
1008405787
1008682867
1008911810
1009211379
1009548613
1009851726
1010090144
1010389782
1010699624
1010972624
1011270880
1011575204
1011878665
1012147933
1012415954
1012728967
1012991678
1013296429
1013598126
1013934422
1014203366
1014438189
1014775632
1015094867
1015390148
1015660806
1015860320
1016100302
1016329733
1016633263
1016900036
1017137156
1017337626
1017607474
1017880803
1018150483
1018420395
1018725051
1019025525
1019259847
1019596445
1019864646
1020143130
1020334997
1020635866
1020938979
1021240373
1021543117
1021787634
1022058808
1022362524
1022736920
1022971655
1023238615
1023578733
1023947388
1024283364
1024485343
1024792506
1025088467
1025393621
1025664667
1025962846
1026203979
1026502803
1026767859
1027036424
1027304877
1027578656
1027890245
1028224757
1028489579
1028789680
1029062413
1029329861
1029633469
1029913048
1030213701
1030549418
1030883452
1031150785
1031487893
1031823155
1032092576
1032395587
1032697633
1032940478
1033206016
1033439753
1033710312
1034018962
1034291356
1034485542
1034751807
1034986498
1035226078
1035526468
1035800475
1036068209
1036344493
1036615666
1036917679
1037149056
1037387190
1037688242
1037958863
1038260801
1038604800
1038872314
1039140488
1039350480
1039691936
1039991958
1040234201
1040565108
1040799960
1041102166
1041405226
1041701130
1042002589
1042304587
1042674661
1042908918
1043213040
1043524598
1043774085
1044068029
1044402409
1044738108
1045039237
1045375639
1045686190
1045985112
1046155905
1046472203
1046832424
1047143416
1047436206
1047740845
1048075371
1048314362
1048616930
1048851789
1049089344
1049321102
1049561385
1049837720
1050098416
1050365283
1050671408
1051008828
1051299079
1051589302
1051825669
1052069380
1052339923
1052615425
1052959648
1053232897
1053429241
1053675435
1053933933
1054202771
1054586917
1054890166
1055158733
1055459330
1055728466
1055997848
1056198467
1056468887
1056710405
1057005823
1057284229
1057477303
1057752397
1057990977
1058302993
1058599093
1058834709
1059169846
1059509293
1059811367
1060149607
1060351663
1060622412
1060888859
1061161954
1061402429
1061714847
1062059018
1062424716
1062727828
1062896408
1063143466
1063400685
1063668433
1063971430
1064272504
1064608988
1064916185
1065218931
1065498770
1065789960
1066065397
1066291873
1066526539
1066836173
1067030578
1067337156
1067637186
1067845814
1068086583
1068309478
1068521058
1068864027
1069198594
1069463465
1069770976
1070144916
1070420312
1070690310
1070959437
1071161922
1071480598
1071741501
1072041144
1072277244
1072545603
1072827841
1073122162
1073391614
1073698868
1073944997
1074237335
1074583154
1074788903
1075120051
1075422136
1075725691
1076093939
1076403254
1076703817
1076909731
1077219844
1077452562
1077664401
1077859684
1078058251
1078332724
1078613097
1078883303
1079192345
1079494199
1079795054
1080035309
1080333151
1080718925
1081069382
1081371879
1081708320
1081945651
1082247130
1082583111
1082848212
1083160448
1083401730
1083704312
1084013367
1086159892
1086464549
1086969725
1087171470
1087440476
1087710018
1087988523
1088217392
1088661578
1088926472
1089668102
1089894493
1090133299
1090397515
1090570430
1090814842
1091077570
1091356779
1091615778
1091817673
1092053737
1092375974
1092625489
1092925822
1093128286
1093296410
1093468005
1093672869
1093907922
1094185205
1094526881
1094735890
1094997827
1095207783
1095375635
1095643300
1095913378
1096090213
1096316350
1096618457
1096886482
1097157157
1097391216
1097634736
1097874405
1098076462
1098344809
1098514448
1098748900
1099018715
1099220361
1099467481
1099691209
1099862118
1100100955
1100337327
1100573521
1100947977
1101324275
1101731189
1102071736
1102371558
1102676476
1102978196
1103279829
1103650464
1103927587
1104165109
1104540096
1104876632
1105151580
1105459801
1105790153
1106090399
1106376295
1106580138
1106846751
1107080147
1107347757
1107683324
1107952503
1108223224
1108526912
1108827028
1109166475
1109503948
1109811167
1110183615
1110487111
1110721974
1111026824
1111262108
1111530235
1111797630
1112066979
1112368497
1112671525
1112980411
1113341331
1113617596
1113887690
1114158079
1114426233
1114764093
1115007139
1115203334
1115437030
1115740308
1116108954
1116477938
1116748721
1117049854
1117358731
1117625986
1117924503
1118264275
1118607078
1118908771
1119209941
1119545720
1119814822
1120085647
1120284064
1120622138
1120963346
1121298471
1121600442
1121902569
1122207258
1122541025
1122809983
1123047348
1123432636
1123726775
1124063073
1124366802
1124669132
1124938443
1125306413
1125641058
1125942866
1126313361
1126648768
1126951668
1127127162
1127422484
1127761651
1128030850
1128399470
1128737218
1129074414
1129340366
1129644698
1129978228
1130314524
1130652245
1130922926
1131192625
1131460086
1131764791
1131996279
1132233157
1132535820
1132867221
1133106412
1133406621
1133742426
1134044576
1134355603
1134650928
1134973505
1135309356
1135611124
1135849786
1136151169
1136484467
1136752340
1137058145
1137360337
1137629894
1137868879
1138206780
1138472606
1138778624
1139080378
1139383256
1139651103
1139932045
1140265860
1140503895
1140775296
1141011782
1141317896
1141622941
1141855138
1142123140
1142424337
1142664234
1142831279
1143097955
1143306248
1143606307
1143841487
1144142114
1144451434
1144778960
1145082596
1145350499
1145621511
1145924713
1146224822
1146594701
1146829540
1147131651
1147440804
1147806377
1148053456
1148282556
1148551648
1148866437
1149231021
1149533714
1149870137
1150204892
1150442993
1150748536
1150981411
1151283916
1151549803
1151785616
1152065689
1152257047
1152503120
1152797892
1153074405
1153337156
1153605717
1153910510
1154213582
1154521431
1154718954
1154949962
1155225428
1155462499
1155777753
1156041238
1156249452
1156563025
1156799732
1157091630
1157361922
1157698311
1158036656
1158345263
