0
31550
67143
105913
134151
165418
201154
232608
268667
301258
337804
367514
405038
446650
472886
501786
537736
569302
603829
638096
671029
702486
738832
777401
806827
838159
872461
904792
939117
971687
1007662
1214277
1420986
1550971
1758432
1959491
2164690
2398703
2598497
2809219
3001843
3239499
3444662
3645184
3816932
4014238
4212436
4314137
4415373
4516222
4685007
4918738
5085505
5222720
5394156
5628765
5836615
6029755
6202396
6400408
6605789
6773137
6946534
7108133
7275739
7477300
7644033
7818385
8019563
8120768
8322064
8528786
8660797
8826364
9135475
9366138
9604139
9809386
10008274
10213208
10378507
10575981
10782366
10980531
11189408
11387981
11523754
11724681
11923656
12094849
12294315
12462200
12630175
12836749
13068648
13301708
13506798
13675075
13913201
14112238
14348212
14517281
14684950
14852458
15022171
15188547
15426300
15627581
15827692
15997956
16231843
16437036
16636633
16836117
17040641
17243026
17406231
17613550
17777527
18014886
18147391
18315236
18447219
18653848
18853908
19057711
19225534
19393332
19597569
19763362
19971204
20203148
20403904
20575596
20774580
20978546
21142451
21343525
21581471
21746579
21949187
22116324
22284924
22487966
22720435
22958333
23158258
23358582
23559904
23760629
23932678
24133095
24342710
24541827
24687463
24879513
25081223
25285666
25458639
25660196
25825510
26001629
26204606
26406543
26606893
26808386
26979914
27210281
27382606
27615036
27815433
28018981
28185445
28393345
28587998
28790976
28993204
29157251
29362829
29493396
29631196
29799383
30003078
30166865
30337270
30505381
30706366
30940484
31080678
31242040
31415032
31612990
31791069
32023925
32224093
32435509
32528434
32702963
32866090
33001550
33201083
33372828
33539834
33740411
33879033
34077118
34278283
34479353
34714367
34922431
35091168
35292096
35466653
35660015
35803011
35929264
36096651
36301804
36474161
36636121
36840107
37007545
37240970
37409110
37576628
37782235
37984009
38157799
38324248
38527014
38662600
38903008
39105758
39306603
39511939
39741228
39909008
40044575
40181514
40345061
40545795
40717545
40950155
41087905
41259808
41430701
41667094
41873142
42071935
42208905
42372198
42547899
42814284
43049830
43224644
43488226
43658509
43829407
43998567
44168327
44368510
44576526
44706624
44911002
45074856
45276430
45411049
45550599
45716142
45882443
46085381
46287918
46489127
46657213
46861254
47059547
47295562
47533725
47736412
47939631
48068503
48273256
48506608
48710081
48887978
49126490
49298132
49500250
49638289
49873733
50041485
50239823
50408077
50617072
50785599
50951934
51122544
51325184
51489399
51662750
51894923
52026626
52263006
52466539
52670157
52836592
52936045
53104613
53305321
53508484
53682436
53843139
54012938
54178534
54351077
54517123
54717993
54920521
55123314
55290417
55457720
55629262
55859932
56035395
56229722
56430521
56564924
56732443
56937176
57136723
57306576
57474296
57675177
57911464
58116883
58317684
58517223
58686292
58927453
59097558
59297958
59503620
59675281
59843157
60043305
60241415
60415567
60610742
60753383
60915616
61049312
61218116
61382478
61583844
61791407
61958029
62159243
62361073
62536260
62697869
62896721
63104424
63300253
63469836
63704168
63903553
64117371
64306022
64511016
64675894
64887885
65080380
65224113
65417947
65619905
65853808
66092087
66293086
66494429
66696312
66833716
66998861
67202127
67403538
67604677
67740087
67972853
68147839
68343020
68544371
68680988
68851136
69051223
69190384
69387362
69601581
69830922
69992471
70166206
70362831
70564184
70729219
70897884
71136316
71304206
71470380
71610687
71845695
72040808
72185726
72408693
72619183
72813779
72980722
73117047
73292569
73455442
73724299
73895993
74064201
74264941
74436079
74638192
74804702
75004896
75139079
75273071
75439676
75608814
75778423
75945089
76079481
76283029
76448666
76617658
76818521
76993866
77155765
77389371
77563354
77762464
77930978
78100846
78305819
78504206
78638749
78839940
79017548
79177298
79354602
79546991
79745671
79923236
80119928
80286833
80486652
80696336
80930001
81090913
81295077
81494075
81661045
81873833
82047648
82243733
82447587
82617135
82812792
83016013
83152393
83320037
83492062
83699968
83902981
84104270
84310433
84505812
84647782
84841486
85046869
85212402
85421927
85616291
85783400
85951940
86120428
86327472
86523769
86728390
86965210
87200390
87369830
87570972
87779167
87939279
88140518
88312434
88543071
88789334
89020201
89286426
89461789
89589132
89791294
89988965
90156526
90364197
90559060
90703360
90929276
91062393
91231101
91434222
91638022
91868945
92070802
92272626
92439337
92642340
92815822
92979802
93215344
93392508
93583026
93786106
94018554
94220690
94424636
94627339
94830737
95030645
95196612
95405378
95535841
95672740
95905504
96043079
96209496
96416751
96645371
96854688
97016570
97216470
97425396
97620473
97823854
98024923
98261505
98461481
98661767
98868650
99069305
99233577
99443052
99540309
99804129
99973640
100173395
100375902
100548745
108061594
108299408
108462562
108667848
108834391
109006219
109174801
109311004
109756971
109921528
110051947
110764270
110930336
111104752
111294717
111436845
111602118
111772650
111932630
112107912
112305346
112477912
112676514
112844321
112979784
113153815
113316930
113489741
113687546
113832401
114026554
114194605
114362693
114566997
114807338
115003975
115147593
115307137
115441592
115579463
115780071
115979526
116117724
116292712
116395694
116562022
116729882
116874538
117032474
117133866
117340887
117483188
117708647
117889829
118089342
118326040
118458968
118595405
118759712
118928995
119131126
119303460
119468062
119599955
119769872
119936394
120072265
120276290
120447243
120612408
120746985
120915068
121083203
121221869
121353425
121520660
121687613
121857805
122091712
122298956
122534431
122703808
122874000
123073654
123306170
123508456
123708439
123919410
124147853
124384993
124588588
124786875
124956821
125155605
125388619
125598791
125793137
126031378
126199245
126435411
126633478
126802519
127003936
127174284
127406448
127583298
127750750
127983255
128185365
128351530
128589643
128757988
128963593
129126137
129330417
129500787
129675241
129845940
130045289
130184509
130386542
130552891
130721812
130921682
131124825
131396087
131561610
131728918
131932787
132134673
132344095
132540493
132676147
132842015
133079529
133281287
133447718
133549483
133751377
133955407
134152863
134324379
134525083
134758249
134963742
135164443
135373313
135606900
135837572
136043545
136205791
136407735
136649188
136911826
137081831
137284974
137483546
137686760
137856521
138028375
138226462
138461018
138664253
138829301
139037164
139239261
139409275
139610044
139749635
140012434
140211407
140422434
140618100
140785666
140950034
141186585
141322662
141523079
141728433
141931425
142102551
142299162
142498544
142635784
142773710
142935176
143039847
143205227
143408098
143574431
143747428
143943709
144083555
144245666
144415641
144615634
144751814
144951353
145127244
145320051
145487371
145690109
145891310
146094032
146293092
146465263
146628761
146804214
146935698
147137024
147337058
147571562
147810214
147973405
148177832
148346071
148581982
148821115
149018919
149221234
149390375
149565942
149776130
149940648
150111713
150310166
150479724
150646078
150850424
151014495
151215886
151418091
151620411
151794415
151992263
152161085
152329882
152502817
152702460
152905024
153106894
153341612
153509959
153675456
153885457
154148104
154315492
154554854
154685532
154890953
155052754
155254813
155494925
155694217
155901588
156129881
156262758
156434832
156599587
156802510
156970455
157106346
157251173
157410525
157549142
157746536
157948113
158117171
158321061
158523174
158757448
158892664
159061200
159264387
159463316
159665793
159866867
160066685
160272931
160471031
160572921
160808690
160949534
161109779
161344482
161546765
161748445
161984158
162223782
162388887
162629864
162861238
163065710
163264586
163466916
163668971
163837332
164040401
164244695
164442479
164576184
164744272
164913366
165147861
165320615
165553531
165717937
165955928
166155731
166357911
166524433
166666043
166859987
167061258
167265590
167466597
167635225
167802908
167970823
168141058
168307567
168545200
168713198
168917348
169149086
169356575
169555989
169756423
169957476
170121675
170292854
170466100
170662617
170829259
171038020
171197251
171401452
171635704
171811423
172002347
172170441
172382083
172574026
172744441
172978522
173153807
173313690
173490150
173687288
173885669
174089392
174222579
174360685
174528778
174698725
174898112
175105346
175272296
175474991
175608422
175779129
175981538
176193387
176350796
176525390
176720682
176885878
177055566
177259714
177436685
177594240
177799848
178044066
178244728
178453768
178648600
178820232
179018009
179125284
179325863
179494716
179696014
179905128
180064165
180239870
180440464
180688527
180897459
181099836
181276035
181400622
181609059
181771121
181947745
182107892
182342613
182522841
182653975
182861746
183025228
183206526
183363813
183537554
183732518
183934201
184138490
184336336
184571521
184739966
184940605
185110550
185276487
185477798
185653113
185848201
186048349
186249851
186452856
186618253
186833751
187034458
187240370
187404447
187576738
187742382
187940109
188078236
188277656
188512134
188691686
188851692
189022722
189223590
189425087
189599842
189728288
189896630
190065078
190232136
190401686
190636503
190837331
191007144
191207761
191380628
191542355
191718525
191878342
192054154
192289749
192450686
192624228
192856346
193060792
193299015
193562827
193771837
193978803
194138658
194341298
194544218
194752411
194913705
195085378
195282015
195422730
195618717
195852751
196021134
196224259
196457378
196694726
196893879
197104283
197298655
197467075
197703529
198100218
198354996
198487008
198585358
198722937
198825926
199024949
199239546
199375202
199822575
200012216
200115045
200823901
200958045
201095959
201257825
201406701
201501520
201668795
201867021
202038015
202144104
202348409
202520471
202722331
202860117
202988971
203155775
203362304
203535532
203692980
203867581
204030209
204206715
204402191
204507359
204640700
204811336
204980891
205149085
205320353
205453909
205589227
205754327
205923131
206096975
206243804
206470445
206607097
206840220
206973770
207173361
207343244
207478697
207678477
207850315
208091392
208226243
208392119
208563657
208765622
208914615
209110157
209286356
209445530
209622672
209816088
209985938
210153515
210326614
210491707
210658795
210826494
211033281
211205006
211375072
211575188
211808146
211987445
212186924
212324890
212523861
212724170
212964112
213164331
213296543
213463881
213632666
213770659
213972681
214205611
214407485
214609802
214844143
214978758
215181281
215413919
215616824
215784013
215987336
216257010
216459622
216695660
216893996
217096766
217230204
217398661
217599558
217803393
217972359
218138998
218379384
218575968
218743571
218943306
219118777
219286762
219453139
219621845
219855196
220024768
220225091
220427552
220661134
220866148
221032689
221198325
221405468
221604091
221807927
221905441
222142498
222346079
222580752
222754756
222918487
223088654
223288200
223489344
223693019
223892245
224130389
224300872
224504146
224704944
224939116
225142395
225307497
225478629
225713957
225947545
226122238
226256090
226421723
226621858
226821398
226991599
227159739
227297225
227495567
227662336
227901965
228142935
228338360
228440460
228608377
228817558
229009856
229177097
229344913
229546947
229683534
229948624
230154771
230391733
230593072
230760434
230928714
231130861
231368000
231570789
231738441
231944534
232113023
232344788
232517650
232719520
232919355
233123991
233357604
233590767
233758295
233893999
234096745
234265587
234431417
234634802
234836203
235038043
235237421
235442876
235673630
235846664
236080255
236250222
236419843
236589008
236759166
236958347
237124965
237327776
237537337
237735485
237934790
238104035
238242368
238439193
238673863
238808609
238974806
239143962
239315650
239549417
239749236
239951310
240155727
240387249
240592456
240763449
240934627
241129193
241273582
241434250
241635329
241873211
242107372
242349660
242552290
242786285
242928918
243095755
243301162
243565212
243766341
243976465
244172700
244315292
244507780
244649658
244843254
245013805
245183403
245450103
245659956
245790750
246024703
246224985
246394790
246603035
246799940
247003395
247169319
247340356
247472695
247639985
247806182
247977418
248211371
248353546
248579110
248813643
248983837
249149864
249356640
249554299
249788408
250030703
250226693
250394565
250530329
250729311
250931502
251178078
251381642
251516524
251719865
251881579
252082779
252220142
252420966
252593663
252758372
252963329
253197560
253407111
253571540
253748538
253875016
254080368
254283730
254455808
254657940
254827393
254996173
255265571
255496915
255702680
255834917
256005524
256176229
256382196
256549673
256683221
256817411
257022479
257222714
257427866
257627287
257829144
258031867
258200218
258370090
258540044
258740329
258876369
259044264
259209250
259378659
259581155
259745695
259914155
260118526
260316637
260492243
260720816
260924918
261089569
261327882
261503335
261702113
261873601
262038004
262185632
262349134
262521331
262716041
262856453
263119767
263296192
263490262
263690638
263867754
264059683
264229010
264463653
264668131
264874968
265069384
265271809
265406204
265547483
265743053
265943443
266147718
266322913
266483501
266684091
266819156
267020425
267229880
267422471
267626681
267861597
268097278
268303184
268537104
268737466
268870246
269071030
269248229
269444365
269615500
269746272
270023516
270261574
270453194
270623163
270821744
271057209
271265360
271427255
271601817
271797434
271999833
272168054
272405626
272614320
272878095
273109425
273287003
273513722
273750565
273958372
274186755
274359194
274592936
274795154
274968402
275162767
275332116
275497330
275699466
275899863
276074703
276271939
276439214
276643652
276809184
277008646
277212866
277380975
277582080
277818576
278055043
278263023
278498492
278738584
278905715
279142612
279348949
279511400
279689964
279847951
280025520
280220551
280420677
280623274
280825923
281093288
281328547
281528117
281808791
282040876
282236628
282479529
282640317
282906624
283076596
283282905
283514121
283721722
283958475
284125724
284363385
284529412
284665479
284933655
285181506
285347346
285547268
285718039
285881134
286092726
286252654
286469328
286671389
286878072
287044335
287218453
287377520
287553542
287751591
287951003
288151727
288352402
288565830
288724629
288927972
289060390
289295620
289499272
289733883
289933182
290142582
290338686
290539413
290740643
290944231
291115443
291279586
291488039
291752072
291952539
292122558
292289352
292496734
292660074
292863315
293099940
293300621
293507665
293770859
293944067
294110252
294282993
294480329
294617361
294781331
295016703
295250917
295455544
295627196
295788201
295989790
296196702
296361189
296595867
296762456
296929189
297101932
297234882
297446116
297616306
297747157
297890058
298015892
298222554
298385352
298560849
298722994
298922436
299092069
299330404
299495620
299696936
299867627
300068723
300201565
300401974
300643435
300881076
301146272
301354136
301518589
301719541
301955764
302156250
302291991
302461510
302608960
302805417
302944839
303108272
303341778
304496500
304700339
304878359
305078549
305249042
305413164
305615657
305754743
306194242
306387544
307197054
307365418
307493564
307663696
307797114
307963990
308097835
308267007
308437780
308637315
308810260
308924083
309055453
309190812
309357991
309531541
309728393
309964058
310098240
310332127
310536258
310668809
310873067
311007980
311208595
311381923
311516880
311651915
311819270
312021370
312155136
312323009
312524759
312727911
312894906
313065939
313231883
313398324
313568764
313769234
313941595
314138120
314239446
314439698
314574341
314708428
314875775
315009319
315180407
315316962
315484059
315652641
315853834
316060223
316257588
316457451
316631431
316760560
316931292
317097021
317301367
317431357
317569309
317702448
317838744
317977509
318173662
318377608
318581587
318779017
318986303
319150138
319325597
319520797
319688372
319928634
320095520
320264227
320461476
320669476
320869407
321067773
321238043
321438527
321612158
321839963
322014803
322209243
322378801
322581926
322852574
323085632
323252874
323457061
323623574
323828728
323997882
324197785
324447195
324680036
324847522
325083717
325285495
325553206
325727125
325887398
326126537
326333189
326565217
326768586
326939327
327140606
327376613
327584000
327756610
327988248
328224135
328428671
328629287
328799353
328999415
329197381
329368164
329539081
329739535
329974446
330115881
330277833
330477092
330612004
330881942
331051614
331252961
331489852
331724585
331925978
332161593
332328153
332470145
332666351
332864413
333035063
333233641
333439010
333675960
333881447
334050979
334252784
334457342
334728965
334859757
335026862
335231244
335399248
335601376
335800667
336002545
336205375
336371544
336546770
336713345
336916640
337084155
337293977
337460130
337662599
337904354
338106198
338306073
338509426
338707241
338943787
339178237
339413940
339664163
339876389
340044382
340249360
340447890
340650998
340820501
341024064
341190350
341358112
341527171
341761469
341934301
342129242
342329997
342533823
342698903
342937741
343172398
343339280
343542428
343747359
343882555
344053602
344249989
344417764
344596471
344797369
345033481
345201205
345402449
345602457
345804617
345975419
346181210
346412377
346546848
346749373
346920757
347084019
347287186
347553773
347758019
347965427
348133910
348310381
348543847
348779664
348948412
349116668
349250879
349450099
349619375
349788259
350026416
350259649
350500079
350638744
350834109
350973770
351241844
351342319
351509295
351744101
351946029
352145996
352351625
352554314
352689564
352924713
353092863
353262133
353462295
353665235
353831332
354073995
354339916
354538234
354749334
354977175
355176956
355378869
355617529
355882909
356153068
356388392
356587884
356790830
357065922
357268601
357509449
357711129
357912243
358116186
358346784
358550194
358788759
359025202
359258853
359528045
359762189
360030323
360266467
360533857
360770893
360973229
361206176
361374440
361542096
361778528
361977363
362215266
362455339
362716895
362956156
363164371
363357129
363558820
363796139
364029107
364269358
364535173
364701431
364905896
365142593
365342800
365608686
365854095
366053530
366220352
366489015
366754204
366959701
367225523
367427040
367662932
367875125
368066811
368335899
368548434
368771534
368976880
369148397
369415149
369656950
369851925
370087274
370286848
370493171
370694749
370929970
371098479
371367244
371535818
371736646
371917077
372111058
372312783
372513613
372747172
372986056
373260649
373423373
373658816
373934355
374161836
374406294
374576169
374782671
374959876
375186028
375423818
375629206
375859225
376066650
376301704
376496129
376738314
376900359
377076288
377309334
377538366
377748358
377944540
378143157
378325151
378512618
378755277
378990569
379186308
379353739
379520696
379662921
379857561
380058417
380260792
380497393
380672845
380904189
381072350
381240846
381508190
381710601
381910412
382117971
382353443
382570271
382815117
383010629
383244896
383481850
383681889
383881594
384117262
384284314
384555544
384731397
384962259
385227415
385432342
385598355
385800123
386002133
386176345
386337862
386540498
386707831
386943907
387147699
387396918
387637008
387836095
388040962
388277321
388452377
388680095
388887832
389050009
389233983
389388734
389592952
389762798
389945278
390179978
390490434
390686604
390935382
391165630
391393716
391603152
391796108
391998592
392177016
392366982
392535430
392702295
392908015
393108600
393376078
393520396
393712491
393886897
394093654
394329965
394463260
394642100
394836935
395039453
395252717
395487963
395687236
395921363
396095482
396298120
396469709
396703777
396872695
397073985
397312086
397478923
397690171
397881838
398118864
398286645
398520715
398696062
398929283
399201371
399434966
399607911
399804811
400004211
400207053
400479033
400718592
400918478
401148812
401398933
401559833
401795533
402031176
402231797
402431356
402601307
402836693
403038275
403204455
403414329
403608434
403777151
403946003
404113160
404382641
404619884
404824435
404994747
405158717
405390806
405593127
405831538
406064789
406299583
406536424
406737575
406938411
407144521
407380011
407579868
407791231
408026577
408223217
408429235
408662655
408897275
409069953
409337601
409535668
409773162
410807728
410975964
411177985
411310886
411484770
411648361
411781488
411981046
412498953
412719009
413501650
413628372
413843633
414001343
414138518
414304804
414572774
414704967
414908409
415077214
415249727
415382878
415525761
415686335
415861132
416021345
416197263
416423039
416546833
416771735
416939577
417179343
417344749
417555346
417813658
417982775
418253663
418455219
418622657
418824961
418992501
419165032
419398748
419601252
419835044
420060351
420267004
420458215
420604740
420748088
420903329
421104238
421279291
421507949
421675352
421880251
422081468
422324321
422519668
422722067
422856016
423023118
423194427
423363498
423497856
423699510
423873802
424038468
424241446
424440715
424681355
424950172
425151034
425354259
425629138
425899224
426097076
426337645
426471122
426710967
426950304
427182370
427454461
427694915
427858408
428060402
428269147
428512413
428778036
429017891
429248544
429455458
429659772
429860556
430095453
430297823
430542786
430718873
430917214
431117568
431354979
431587531
431827748
431994276
432194575
432437454
432636563
432870848
433111423
433307901
433478737
433681465
433950058
434148649
434391046
434628028
434796975
434994908
435233085
435438826
435605700
435772159
435939296
436172522
436446979
436613705
436849545
437020064
437321261
437556913
437727733
437903361
438142116
438304434
438513373
438743965
438943829
439112164
439319147
439523621
439732629
439969627
440207708
440403869
440575488
440776703
441015578
441252309
441454147
441655736
441860217
442090359
442294758
442571271
442796431
442997579
443238852
443505280
443771184
443973213
444175206
444379567
444648103
444814513
445051131
445286381
445491351
445726099
445962863
446162958
446399011
446643878
446911438
447142972
447313451
447514090
447749029
447963383
448229262
448432544
448663556
448903292
449101955
449334329
449539614
449772691
449980834
450176398
450412226
450651678
450883390
451117218
451389550
451663265
451828631
452034173
452271952
452502483
452737112
452942244
453139260
453273871
453476452
453647649
453784073
454025075
454192091
454392538
454561171
454763841
455000815
455200250
455402850
455648386
455817358
456061038
456288530
456459232
456625735
456927135
457131181
457337571
457536750
457766968
457970226
458202608
458374102
458581983
458852256
459019572
459226552
459466343
459670612
459872460
460110786
460282205
460513515
460718106
460986076
461218931
461419624
461594607
461799401
462070436
462265312
462481347
462711856
462947825
463218525
463491891
463755370
463989129
464188557
464429782
464694314
464930604
465167628
465398333
465634296
465868440
466074928
466306492
466515469
466743947
466976338
467148392
467414860
467618755
467786826
467985930
468156745
468357135
468625411
468827610
469060904
469272871
469475604
469691621
469964451
470165448
470367877
470577159
470773708
470972084
471210702
471413168
471551317
471760384
471993452
472233204
472465934
472604512
472835630
473076469
473242742
473407528
473616296
473777549
473953291
474179435
474448864
474653818
474820519
475056956
475301581
475596567
475829968
476078919
476315528
476553843
476795772
477007673
477202814
477444892
477682522
477876585
478078567
478280133
478516590
478718025
478922683
479133880
479391425
479626482
479865415
480068677
480270751
480479058
480672878
480906855
481155661
481386680
481649639
481882909
482058406
482330105
482533601
482768729
482968943
483137985
483308407
483519697
483712162
483908713
484112639
484312370
484550437
484717284
484918242
485195070
485455456
485656867
485867928
486106088
486330515
486540128
486735335
486900907
487110861
487305140
487508119
487674113
487907985
488120653
488350016
488556670
488853210
489055561
489228315
489491377
489691802
489903866
490136954
490368577
490634686
490809599
491037846
491209579
491496128
491690822
491932416
492127264
492328326
492511080
492706457
492909833
493143766
493312083
493481166
493682720
493955760
494150374
494386132
494588244
494755281
494925829
495204201
495430481
495644536
495837903
496050466
496280833
496451716
496617277
496785727
497033899
497201964
497401610
497683334
497872245
498106764
498309530
498512183
498779313
499021467
499215571
499416702
499595184
499855049
500065541
500279050
500500807
500709443
500946035
501140113
501381588
501544170
501779112
501983671
502222708
502492071
502733163
502930289
503208177
503419993
503654379
503918755
504094310
504356870
504596885
504797782
505066770
505268818
505471175
505679356
505943374
506210552
506479446
506752140
507032364
507294883
507561472
507764589
508003230
508235814
508475365
508712823
508942079
509209431
509446061
509681149
509916068
510091672
510340210
510543183
510708302
510911611
511144091
511346624
511547056
511717721
511951640
512152890
512320840
512626507
512871745
513065217
513231247
513377439
513574631
513711768
513914210
514150895
514319152
514522469
514655258
514906776
515066058
515269495
515480552
515671330
515872682
516110029
517208426
517483237
517688516
517869158
518103061
518373337
518474813
518919739
519081301
519922338
520092320
520262953
520402671
520569401
520733829
520970774
521140532
521380553
521512728
521682258
521884615
522053360
522190626
522391255
522560091
522794975
522973989
523169315
523313285
523439146
523608664
523845865
523990514
524218304
524417591
524594947
524786675
524924059
525106580
525349381
525511527
525686532
525814054
525980742
526145925
526318119
526481990
526651173
526819050
527025668
527203152
527395690
527527148
527734686
527906245
528102876
528203494
528375060
528572924
528716332
528909865
529111544
529280960
529397997
529580773
529782336
529881710
530016718
530218608
530391508
530597976
530781246
531005073
531170062
531373347
531572049
531772410
531942208
532107797
532279742
532516361
532686350
532887414
533059319
533258337
533432182
533594960
533827853
533995722
534164924
534370118
534535356
534737783
534939617
535139568
535377610
535584513
535758331
535987126
536189202
536355905
536557506
536660135
536860038
537066981
537231912
537437398
537635819
537871234
538038086
538274264
538507054
538708772
538878076
539079927
539280398
539514529
539762307
539963941
540170066
540367871
540536169
540703869
540906770
541142903
541308113
541543239
541780420
541916127
542119376
542318463
542486548
542689022
542889844
543127852
543326527
543534763
543698301
543931277
544102222
544333943
544542878
544739698
544905302
545111132
545311542
545447665
545616555
545750937
545917485
546118120
546289985
546523146
546690407
546904826
547066613
547238531
547440114
547674947
547847191
548045822
548277996
548452018
548619687
548822312
549022087
549227373
549392738
549561658
549764508
550001487
550202828
550402903
550569247
550737828
550946804
551144818
551285353
551448843
551683532
551852457
552020637
552255542
552490399
552629291
552792739
552969395
553168036
553337403
553502277
553705841
553915553
554118182
554326347
554522331
554690315
554895600
555093221
555265100
555466501
555603852
555766809
555975585
556136719
556272563
556443996
556608668
556746101
556911615
557079005
557250102
557449958
557653227
557855140
558028412
558256591
558458226
558665397
558865774
559063424
559302913
559536845
559771966
560009616
560211348
560411908
560647796
560884884
561054863
561218145
561457618
561695078
561865073
562095961
562336230
562568848
562741260
562906628
563105454
563275314
563509800
563680946
563883680
564114143
564284813
564485284
564688891
564888350
565026008
565193888
565362889
565561045
565770817
565971123
566136299
566342510
566545934
566785411
567013619
567256846
567527107
567798852
568066139
568264311
568440533
568640460
568820613
568979144
569180643
569419202
569684899
569953025
570164321
570426249
570625143
570860061
571028291
571230576
571395772
571631175
571869910
572072716
572243431
572444582
572642406
572812988
573082158
573315683
573553811
573790554
573991130
574125932
574360104
574595489
574764029
574930823
575135681
575337597
575506363
575706377
575883451
576078695
576278102
576411109
576648944
576821622
577019236
577252950
577454680
577657045
577901159
578093132
578294577
578497555
578768859
578969608
579169157
579378097
579644117
579813117
580020418
580151362
580315216
580483762
580697472
580931551
581122265
581363921
581608141
581800110
581999432
582173232
582380879
582614135
582776664
583053051
583248509
583446286
583683924
583854689
584091977
584265214
584463582
584665191
584798492
584975606
585272729
585540580
585810517
586016318
586215185
586449259
586620025
586820003
587055055
587294731
587493827
587697666
587862131
588066182
588301185
588535177
588789259
589025736
589249176
589388024
589520820
589722932
589923464
590132314
590394077
590631218
590864294
591070985
591270280
591478736
591675523
591880540
592153443
592351044
592553163
592756456
592988120
593223755
593461498
593696061
593963797
594108913
594307809
594521289
594759388
595020624
595220498
595427356
595658045
595895071
596067929
596336515
596572799
596779908
596974131
597143320
597382976
597558401
597685747
597900370
598133114
598359161
598527453
598802449
598929110
599165279
599436894
599705823
599911815
600107752
600274673
600483872
600711727
600980965
601217569
601418665
601590597
601852326
602053434
602323928
602559573
602801437
603072321
603239481
603409316
603643169
603913872
604117532
604296720
604527970
604721994
604990366
605201502
605425746
605635192
605871473
606066516
606265391
606541769
606841631
607074918
607277470
607512863
607678391
607847381
608084433
608285819
608523850
608725304
608938657
609139619
609349880
609508421
609711745
609915982
610111685
610280836
610481800
610692118
610818389
611085830
611262282
611491247
611657711
611859697
612062234
612299549
612499988
612708086
612908069
613142582
613387849
613650920
613885541
614058793
614294720
614557588
614792565
615028736
615233215
615434139
615670326
615905880
616103836
616311205
616506364
616747301
616910599
617045735
617319319
617515391
617716454
617954946
618155846
618357474
618558975
618771336
619005445
619264198
619499658
619734139
619972632
620204617
620373359
620572760
620740823
621016836
621212069
621457472
621655221
621854762
622030180
622291529
622467151
623663580
623901377
624069639
624174597
624442048
624618551
624784073
625362135
625554707
626368134
626534243
626737337
626899759
627134538
627302714
627470472
627640689
627842755
628077701
628277769
628483187
628651507
628885711
629062882
629254936
629425755
629559538
629736087
629896884
630110951
630265454
630420531
630635320
630836753
631004839
631170522
631338535
631547955
631680744
631881663
632016638
632185948
632322185
632485920
632660524
632828345
633029921
633198102
633439699
633636123
633775686
634006951
634207975
634341628
634475955
634576023
634797132
634977117
635163057
635365552
635532764
635736904
635869885
636003960
636144629
636342411
636484318
636645842
636882424
637086571
637288885
637424470
637623291
637832492
638027615
638196331
638399266
638570544
638702546
638842857
639037929
639240163
639441819
639612327
639852067
640048392
640216107
640385119
640527644
640758626
640959468
641131724
641329502
641566334
641836415
642005249
642239262
642409918
642609893
642777845
642942097
643110257
643311811
643484106
643682832
643852551
644018634
644252492
644459000
644662652
644901795
645066449
645268667
645439761
645605329
645840533
646043782
646214251
646446134
646649345
646853696
647054678
647260993
647457336
647692408
647895278
648128070
648362114
648536120
648768706
648903907
649139966
649372186
649508736
649740139
649957212
650150959
650320840
650522816
650690697
650928889
651091472
651299020
651466297
651637274
651872322
652105456
652373472
652579806
652828814
653129619
653433821
653699942
653905420
654140686
654306554
654473485
654644081
654908665
655083453
655185318
655421335
655593281
655798734
655996952
656231324
656399784
656569995
656771334
656972955
657205462
657380672
657575198
657746067
657947040
658117483
658322012
658518932
658688752
658889103
659026325
659259325
659493615
659698211
659895112
660098739
660332487
660536172
660749476
660975330
661212201
661443234
661646251
661845854
661984575
662217036
662387668
662521098
662692794
662823388
663029559
663193882
663361675
663564113
663729365
663965837
664169824
664334245
664502932
664708054
664922994
665092898
665295049
665465384
665699890
665937317
666174502
666409369
666610191
666744666
666954082
667124624
667291173
667496847
667663222
667863220
668097395
668332639
668604239
668805072
668975260
669146673
669348543
669547223
669755220
669954105
670193716
670357056
670592096
670866961
671102222
671332590
671603744
671773725
671939478
672141370
672378015
672552015
672714688
672950441
673116285
673284227
673525504
673723023
673924803
674194120
674395498
674598055
674870931
675068378
675371652
675577865
675776092
675943729
676112842
676312924
676551936
676833099
676999553
677167115
677368358
677637818
677810990
678015981
678217665
678416531
678624377
678888441
679054264
679257586
679526900
679696139
679897984
680107978
680312832
680543837
680744321
680947846
681145594
681326081
681551104
681751185
681953548
682189973
682423850
682627825
682830355
683000704
683196757
683397654
683567922
683733604
683938220
684105288
684272770
684472919
684640385
684809733
685020858
685217073
685414762
685617044
685783905
686024734
686256042
686460600
686623359
686858172
687060484
687230975
687432428
687634301
687835677
688044118
688239950
688412889
688613063
688848296
689057558
689217975
689420648
689653716
689856772
690130101
690368207
690508347
690744025
690971389
691179989
691376190
691613539
691812213
692048842
692215649
692386123
692620244
692822435
693022441
693199311
693437103
693627189
693799110
694036131
694212429
694453445
694685265
694895356
695128063
695322186
695492130
695691775
695926760
696171625
696336461
696538668
696672563
696843333
697114101
697382876
697616287
697786135
697987896
698161583
698355559
698623999
698832223
699060177
699331451
699536804
699735306
699941804
700137751
700338568
700514679
700742890
700953627
701188797
701382681
701650544
701888654
702195806
702492102
702695498
702871687
703132689
703309739
703472999
703672924
703879541
704076102
704346132
704559120
704756804
704956760
705158531
705362068
705531276
705730910
705904597
706133589
706343766
706544419
706778527
706946645
707183616
707419893
707594405
707824511
708044826
708199820
708435980
708636976
708839155
709007023
709175898
709441813
709645993
709850656
710061064
710294825
710491702
710694842
710928927
711131448
711308355
711409688
711538109
711773617
711983078
712176815
712383474
712585052
712784431
712998647
713220204
713427844
713627677
713827207
714000587
714198263
714367968
714600728
714836694
715070448
715239722
715447460
715641465
715843340
716017116
716243927
716412269
716614629
716849808
717025854
717256142
717465330
717699076
717931948
718037602
718231338
718471700
718636875
718836615
719042835
719273391
719443724
719542470
719746171
719981107
720158265
720352876
720520810
720726646
720890252
721090700
721293107
721527316
721659793
721895377
722103306
722267307
722440447
722642183
722842784
723008224
723211756
723342797
723514075
723643059
723877476
724100884
724262128
724439694
724599308
724836698
725037255
725269972
725474573
725708584
725885990
726043061
726215452
726381419
726580774
726849751
727019308
727155327
727351681
727558622
727758109
727958023
728158121
728396290
728575342
728702984
728836542
730005649
730205819
730343758
730508584
730686040
730864487
731065017
731266419
731705589
731871378
732711060
732907422
733083253
733209797
733410916
733583791
733781677
734018772
734184619
734320340
734522941
734692836
734860250
735028259
735195579
735366814
735566401
735738775
735902179
736107618
736242158
736417457
736544042
736681506
736848035
737056683
737289710
737431819
737568906
737699445
737831825
737964220
738167411
738403964
738606228
738811186
739011748
739212035
739382965
739549821
739684450
739790179
739951440
740087633
740289496
740425568
740590309
740760350
740996660
741170504
741402753
741575550
741775636
741974399
742151606
742314756
742550232
742719968
742922187
743088107
743223512
743423711
743590217
743761569
743992679
744199841
744400629
744638925
744808894
745007069
745179551
745342849
745543060
745743430
745945767
746152426
746289404
746492617
746659478
746866375
747060946
747263594
747465828
747663419
747836542
747970462
748139059
748341459
748551352
748747673
748952473
749151884
749352949
749521851
749725694
749903458
750102249
750300116
750536218
750737006
750910614
751074672
751249655
751376021
751612014
751785223
751981307
752154060
752356772
752593199
752794205
752991443
753162612
753365112
753498209
753732627
753904048
754135558
754303667
754504357
754672263
754877956
755079968
755245776
755445361
755620513
755851022
756051930
756257487
756418976
756591263
756790305
756975703
757197971
757400901
757571941
757736509
757941110
758139383
758311534
758550458
758748498
758990872
759225118
759464134
759670039
759901802
760070282
760239667
760436596
760638588
760840216
761016573
761213207
761357635
761526911
761696600
761861636
761965248
762165373
762371077
762603627
762805134
763006555
763242837
763407499
763611543
763813114
764015034
764217743
764393667
764621531
764824145
765025739
765258389
765491577
765660473
765861665
766068251
766297883
766470976
766740438
766939652
767140291
767376913
767577829
767755694
767920183
768190161
768360783
768626769
768842235
769077645
769311725
769516551
769786998
770021764
770286522
770522448
770759762
771028650
771268806
771478753
771743320
771973106
772173239
772342852
772611550
772778363
773015041
773284958
773492587
773692091
773899145
774134633
774369488
774533812
774773279
775007370
775242723
775520061
775750477
775918807
776155720
776358584
776557953
776726217
776929715
777132954
777434376
777701622
777879027
778113220
778350993
778562117
778825678
778993373
779196527
779430753
779665167
779906054
780105565
780338456
780540414
780706218
780941440
781111486
781347384
781585460
781820332
782087980
782302269
782472080
782639296
782878983
783076460
783287794
783540157
783742951
783911941
784111753
784380406
784588735
784757297
784956170
785189682
785393124
785561655
785730357
785935020
786220839
786471692
786710965
786907700
787142921
787314005
787548515
787750890
787919572
788156904
788397870
788562274
788739696
788899038
789076517
789232538
789407175
789635010
789838101
790007905
790173530
790419118
790614098
790814746
791018447
791219359
791431979
791657755
791858397
792099835
792296954
792536671
792740591
793007314
793216591
793450406
793714094
793947944
794153685
794421177
794656136
794859923
795027057
795294846
795569239
795834695
796066551
796247962
796438668
796614569
796787847
797019814
797188986
797424975
797628276
797795735
798028872
798240226
798438203
798676587
798909716
799146097
799347702
799582244
799791303
800027409
800231026
800431327
800666293
800902848
801137418
801404467
801607048
801808839
802042878
802244109
802480659
802684433
802853404
803122704
803341385
803501429
803735441
803872348
804072028
804305613
804547154
804745803
804882101
805116688
805333975
805528504
805706280
805945174
806168249
806338032
806621549
806813360
807054674
807215533
807391883
807601996
807801661
808005328
808273436
808474877
808668095
808933930
809167137
809401463
809604955
809779937
809979423
810246504
810482684
810692399
810884533
811052941
811321253
811466723
811703629
811893771
812059880
812228053
812399221
812602799
812836031
813044556
813238637
813539641
813723882
813919490
814123142
814394909
814623170
814835681
815068901
815264894
815518985
815721059
815956878
816131269
816332571
816538498
816778527
817001840
817212793
817410756
817575992
817782869
818012004
818219043
818416195
818563728
818866930
819071217
819273757
819486223
819675778
819943273
820155253
820413302
820616593
820853008
821088161
821324206
821501201
821691746
821893872
822096931
822365073
822612873
822846031
823077241
823288626
823480959
823621872
823815013
824051757
824292389
824534828
824761144
824966684
825128423
825331303
825598906
825875067
826069853
826338522
826552310
826746713
826989622
827186325
827418408
827658226
827854177
828089617
828294184
828460425
828598589
828798843
829042929
829278737
829446925
829651218
829928902
830157079
830329491
830532032
830707870
830939762
831105588
831336815
831623972
831819806
832021136
832191548
832403570
832562588
832769755
832975014
833171814
833417625
833574034
833809990
834046911
834248173
834484207
834687207
834957431
835191536
835432375
836390660
836594608
836797388
836964493
837135545
837301555
837504077
837672229
838088343
838309550
839087761
839281973
839456109
839658161
839821045
839990162
840157026
840326609
840492449
840696911
840863048
841065877
841232077
841467393
841703856
841904914
842073269
842307914
842453563
842593713
842799501
843033223
843270363
843438845
843704348
843876614
844085873
844250880
844417108
844552057
844718937
844922523
845128074
845294007
845503247
845698485
845869801
846069396
846270610
846471180
846705611
846875353
847074649
847242054
847478229
847649828
847880746
848050307
848216329
848384627
848556100
848726656
848934170
849065538
849232182
849402732
849551477
849746394
849913626
850082648
850285808
850491179
850753438
850955576
851129373
851331570
851578670
851770434
852045415
852254423
852523560
852694242
852896399
853062931
853302313
853543065
853742554
853953233
854147895
854382629
854621849
854852774
855088064
855293245
855561888
855727950
855928479
856129706
856332279
856601389
856836117
857036456
857283949
857550224
857720343
857889395
858156400
858332762
858525280
858763724
858964465
859168805
859339607
859501599
859771022
860012736
860275312
860510511
860784009
860954714
861191523
861422109
861658882
861862569
862033298
862262958
862469300
862713888
862910357
863144470
863318308
863516806
863786846
864060626
864290828
864524939
864733146
864893629
865132301
865364752
865534986
865800197
866038555
866205893
866414931
866709800
866947531
867147544
867314253
867519462
867774648
868005051
868207662
868449972
868719902
868984080
869184781
869390003
869595918
869806868
869968508
870203668
870456278
870657670
870834248
871028230
871232521
871467161
871701525
871939530
872213004
872380401
872548302
872714931
872915164
873153199
873419959
873622421
873823849
874024749
874202406
874396325
874565471
874802618
875034311
875209469
875370203
875608819
875846437
876043609
876277963
876483527
876714290
876955849
877158586
877360628
877627893
877862727
878032366
878251292
878480945
878648175
878849519
879086311
879286274
879522552
879724969
879927978
880125368
880263305
880430282
880630366
880799411
881003731
881205873
881336821
881539788
881738415
881972766
882143164
882309471
882487048
882586962
882754619
882958487
883122392
883296330
883495697
883742097
883911588
884044599
884250264
884451098
884653396
884822275
884998630
885191799
885361845
885495988
885630919
885835079
885970368
886233949
886438301
886605664
886807360
886978758
887175956
887347991
887482159
887617195
887819763
887988129
888186820
888322759
888555001
888790023
888998579
889165821
889435928
889602282
889769514
889974316
890207688
890409123
890577104
890716455
890879795
891081371
891281419
891483210
891685009
891888700
892066067
892224350
892426133
892597201
892795388
893033965
893233501
893433617
893568621
893770411
893904068
894105041
894273570
894474262
894677128
894911599
895083587
895316130
895481750
895718270
895917873
896152993
896324099
896523591
896691507
896893130
897063375
897194138
897395714
897597098
897799446
898001395
898177531
898378551
898547537
898748153
898948562
899085979
899287833
899491922
899657114
899858318
900059619
900233907
900470603
900632712
900867486
901073298
901244333
901441547
901674356
901842917
902011017
902182771
902347532
902591016
902751344
902924940
903166533
903324033
903528165
903662589
903836885
903965138
904098402
904335348
904546493
904714798
904920954
905153789
905353443
905527993
905721847
905933724
906165645
906334003
906506503
906710952
906913243
907085889
907282789
907483871
907684663
907921250
908123589
908260914
908426956
908628795
908830515
909007627
909200532
909400891
909575517
909804652
910012774
910173385
910374451
910544017
910746257
910946353
911178865
911413370
911618189
911853314
912054767
912189388
912361857
912557851
912760718
912937244
913168013
913374078
913572059
913805152
914007489
914208039
914381620
914546671
914747906
914959064
915084658
915290933
915486458
915728581
915856086
915995204
916193404
916361542
916528366
916764398
916973020
917168956
917375265
917545710
917711955
917880524
918113938
918284221
918485802
918657699
918888181
919121964
919334089
919558341
919725667
919893008
920108111
920304005
920505711
920706944
920906693
921047269
921279289
921503734
921714879
921872890
922048286
922249024
922452159
922655614
922830334
923026156
923167677
923431396
923629842
923764921
923900770
924134479
924303080
924470625
924671403
924872977
925042243
925278910
925481025
925577502
925713644
925948030
926153661
926354552
926557353
926797838
926997691
927207172
927369490
927602790
927806641
928040903
928241198
928477841
928644373
928850770
929050141
929287520
929461269
929621571
929798827
929994836
930195907
930401299
930599569
930771177
930971201
931204648
931444627
931645175
931781555
931982492
932156485
932388817
932596541
932760998
932934542
933134162
933272191
933470282
933704118
933871934
934072120
934277195
934478881
934724892
934927570
935128725
935329918
935467346
935602608
935839127
936040557
936275346
936444489
936612739
936747234
936946813
937184986
937349763
937556375
937787864
937996285
938158096
938339460
938573778
938738524
938917933
939113718
939280283
939449708
939690643
939887914
940122478
940323482
940527033
940759298
940936363
941129251
941371430
941568625
942858563
943099173
943329110
943475011
943620063
943785604
943951397
944125111
944566304
944727449
945572944
945763590
945999933
946169325
946370688
946544442
946709532
946875562
947075649
947310868
947526640
947729201
947862908
948067283
948233768
948434873
948608751
948738757
948945404
949138935
949339667
949510828
949711993
949843661
950047478
950214911
950417944
950551897
950719869
950853777
951022658
951259569
951393101
951593063
951794276
951970331
952165689
952341889
952543915
952740856
952874523
953084658
953256357
953459499
953691882
953859099
954060577
954194648
954436280
954602279
954769349
954940581
955104030
955307156
955475865
955687177
955878049
956014826
956213563
956419547
956688291
956922163
957157816
957325619
957498211
957765449
957935784
958135538
958339277
958538270
958777336
958940892
959107204
959345330
959648117
959882495
960059988
960318505
960588025
960821671
961060752
961260226
961423238
961693184
961894879
962128757
962297745
962508479
962707237
963012489
963213987
963383618
963618354
963754750
963985420
964222912
964492569
964770176
964939740
965121203
965351707
965587672
965856396
966059568
966262805
966466378
966663834
966867313
967071761
967270316
967437753
967671247
967871564
968108044
968277751
968418194
968614367
968786790
969018953
969251481
969428361
969661097
969940506
970106667
970339667
970516825
970714070
970913480
971081898
971316047
971527868
971722815
971888638
972060087
972262254
972502057
972701808
972902284
973106202
973340081
973545986
973775875
974046215
974313170
974481961
974791218
974991490
975234316
975426764
975600469
975835469
976069165
976306538
976509736
976777081
976977768
977182425
977416038
977685874
977888070
978088168
978261749
978423351
978595413
978826219
979094467
979295186
979498866
979700624
979944765
980104340
980282074
980472951
980674514
980840816
981043081
981284400
981445111
981650334
981886236
982118987
982308995
982474066
982656131
982820982
983021765
983292243
983490607
983724403
983860292
984094522
984296923
984463127
984670664
984866767
985068477
985308219
985512485
985686471
985917189
986117206
986321561
986523877
986722402
986992143
987226385
987462700
987705406
987936818
988137752
988344742
988543477
988775320
988978300
989177699
989385173
989549046
989749600
989953311
990153610
990394438
990661801
990894330
991128629
991334453
991567914
991746698
991940874
992210978
992441774
992647924
992883240
993153228
993387938
993592187
993826230
994029101
994261195
994445571
994607962
994841457
995049286
995315195
995548591
995720857
995921389
996092473
996323819
996526161
996761367
996963223
997136993
997367051
997569292
997770087
997971805
998170783
998408073
998681164
998888005
999120771
999322050
999557629
999829228
1000098150
1000329160
1000564916
1000802324
1001068134
1001201162
1001370671
1001571298
1001775307
1001974353
1002207988
1002376865
1002615800
1002822672
1003064894
1003302736
1003507736
1003669815
1003939895
1004178854
1004348826
1004616226
1004850206
1005026549
1005194022
1005421743
1005669093
1005830234
1006065530
1006341999
1006537085
1006679797
1006913008
1007140939
1007375594
1007586303
1007814599
1008022081
1008282678
1008551402
1008786169
1008889031
1009129571
1009328424
1009530794
1009665895
1009870022
1010068991
1010276849
1010437144
1010639912
1010843551
1011050259
1011246930
1011412750
1011622256
1011816044
1011988073
1012188641
1012425872
1012636271
1012859540
1013069717
1013306284
1013565957
1013741136
1013935612
1014172623
1014316798
1014547509
1014762039
1014952660
1015187577
1015393942
1015629700
1015829982
1016035152
1016305071
1016537685
1016740417
1016977080
1017246212
1017456597
1017614808
1017799723
1017987796
1018189224
1018363687
1018591911
1018801370
1019034574
1019266886
1019532972
1019771326
1020005880
1020245781
1020445049
1020684344
1020849267
1021059947
1021254584
1021456640
1021659233
1021924983
1022125564
1022293752
1022504569
1022748426
1022978841
1023113158
1023382663
1023554266
1023764588
1023956492
1024202411
1024400942
1024634620
1024840062
1025081746
1025281961
1025453975
1025684163
1025850484
1026086218
1026354122
1026564123
1026759434
1026960880
1027194423
1027396872
1027666455
1027835401
1028070934
1028275407
1028484561
1028710660
1028923071
1029160881
1029389243
1029656715
1029833196
1030098059
1030328823
1030566587
1030803903
1031034408
1031236258
1031439906
1031641687
1031807892
1032042161
1032254193
1032489161
1032721922
1032924443
1033130620
1033305872
1033568300
1033771736
1033984304
1034177615
1034412474
1034614417
1034849875
1035051430
1035257671
1035455676
1035700785
1035912803
1036137928
1036370895
1036541981
1036710081
1036925929
1037187947
1037421271
1037623687
1037858375
1038094305
1038329247
1038566565
1038767559
1038967726
1039207453
1039387956
1039617996
1039884325
1040056433
1040255024
1040421172
1040637911
1040867889
1041133838
1041337561
1041538072
1041745113
1041943675
1042180890
1042351351
1042553471
1042764316
1042998807
1043192801
1043396054
1043630196
1043830517
1044066886
1044272149
1044505332
1044742223
1044979745
1045213416
1045380117
1045548063
1045693574
1045953260
1046221853
1046423215
1046662522
1046929194
1047165409
1047332534
1047568002
1047872472
1048006812
1049349302
1049618568
1049805116
1050043931
1050274336
1050510209
1051050888
1051215728
1052062180
1052227437
1052455039
1052634748
1052864401
1053035008
1053233152
1053441782
1053673211
1053873871
1054010281
1054211380
1054447842
1054615973
1054820192
1054987712
1055223455
1055437567
1055633318
1055868646
1056070931
1056237422
1056448195
1056607295
1056750299
1056984275
1057220960
1057421183
1057689824
1057892087
1058062492
1058293812
1058480952
1058733407
1058869745
1059104789
1059308619
1059484923
1059643739
1059878217
1060014325
1060247945
1060451266
1060596412
1060754320
1060934476
1061066034
1061237655
1061406879
1061604557
1061742197
1061946498
1062117003
1062315185
1062453986
1062618917
1062789684
1062926957
1063160761
1063327647
1063500882
1063781725
1063984350
1064186139
1064419340
1064588408
1064789047
1065024911
1065196092
1065393201
1065630902
1065765218
1065929831
1066204447
1066438317
1066682418
1066884604
1067155726
1067354730
1067599148
1067794451
1067992905
1068161375
1068398772
1068664209
1068870139
1069070278
1069305970
1069506252
1069672787
1069945588
1070075195
1070288174
1070482454
1070694723
1070897796
1071061596
1071231827
1071465683
1071701194
1071903967
1072175632
1072376689
1072582666
1072815438
1073019038
1073218923
1073485863
1073721241
1073890150
1074090878
1074260700
1074529329
1074761798
1074895491
1075100088
1075270135
1075503439
1075673878
1075873156
1076111420
1076312092
1076479952
1076688365
1076850589
1077054949
1077256727
1077419806
1077625793
1077823693
1078029400
1078261949
1078498224
1078666918
1078903636
1079072724
1079238152
1079439857
1079611459
1079746681
1079949407
1080151047
1080352307
1080484975
1080655820
1080857292
1080992765
1081125249
1081327795
1081494888
1081737592
1081933237
1082101812
1082304507
1082472349
1082679081
1082878816
1083084390
1083283399
1083483338
1083615116
1083852957
1084019921
1084187223
1084389861
1084559987
1084793178
1084928064
1085098908
1085296397
1085498666
1085706313
1085872242
1086039858
1086243794
1086409993
1086610552
1086713902
1086947982
1087120444
1087285716
1087488074
1087654906
1087890812
1088104398
1088235167
1088474461
1088638225
1088810180
1089009084
1089210571
1089382169
1089580069
1089783922
1089987526
1090159534
1090353097
1090555311
1090725822
1090958804
1091128669
1091294379
1091500173
1091665405
1091869730
1092040579
1092203661
1092408106
1092607428
1092779161
1092910085
1093121704
1093320350
1093486873
1093589148
1093791617
1094023444
1094260437
1094435623
1094599535
1094802881
1095005381
1095213919
1095374083
1095544152
1095744557
1095949355
1096184590
1096384531
1096621820
1096857432
1097026205
1097164595
1097326713
1097529121
1097730773
1097905987
1098110112
1098274190
1098448580
1098680973
1098816461
1099053697
1099223825
1099390240
1099563245
1099761092
1099961820
1100163746
1100368580
1100539227
1100736160
1100971417
1101174989
1101340716
1101547619
1101743677
1101950509
1102150712
1102384264
1102625237
1102865432
1103135503
1103336460
1103535236
1103707263
1103944826
1104146753
1104381332
1104617501
1104818962
1105053193
1105255554
1105422229
1105594143
1105761717
1105998968
1106194289
1106336265
1106562892
1106733911
1106935774
1107135730
1107341191
1107541760
1107744860
1107915568
1108148019
1108320579
1108518563
1108751993
1108887462
1109121393
1109291880
1109491647
1109699516
1109895645
1110065899
1110268236
1110469384
1110641545
1110873034
1111074803
1111277751
1111444112
1111647182
1111817433
1112017921
1112185664
1112392897
1112555575
1112727977
1112892369
1113094708
1113326018
1113530270
1113738888
1113963847
1114099580
1114268027
1114408622
1114604393
1114771035
1114972199
1115139141
1115306629
1115543264
1115712192
1115882573
1116016337
1116191201
1116355401
1116528953
1116690424
1116864426
1117057427
1117225394
1117463450
1117695497
1117898507
1118064649
1118232315
1118402525
1118638322
1118839019
1119006460
1119241246
1119411615
1119552195
1119749048
1119945060
1120120529
1120281151
1120482175
1120684882
1120853794
1121054888
1121232652
1121426787
1121625547
1121829449
1122028642
1122239390
1122501977
1122667416
1122808719
1123006546
1123208233
1123376375
1123609732
1123819140
1124014843
1124184176
1124350494
1124552254
1124788586
1125027391
1125274737
1125394817
1125562149
1125803161
1126040425
1126282506
1126478795
1126711858
1126911871
1127114815
1127289482
1127558499
1127825017
1128093186
1128330075
1128566680
1128767452
1129001012
1129207010
1129439342
1129606398
1129806262
1130075538
1130322490
1130521256
1130752959
1130953710
1131228162
1131423744
1131693005
1131929787
1132129777
1132364308
1132599254
1132801483
1133012941
1133249836
1133476223
1133683949
1133880345
1134024127
1134255815
1134449055
1134697009
1134850894
1135031054
1135263128
1135459381
1135625489
1135825825
1136036719
1136271253
1136465424
1136634164
1136802556
1137043679
1137239762
1137438759
1137676325
1137880981
1138115453
1138350079
1138588041
1138824790
1139023281
1139262009
1139494633
1139669655
1139836835
1140039173
1140245617
1140421459
1140682371
1140951576
1141156605
1141391798
1141595268
1141794426
1142004061
1142233668
1142500908
1142677117
1142873155
1143041450
1143277617
1143410994
1143612518
1143790137
1143986544
1144189140
1144433413
1144634985
1144870039
1145107860
1145309267
1145484682
1145683565
1145949845
1146185777
1146420631
1146654768
1146825125
1147022242
1147257519
1147503399
1147695066
1147930197
1148132187
1148334884
1148511198
1148705092
1148873197
1149108043
1149307837
1149578403
1149754754
1150017553
1150282512
1150486136
1150723078
1150956683
1151157386
1151361518
1151538539
1151773245
1151997683
1152232309
1152402066
1152601543
1152839162
1153039172
1153239228
1153548655
1153784818
1153987531
1154226176
1154461340
1155747533
1156015797
1156187738
1156351985
1156590749
1156765139
1156994375
1157434163
1157661825
1158439142
1158669515
1158838331
1159044330
1159244318
1159460251
1159652412
1159854442
1160063072
1160293789
1160525626
1160731110
1160999319
1161199529
1161368074
1161605081
1161820658
1162011226
1162245917
1162449299
1162658084
1162833495
1163026661
1163261623
1163469516
1163636345
1163853430
1164012736
1164246410
1164381326
1164589604
1164826290
1164960633
1165132223
1165332671
1165570557
1165769030
1165939162
1166105819
1166242980
1166408249
1166577819
1166813850
1166947805
1167183041
1167324260
1167485906
1167662044
1167790644
1167990324
1168156699
1168325107
1168495586
1168660582
1168794777
1168929259
1169098372
1169267826
1169477703
1169679731
1169949823
1170260404
1170456846
1170659570
1170929176
1171161783
1171330764
1171567232
1171801030
1171999688
1172275642
1172470843
1172707453
1172876760
1173076620
1173243723
1173476961
1173683338
1173849675
1174015761
1174252379
1174489458
1174688705
1174893383
1175166490
1175401713
1175569969
1175810083
1175984837
1176212158
1176451635
1176620734
1176819250
1177018379
1177223932
1177422268
1177637453
1177904909
1178074331
1178310756
1178518871
1178659961
1178859968
1179061414
1179299561
1179497678
1179765346
1179972782
1180136007
1180379674
1180644449
1180875640
1181142915
1181352259
1181580888
1181816233
1182020483
1182227205
1182424037
1182636202
1182837381
1183080023
1183305090
1183477450
1183747171
1183977253
1184221654
1184459080
1184695888
1184929856
1185128755
1185400284
1185566664
1185776325
1185972223
1186141430
1186379267
1186579605
1186752330
1186982609
1187220753
1187422240
1187657075
1187959678
1188203182
1188438037
1188674207
1188945923
1189079495
1189312125
1189514329
1189715529
1189950693
1190185417
1190387773
1190622770
1190855655
1191095356
1191295854
1191505666
1191703593
1191870929
1192073972
1192277974
1192523501
1192751140
1192987639
1193157780
1193327319
1193493578
1193660819
1193834048
1194032314
1194204179
1194369384
1194569777
1194774157
1194881722
1195073880
1195312239
1195480334
1195680272
1195884956
1196051410
1196188044
1196453874
1196688980
1196860035
1197027745
1197196327
1197396811
1197567585
1197765943
1197968569
1198177907
1198375927
1198545663
1198748679
1198923357
1199084448
1199285267
1199484121
1199654464
1199890897
1199989229
1200226330
1200428328
1200597841
1200795192
1200996170
1201165647
1201333652
1201469688
1201639710
1201775256
1201944923
1202142020
1202312249
1202513598
1202746717
1202954324
1203218713
1203424478
1203630250
1203793304
1203995473
1204161064
1204395945
1204636376
1204866299
1205036716
1205203167
1205370570
1205508730
1205707669
1205873728
1206109036
1206245389
1206451942
1206657177
1206856007
1207090762
1207297552
1207494098
1207666617
1207865326
1208032657
1208240270
1208472685
1208683945
1208876244
1209082206
1209252332
1209451032
1209620402
1209787241
1209957347
1210124158
1210328204
1210564336
1210769906
1211003701
1211204986
1211378153
1211543428
1211717451
1211949890
1212115527
1212284045
1212521452
1212696225
1212862337
1213003303
1213202849
1213369454
1213570328
1213809520
1213976488
1214147872
1214403518
1214602855
1214800989
1215003849
1215171972
1215409066
1215576360
1215782143
1215945896
1216146021
1216384055
1216616694
1216791924
1217022301
1217186742
1217356963
1217559065
1217761822
1217959756
1218162657
1218396030
1218572919
1218767606
1218934313
1219067711
1219246775
1219476961
1219672271
1219841829
1220043549
1220275846
1220485793
1220714752
1220881379
1221050101
1221219405
1221383857
1221593564
1221721754
1221931753
1222127211
1222326514
1222500500
1222694161
1222938614
1223097802
1223275063
1223436751
1223609513
1223804958
1223973856
1224181130
1224409867
1224545197
1224710174
1224914699
1225115489
1225349114
1225484816
1225683507
1225857609
1226022200
1226224330
1226390918
1226558680
1226761263
1226967977
1227128138
1227331759
1227571731
1227803697
1227978251
1228175515
1228374723
1228581481
1228749855
1228922625
1229158017
1229361693
1229529287
1229729484
1229909463
1230132947
1230342321
1230537948
1230772511
1230975533
1231142030
1231278888
1231445659
1231613897
1231782290
1232022807
1232186556
1232388766
1232560125
1232723416
1232892373
1233091861
1233294523
1233461680
1233632601
1233831179
1234000092
1234169663
1234403618
1234640390
1234844304
1235045357
1235287988
1235480848
1235679330
1235922124
1236121229
1236324333
1236524590
1236758772
1236967593
1237167642
1237370570
1237537614
1237704452
1237873767
1238042518
1238244562
1238422440
1238615894
1238856988
1239032578
1239233003
1239401808
1239569501
1239775758
1240011496
1240208105
1240374471
1240542545
1240745245
1240912449
1241080545
1241282493
1241460205
1241622000
1241825091
1241993429
1242227618
1242430818
1242596449
1242706672
1242932271
1243141081
1243380787
1243605107
1243812064
1244007713
1244242499
1244415425
1244612272
1244849637
1245054492
1245249358
1245420207
1245553626
1245786804
1245986972
1246159917
1246395731
1246558476
1246694461
1246859401
1247028965
1247130152
1247301909
1247514017
1247708872
1247876819
1248011620
1248213647
1248381091
1248650232
1248861635
1249017540
1249219189
1249387479
1249623435
1249822991
1250025871
1250227606
1250397627
1250535455
1250769947
1251000816
1251241489
1251451800
1251645922
1251812479
1252013843
1252220469
1252419437
1252652591
1252797263
1253023193
1253259788
1253466750
1253701028
1253912378
1254170569
1254406336
1254582302
1254780465
1254917850
1255156358
1255362102
1255563168
1255802051
1256000678
1256175692
1256350856
1256587237
1256752616
1256920880
1257159814
1257360958
1257537106
1257731001
1257898036
1258070222
1258238266
1258475959
1258716286
1258952919
1259154200
1259355873
1259526287
1259725027
1259929062
1260094292
1260295859
1260462827
1260671380
1260906655
1262093765
1262331350
1262499949
1262667892
1262837071
1262967132
1263140188
1263340512
1263779049
1263909050
1264803292
1264965047
1265136287
1265269382
1265477122
1265671638
1265904026
1266074420
1266273980
1266481604
1266648464
1266819563
1266980140
1267156663
1267350424
1267416501
1267556450
1267691022
1267836283
1268027116
1268234203
1268469397
1268637357
1268842899
1269038670
1269186438
1269408711
1269546152
1269750941
1269911808
1270080514
1270218806
1270385429
1270552682
1270718392
1270887539
1271089353
1271256940
1271389822
1271559372
1271725478
1271831315
1271972266
1272173627
1272345349
1272561653
1272765864
1272959732
1273132857
1273363838
1273545878
1273732890
1273938678
1274146098
1274340960
1274482480
1274680131
1274813277
1274985487
1275189719
1275287276
1275453724
1275655785
1275870567
1276136849
1276405681
1276677864
1276879771
1277112938
1277285358
1277484545
1277688846
1277891865
1278095407
1278273608
1278472668
1278707827
1278912356
1279116874
1279380869
1279549093
1279781762
1279952558
1280152542
1280330492
1280556761
1280731836
1280898185
1281099911
1281269905
1281507748
1281742667
1281946402
1282146778
1282318846
1282485556
1282652875
1282853091
1283086065
1283289731
1283492284
1283698988
1283894848
1284095103
1284300298
1284532440
1284708213
1284936050
1285171271
1285383366
1285574449
1285748017
1285984768
1286152371
1286286586
1286490075
1286664962
1286859330
1287028544
1287226646
1287427035
1287542491
1287682272
1287883552
1288116091
1288324591
1288529863
1288734572
1288899940
1289107837
1289371542
1289569672
1289742393
1289974032
1290145173
1290282605
1290516858
1290720997
1290953572
1291127118
1291356661
1291526799
1291730218
1291960180
1292165327
1292403452
1292599943
1292806802
1293037842
1293237808
1293373806
1293505676
1293709806
1293846417
1294015145
1294181579
1294417853
1294686042
1294922285
1295124631
1295291439
1295533405
1295705265
1295939412
1296141787
1296344243
1296481095
1296680056
1296916143
1297051887
1297218395
1297458473
1297663242
1297831309
1298001206
1298204305
1298373433
1298602676
1298841958
1299075600
1299274671
1299512013
1299644811
1299813600
1300050170
1300252478
1300489024
1300755785
1300936410
1301143283
1301379343
1301548888
1301714627
1301922743
1302187822
1302385884
1302595027
1302759568
1302957349
1303194335
1303361186
1303564644
1303798179
1303969419
1304174334
1304373897
1304542085
1304774516
1304974414
1305144048
1305380460
1305548999
1305718293
1305953994
1306124584
1306326046
1306501317
1306702107
1306909623
1307103403
1307274576
1307440115
1307614662
1307781151
1307989543
1308153813
1308353789
1308521574
1308722865
1308960162
1309159454
1309359880
1309564231
1309802303
1310036153
1310272442
1310441313
1310677923
1310908497
1311109643
1311280920
1311512259
1311649666
1311815166
1312023943
1312219290
1312423906
1312557724
1312789158
1312925822
1313125663
1313262531
1313494546
1313665585
1313896803
1314136652
1314339595
1314570371
1314773016
1314976063
1315208839
1315382614
1315616594
1315848189
1316056053
1316220426
1316488268
1316655906
1316822712
1316959350
1317161636
1317405101
1317641128
1317807287
1317972807
1318141119
1318307403
1318512774
1318753118
1318949909
1319184199
1319354728
1319556498
1319726525
1319961485
1320197483
1320402013
1320566614
1320736921
1320903597
1321169527
1321371028
1321572099
1321706562
1321909286
1322116239
1322279433
1322451039
1322651066
1322818262
1322985183
1323188101
1323388490
1323555526
1323758995
1323858939
1324094536
1324327291
1324498513
1324667908
1324870506
1325103798
1325272127
1325441323
1325674921
1325844533
1326049475
1326217118
1326389390
1326591290
1326757579
1326959787
1327125087
1327325104
1327499896
1327694807
1327937818
1328178786
1328370937
1328538606
1328706581
1328906840
1329075297
1329287208
1329478965
1329681951
1329855352
1330049092
1330292655
1330489131
1330704744
1330940149
1331074516
1331278804
1331443745
1331713687
1331917723
1332151753
1332323724
1332519888
1332719521
1332923926
1333124313
1333294005
1333458711
1333666593
1333864587
1334070527
1334306177
1334473020
1334686272
1334810734
1335079398
1335255893
1335415367
1335592617
1335820033
1336032788
1336189397
1336364511
1336525254
1336698501
1336934626
1337131170
1337372097
1337498582
1337707644
1337941935
1338105243
1338276838
1338473120
1338614711
1338844002
1339011710
1339213220
1339391686
1339624444
1339853402
1340062844
1340258528
1340423797
1340592117
1340828168
1341027972
1341230990
1341401470
1341569330
1341801516
1342002298
1342169778
1342311241
1342474806
1342708468
1342908811
1343082688
1343318480
1343512213
1343715156
1343848697
1344090229
1344287567
1344487373
1344688310
1344889831
1345058975
1345224712
1345431962
1345627637
1345798748
1346010771
1346202173
1346370252
1346536790
1346739441
1347015654
1347242932
1347411644
1347648885
1347849144
1348052301
1348359285
1348589404
1348803986
1348991760
1349225937
1349469898
1349704169
1349966079
1350239321
1350439958
1350611595
1350819691
1351018883
1351251493
1351454681
1351691004
1351959785
1352168998
1352364008
1352529706
1352697924
1352900220
1353134043
1353302641
1353534907
1353746769
1353906975
1354084652
1354241588
1354416369
1354611516
1354853219
1355016065
1355189513
1355350338
1355525191
1355759543
1355954258
1356158027
1356403739
1356600397
1356774740
1356937922
1357136243
1357313290
1357516248
1357718147
1357919064
1358127887
1358325899
1358526629
1358762319
1358962543
1359164038
1359366843
1359534815
1359741453
1359941954
1360111466
1360251980
1360446426
1360614083
1360822275
1360983921
1361186414
1361355289
1361525847
1361758244
1361934145
1362128931
1362361035
1362563841
1362731788
1362937922
1363173864
1363340066
1363570994
1363808739
1364042228
1364244540
1364413191
1364619364
1364792084
1364966420
1365200980
1365395629
1365567386
1365731281
1365939960
1366104035
1366273069
1366408496
1366548449
1366746642
1366886843
1367080731
1367283484
1368490581
1368726370
1368894652
1369094577
1369233109
1369437122
1369638651
1369808433
1370176941
1370370486
1371182021
1371319005
1371455841
1371556506
1371720987
1371922758
1372057414
1372224167
1372361379
1372534107
1372693588
1372895876
1373096862
1373298853
1373503739
1373637550
1373838828
1374073645
1374220690
1374409363
1374550629
1374716067
1374898183
1375088645
1375260564
1375458719
1375660440
1375829891
1376029402
1376241415
1376432892
1376575055
1376701485
1376805052
1376917272
1377108140
1377251515
1377419465
1377556620
1377756455
1377890773
1378093101
1378269449
1378395643
1378566233
1378766111
1378904511
1379105271
1379288869
1379518052
1379651168
1379820095
1380020300
1380187459
1380358702
1380492053
1380666234
1380831208
1380972606
1381188148
1381353224
1381525039
1381661306
1381858451
1382093484
1382297038
1382464769
1382636416
1382768367
1382967660
1383166693
1383369912
1383570925
1383739427
1383943371
1384113266
1384281481
1384446429
1384618432
1384782101
1385023984
1385189547
1385390090
1385557965
1385792442
1386030384
1386260862
1386430922
1386668790
1386902554
1387105136
1387308734
1387474269
1387677963
1387909678
1388147184
1388383862
1388616477
1388818815
1389021179
1389220804
1389420751
1389623233
1389860652
1390094215
1390332557
1390497934
1390706132
1390904882
1391080351
1391274105
1391508855
1391712490
1391910047
1392147370
1392315645
1392515265
1392754000
1392951584
1393118580
1393323184
1393556548
1393761627
1393924658
1394098389
1394298633
1394532304
1394735720
1394940110
1395142513
1395381993
1395612529
1395757745
1395955824
1396126923
1396361258
1396596257
1396805895
1396998937
1397200081
1397405562
1397537349
1397704808
1397938503
1398145784
1398342600
1398509777
1398713358
1398912653
1399084863
1399251560
1399423691
1399622888
1399759576
1399960651
1400171791
1400393940
1400598677
1400808084
1400971154
1401178657
1401409509
1401583835
1401749402
1401949776
1402154883
1402352533
1402525340
1402723526
1402923936
1403094996
1403302170
1403509462
1403742021
1403910419
1404147907
1404348030
1404584590
1404861547
1405104276
1405368577
1405637756
1405841576
1406140519
1406375474
1406645015
1406895052
1407133333
1407302513
1407502114
1407740910
