0
32184
65414
104938
134641
170132
207708
233415
266880
302775
337142
369293
400838
437528
471330
800829
809332
832896
865445
899537
934963
968397
998426
1037694
1243772
1545114
1746028
2489650
2685879
3160127
3368716
3600332
3846770
4006545
4243122
4460602
4732493
4962221
5203523
5433132
5635641
5875690
6087115
6229446
6460395
6630074
6829380
6998773
7200892
7401969
7585043
7845420
8045136
8258412
8487534
8653861
8889443
9090849
9328107
9529744
9698771
9910398
10145179
10316872
10557032
10760077
10998022
11197520
11400213
11568853
11771068
11937384
12173817
12375191
12610821
12844691
13091074
13282921
13522450
13723945
13925348
14058894
14229036
14460666
14673523
14867939
15101990
15237498
15444577
15606459
15842044
16085136
16287024
16486474
16723420
16959574
17191939
17430518
17596234
17800337
17967789
18168488
18338837
18539007
18771951
18975241
19241165
19476359
19720607
19984465
20152836
20367253
20598516
20835810
21037903
21239329
21476199
21682548
21849823
22085937
22285692
22454904
22706463
22910301
23179128
23413548
23614725
23815408
24055152
24287459
24457988
24658567
24859406
24994026
25236026
25409022
25575200
25815215
26016301
26219496
26454100
26690094
26926101
27103871
27335750
27606342
27808350
28047388
28282174
28554691
28755436
28990381
29231830
29466096
29701020
29876330
30107560
30343320
30577091
30815145
30983522
31221731
31454029
31657853
31894080
32059767
32232557
32432005
32666163
32870118
33071118
33304416
33539802
33810711
34046183
34314822
34480642
34716038
34922205
35185650
35420571
35624509
35790943
35960015
36162341
36331690
36468065
36669286
36870936
37104779
37282201
37511668
37709324
37878291
38081783
38253449
38449838
38621619
38821174
39059623
39297026
39460834
39634916
39833187
39970621
40200887
40368515
40574372
40806266
41039384
41277558
41545619
41748228
42000256
42237504
42538065
42770749
42982824
43211515
43415112
43691873
43920025
44194803
44428623
44802110
45104494
45346273
45686293
46022756
46323880
46631899
46911050
47313592
47581419
47895197
48232836
48503397
48837705
49041629
49343687
49583526
49883854
50188852
50490098
50693549
50930502
51234036
51570078
51774877
52043510
52349270
52614203
52919755
53274990
53548906
53855967
54087158
54421540
54761791
55108728
55482341
55816299
56154300
56459478
56729432
57067377
57335158
57537542
57804347
58071519
58290366
58644453
58851398
59119240
59460716
59735310
60037614
60275480
60573483
60882126
61216525
61555761
61889716
62189348
62464079
62767359
63030930
63370003
63604269
63919963
64185315
64492953
64829821
65107393
65408437
65684892
65991165
66326212
66634996
66934783
67212607
67445308
67744655
68053751
68400907
68660752
68904805
69173681
69474238
69715072
70017006
70365607
70594738
70899429
71106714
71373301
71673053
71942369
72212693
72547238
72787922
72990450
73223430
73494408
73802161
74098011
74368685
74636429
74900706
75146122
75420974
75683929
75956969
76261426
76504788
76800581
77069641
77368640
77604720
77852881
78090843
78363714
78595688
78972683
79237110
79508793
79744061
80046467
80251137
80526811
80862547
81129878
81435456
81668359
81881714
82150038
82387263
82620583
82929910
83190942
83496584
83733696
84034706
84303637
84545248
84814054
85143243
85448862
85684320
85987751
86254146
86558679
86861392
87165979
87469014
87710544
87953514
88264824
88462419
88732573
89008923
89269101
89540862
89807387
90076011
90415265
90692508
90924283
91219731
91423319
91725594
92039199
92329250
92566186
92832322
93111070
93388564
93650123
93950416
94157481
94393108
94656171
94856191
95093686
95299850
95632213
95870996
96141186
96417607
96711243
96989921
97257041
97494692
97769491
98031915
98266295
98569512
98806393
99053355
99328611
99595958
99904775
100172169
100437613
100738793
101044173
101317546
101592119
101785296
101987572
102264408
102569102
102804761
103007381
103286183
103553710
103823430
104058885
104368412
104563173
104877501
105136199
105475321
105779384
106049233
106285385
106593608
106863934
107174515
107510672
107783101
108087838
108389467
108760132
108939634
109244432
109544313
109819136
110152842
110399227
111392666
111736812
112016818
112316238
113094432
113320917
113783770
114038060
114312554
114540583
114817727
115125572
115346635
115586801
115889001
116193041
116471194
116703572
116974037
117212699
117547146
117751526
118020705
118321926
118558091
118758716
119060245
119295872
119576263
119812236
120087080
120351970
120618996
120955538
121199884
121389947
121698415
121901247
122208809
122471285
122705097
123007891
123276371
123613276
123923188
124192624
124494968
124764522
125007918
125246900
125437151
125671941
125875747
126108170
126279965
126547368
126854440
127121706
127372075
127613735
127841126
128080461
128380290
128553136
128784752
128990203
129258597
129528552
129832912
130072601
130410062
130722150
131010068
131242656
131544180
131858488
132130265
132374512
132675635
132990188
133288729
133557570
133861927
134165756
134500033
134743509
135005620
135304459
135614230
135814004
136051228
136323706
136621424
136989633
137292103
137560069
137862513
138105748
138335585
138675982
138978753
139292278
139525007
139863163
140235351
140535205
140811567
141076579
141378682
141749634
142086771
142392639
142693006
142930361
143267968
143544459
143853534
144112506
144357000
144692446
145029890
145398703
145735078
146003411
146271176
146549938
146811099
147115497
147430146
147770260
148079707
148448603
148821279
149157560
149531307
149736758
150075557
150312938
150693735
150989189
151258966
151487794
151665325
152002572
152299010
152531344
152833818
153108226
153374651
153685245
153983118
154293262
154597435
154802636
155105019
155407233
155732202
156023390
156361095
156663277
156900539
157170892
157502463
157804266
158082501
158381872
158717808
159017514
159361862
159658891
159999084
160300300
160569508
160873168
161139527
161447923
161716128
162052170
162318763
162623110
162957237
163194386
163497822
163780466
164054080
164388904
164629090
164857800
165168976
165433614
165705011
166015495
166354674
166728707
167039664
167375947
167613321
167890728
168118422
168385173
168692686
168926013
169270789
169511212
169740063
169975886
170214615
170480823
170785899
171051914
171286416
171493569
171730460
171941300
172281471
172517655
172819307
173121026
173457095
173826304
174161667
174429124
174732726
175033500
175309894
175607950
175945248
176212504
176552257
176856191
177190257
177495399
177734542
178009456
178203892
178475971
178777377
179082474
179420228
179720651
180076560
180393154
180587259
180891448
181225261
181560633
181898346
182203763
182440437
182676590
182910141
183214500
183552038
183854573
184097618
184359235
184698563
185034896
185303826
185675250
185950243
186261499
186535127
186770008
187036172
187308510
187577909
187944565
188250753
188519165
188829231
189095079
189394159
189704042
189979094
190208437
190447841
190750601
190982589
191294301
191562757
191801519
192003092
192171324
192472636
192754056
193025799
193324144
193626149
193829120
194030769
194334098
194536157
194772094
195073913
195307178
195542349
195882909
196080940
196353391
196661382
196969032
197274516
197538716
197844436
198075195
198309986
198547671
198847527
199048198
199315561
199587497
199857118
200090945
200363197
200671697
201008988
201274172
201513934
201812586
202148699
202483495
202693960
202962809
203300471
203567964
203803056
204071789
204343462
204683299
204979514
205287557
205588942
205863049
206157394
206371404
206629480
206902209
207146273
207483498
207742653
207975556
208245187
208549175
208884250
209186999
209397809
209661344
209936727
210203644
210516633
210809158
211082459
211313309
211527579
211790064
212123451
212290994
212569314
212837051
213175261
213449038
213788485
214086258
214355582
214660296
214897305
215234887
215576493
215910857
216189404
216500245
216833844
217129455
217398724
217672256
218002734
218307051
218548275
218816242
219082592
219306201
219579036
219846930
220183890
220456257
220691538
220959071
221950432
222255975
222556290
222797020
223640638
224311291
224611692
224943556
225252663
225493571
225796544
226008976
226268049
226535421
226848202
227112285
227453767
227696201
227956890
228225830
228424976
228629668
228897724
229168407
229404558
229677675
229946018
230215078
230489062
230758444
231096489
231294087
231530869
231802045
231936244
232203561
232475941
232750089
233007915
233317416
233553388
233823389
234022283
234273492
234505854
234781728
235077561
235315987
235560160
235757601
235990598
236224962
236497065
236802096
237034001
237302220
237539132
237776851
237976404
238282295
238548410
238716375
238949461
239120237
239355350
239621703
239892104
240169355
240399292
240666300
240906032
241144937
241417543
241718085
241957416
242197828
242527530
242830093
243061614
243403623
243672741
243973872
244220607
244524914
244761967
245096935
245333386
245576281
245771513
246008549
246247153
246515159
246716542
246922298
247159898
247430629
247666293
247946117
248240137
248518595
248816036
249122631
249432730
249666899
249903935
250123749
250423512
250697262
250968798
251275691
251577460
251881009
252080294
252382511
252693075
252960117
253159504
253424801
253706212
254001089
254338336
254570809
254841103
255108811
255310315
255553679
255856398
256092495
256363318
256667901
256939499
257205035
257507619
257833557
258142489
258453441
258645602
258848991
259183537
259489146
259767021
259996107
260344950
260608725
260947055
261183582
261524049
261822244
262058481
262259949
262494689
262828477
263204867
263505511
263740362
263975692
264241829
264580435
264908567
265165517
265440284
265741310
266018676
266267240
266465503
266672862
266974292
267284928
267595306
267861794
268126054
268364791
268638696
268942458
269275742
269547832
269817380
270085031
270392427
270696456
271033615
271271561
271642753
271878323
272179087
272445155
272751785
273030222
273394273
273669042
273969712
274170839
274407074
274676722
274983899
275260961
275529443
275798496
276102022
276372123
276705344
277010742
277313344
277618621
277917285
278153261
278457099
278771915
279037226
279306890
279569853
279874606
280141908
280312549
280548380
280817301
281100126
281332346
281676373
281949269
282216496
282520673
282834462
283130630
283466280
283740444
284041099
284360577
284661267
284994111
285203381
285505078
285775966
286107542
286382949
286713357
286985746
287285066
287563122
287858237
288094100
288429821
288701150
288979020
289280049
289588113
289850570
290118588
290422293
290792002
291095965
291370032
291605018
291872710
292106616
292403744
292705699
292951995
293215249
293452068
293751030
294023155
294328905
294560376
294831126
295170628
295472907
295727841
296041457
296311228
296579195
296882166
297186619
297528466
297797608
298143000
298445825
298745224
298986770
299356034
299664999
299904184
300238456
300529240
300862524
301131718
301452706
301713608
301961498
302298130
302635742
302906980
303190477
303365026
303665602
303967831
304248024
304545656
304815005
305120143
305389560
305687967
305866967
306094788
306302879
306605238
306938484
307175954
307486797
307814924
308016320
308284039
308518274
308788435
309124944
309391834
309625588
309904313
310139506
310480155
310750747
311018613
311259750
311525388
311893327
312192447
312506939
312774756
313056362
313316743
313623239
313921244
314256331
314558011
314863998
315168053
315466554
315742137
315980353
316319259
316578951
316887840
317123976
317392011
317698152
318006271
318347825
318604037
318851859
319056001
319322313
319591697
319792184
320036366
320339979
320577993
320842134
321211703
321484643
321724509
321987058
322223082
322558735
322836500
323100526
323408357
323671023
323971276
324207308
324525143
324819946
325156606
325430101
325769236
326075056
326339962
326642533
326924913
327227894
327556160
327805855
328100949
328399027
328667714
328947276
329216445
329500744
329795706
330132240
330470073
330843733
331138446
331514777
332638531
332985700
333287686
333551224
334331114
334594977
335002455
335232033
335510884
335782063
336049497
336390400
336685197
337023710
337325573
337563360
337807623
338110936
338464345
338733942
339067181
339344035
339649763
339885243
340128949
340426695
340712207
340949470
341252064
341553245
341792147
342091188
342370761
342605339
342852513
343147699
343414686
343682920
343984310
344153002
344454251
344723111
344979468
345273449
345607945
345848510
346150509
346458255
346691882
347005336
347313316
347620492
348032940
348297293
348535120
348738834
348947382
349211926
349511279
349744779
349956812
350118287
350387536
350588581
350822636
351060908
351390407
351636000
351977646
352297142
352532231
352832753
353132604
353472655
353793085
354095918
354300458
354530404
354867711
355141375
355346193
355646725
355879289
356230323
356530045
356901903
357172494
357416433
357711367
358046935
358348035
358691555
359029669
359331236
359663955
359935810
360177114
360452052
360718204
360949966
361221147
361518263
361756241
362057636
362293269
362542834
362786264
363051506
363388536
363690862
363924048
364200375
364402421
364671387
364841680
365073912
365275268
365516475
365685594
365904419
366139057
366339140
366506826
366708994
366980173
367247092
367486276
367688675
367920221
368124792
368426798
368769266
369072340
369338431
369610869
369893917
370192566
370461169
370772349
371006126
371242219
371549136
371785353
372064581
372333378
372602613
373004716
373311852
373617917
373952271
374218990
374525075
374794950
375070692
375346025
375577436
375856293
376056591
376331484
376498216
376832693
377169034
377508174
377841452
378109897
378389594
378616541
378851148
379117601
379353575
379655827
379896189
380194438
380563340
380799200
381101570
381370829
381708986
381974381
382208200
382379679
382613228
382863086
383136343
383374351
383638498
383811382
384118519
384383574
384725063
384991801
385193685
385435816
385699640
386000414
386239109
386479278
386709200
386943088
387212874
387487216
387849518
388184705
388500443
388839818
389171913
389473564
389708489
389945135
390215165
390524444
390821594
391101398
391272499
391547376
391843181
392111478
392312092
392555159
392823048
393056670
393230924
393570987
393805732
394107820
394444111
394754155
395065999
395235163
395535933
395807746
396080145
396346569
396721585
397022255
397231427
397506463
397801695
398038378
398372826
398580888
398877099
399046166
399319347
399654955
399960977
400283922
400622201
400894459
401194091
401466191
401764153
402002145
402303192
402572106
402842381
403177424
403388707
403614735
403937598
404207255
404384300
404614429
404885712
405164130
405440672
405608303
405848466
406086519
406355168
406629979
406895902
407233938
407438466
407672377
407907309
408152222
408451674
408720913
408952926
409258372
409530442
409802677
410103998
410373112
410708319
410975053
411247788
411523783
411786906
412087244
412321471
412535095
412831424
413166267
413506041
413775661
414076804
414384563
414652108
414954793
415231879
415461160
415797989
416041422
416368824
416637683
416876112
417109734
417414019
417618779
417888035
418191892
418504141
418741466
419075220
419389516
419637796
419800985
420077808
420383434
420585421
420854986
421157789
421434437
421739522
422015656
422310990
422646948
422914482
423217670
423521963
423802369
424041245
424332164
424609687
424875752
425177773
425496618
425766059
426075767
426340202
426639749
426851296
427184327
427484382
427786655
428155867
428433464
428692682
429063717
429400798
429701124
429953593
430225355
430485503
430757484
431059322
431360935
431630843
431923255
432314599
432692030
432938493
433230580
433365364
433635053
433903815
434205271
434441352
434743404
435076630
435284881
435483266
435752052
436060895
436327486
436636076
436875030
437137606
437369171
437675096
437986467
438312685
438572575
438900389
439239652
439506923
439739808
440041648
440256734
440591638
440901251
441240615
441541113
441874368
442190351
443163065
443440670
443675108
443978470
444868643
445093704
445541280
445847700
446147408
446444661
446819365
447057835
447327764
447668181
447938072
448248922
448542275
448918602
449260782
449594286
449892388
450133851
450400923
450705115
450957928
451181974
451384754
451689912
451969248
452227539
452494525
452764499
453068134
453343863
453612024
453912491
454181487
454422070
454666493
454955671
455157957
455392744
455651175
455954970
456188627
456530332
456804047
457096224
457402135
457636030
457940684
458154387
458385992
458612965
458960910
459306027
459541983
459751257
460016128
460251993
460535760
460781777
461052213
461285921
461587255
461797517
462090113
462401657
462773662
463117987
463491505
463790831
464096023
464396581
464561783
464803557
465038056
465341686
465575130
465911919
466252523
466485905
466761745
466959324
467206197
467506386
467807333
468112095
468315928
468655071
468932375
469381858
469617111
469924315
470188845
470493184
470798682
471035531
471280014
471581982
471917567
472260934
472528729
472766173
473067956
473372008
473647509
473988964
474290629
474629096
475008378
475303533
475642179
475880136
476195341
476554781
476890050
477206554
477478788
477753500
477985024
478287240
478535311
478800656
479206160
479626049
479962408
480303004
480572007
480843794
481156712
481449541
481794751
482232221
482508746
482904358
483179052
483447860
483748070
484017148
484353996
484729715
485028435
485332574
485502761
485769284
486003467
486238600
486507642
486712561
486949632
487152339
487392305
487625507
487900630
488134659
488368234
488603697
488838710
489075118
489276493
489483917
489712669
489988961
490255824
490522590
490789385
491032374
491307316
491656932
491895270
492173288
492482698
492718860
492956864
493225547
493530322
493871547
494191515
494494194
494798780
495106950
495341097
495579994
495850263
496155103
496358172
496624498
496891422
497095275
497336230
497639305
497944023
498179273
498383128
498653302
498924197
499194542
499462387
499733778
500041181
500412188
500715210
500980791
501218544
501520238
501827560
502101757
502368751
502669962
502876383
503148950
503415464
503716109
503884984
504255696
504563309
504834107
505063537
505364755
505640173
505914253
506190411
506416535
506690747
506998439
507298628
507632906
507874675
508109839
508413394
508714903
508990559
509195029
509465818
509699844
509983730
510217762
510559074
510890660
511172691
511447871
511786283
512016690
512318608
512591533
512827223
513130658
513433138
513735447
513982059
514212077
514489667
514763960
515026307
515234077
515570093
515838390
516138247
516409206
516644735
516916050
517259343
517506662
517778615
518017734
518220062
518415713
518687865
519021064
519294199
519627793
519898237
520166891
520455670
520763028
521068462
521403408
521668806
522004391
522246043
522547519
522856762
523191161
523433616
523733559
524139199
524439447
524706913
525045450
525279385
525583343
525883798
526184920
526423991
526724888
526999994
527275534
527540198
527774422
528055024
528356925
528694862
529029792
529370652
529647283
529893941
530152537
530457428
530727722
530995747
531301515
531502872
531738608
532081779
532452978
532754958
532992097
533274906
533463589
533800030
534136119
534408375
534684038
534882993
535291232
535557394
535824257
536162713
536441210
536709101
537020846
537330328
537596136
537872654
538121004
538411586
538744713
538991314
539260259
539598049
539907143
540240699
540619582
540954320
541291864
541591941
541895688
542230271
542584989
542991506
543265085
543539451
543834962
544150540
544420758
544737902
545156981
545519246
545897130
546265158
546561822
546862806
547133840
547413932
547718297
548020521
548332423
548573251
548914322
549220222
549460513
549769093
550110565
550411885
550787747
551056092
551268556
551496286
551767363
552038939
552342097
552645477
552924637
553651919
553952174
554214939
554453419
555341855
555599060
556011575
556316610
556620433
556922519
557223658
557494680
557801160
558047123
558304863
558539626
558847564
559115863
559397233
559585477
559856023
560094809
560361529
560628014
560896681
561199015
561501420
561703730
562043487
562350136
562622364
562920131
563258458
563566917
563870879
564144645
564454554
564715489
564950012
565258117
565523951
565866433
566169185
566480953
566741742
567025172
567330886
567671132
567973114
568281600
568585724
568922332
569226400
569536731
569842080
570108444
570453253
570683122
570949640
571187791
571355520
571655938
571956179
572295836
572569790
572868947
573173491
573443052
573743725
574084018
574416964
574689295
575026077
575332799
575621663
575954857
576258334
576637738
576900687
577306297
577647495
577887851
578158214
578461453
578800618
579039281
579348586
579656952
579928676
580164466
580497427
580810609
581115857
581415030
581619155
581923167
582332055
582646900
583038514
583238390
583537981
583845666
584184627
584514736
584818481
585089607
585461625
585804738
586102563
586440529
586742472
587079403
587347665
587655747
588059713
588328610
588599554
588903164
589186639
589456449
589691972
590010940
590414710
590753616
591094132
591378029
591645511
591982637
592260173
592526261
592731799
593044322
593314653
593648655
593886493
594153373
594425041
594761535
595064201
595366467
595736868
596039478
596378134
596715963
596950900
597188555
597553096
597862377
598194447
598497782
598736637
599135411
599505191
599780674
600116957
600457063
600825797
601127963
601434308
601717240
602012951
602389788
602689865
603025155
603326254
603670962
603971133
604213462
604514792
604757054
605051700
605289476
605522082
605766680
606008044
606280162
606515907
606789474
607054396
607369843
607651500
607887846
608091138
608390687
608696255
609032836
609369340
609636325
609943571
610246104
610549077
610960694
611234285
611518175
611848019
612184313
612520531
612896588
613194171
613529022
613837735
614101607
614410873
614713194
615014016
615255653
615492828
615770158
616097018
616399160
616737706
617075059
617409749
617679499
617884721
618186323
618484849
618789629
619054386
619300174
619598987
619909188
620207533
620523482
620841623
621147489
621456267
621731640
622042530
622340728
622717135
623085432
623420310
623765149
624071689
624309661
624681248
625014048
625253151
625520255
625856128
626058127
626359967
626705417
627001567
627377016
627678719
628052389
628330473
628681340
628950919
629261200
629642504
629944349
630247548
630587655
630830171
631096455
631432385
631672547
631971473
632271996
632552745
632863538
633199232
633535407
633846719
634174913
634520551
634823694
635071767
635376025
635812450
636084599
636422388
636691096
637002070
637337586
637635124
638012563
638306265
638583488
638886521
639190299
639492532
639777417
640147841
640488003
640790687
641166774
641408843
641632702
641966825
642269301
642579014
642851308
643183438
643499950
643832939
644204157
644478989
644789690
645088825
645425607
645811055
646104846
646376558
646679239
647013766
647286558
647554933
647861317
648140053
648477776
648778599
649217851
649491555
649790022
650129216
650402128
650742855
651115645
651417637
651690607
651958864
652333280
652578284
652919477
653211465
653476791
653818782
654201234
654503256
654840656
655078893
655446370
655820339
655990011
656257802
656561580
656863068
657133525
657435661
657648743
657988998
658325364
658663017
658998752
659332540
659627352
659894292
660202493
660482099
660746769
661067887
661380002
661602997
661906592
662242722
662515051
662816138
663082521
663281582
664698219
665077214
665388691
666399761
666694186
667071928
667373756
667600596
667911509
668239171
668543103
668813349
669148707
669486015
669690037
669891767
670192804
670439179
670630073
670897348
671205105
671388068
671589860
671828167
672060212
672395893
672665235
672971216
673239452
673441476
673688507
673986760
674323276
674626303
674893408
675168948
675431310
675672593
675981969
676313299
676522295
676860135
677154553
677436189
677704233
677908868
678141385
678409125
678678943
678980585
679252782
679560320
679857065
680108658
680379365
680593633
680786725
681054655
681344321
681636914
681909005
682179685
682411250
682690988
682971142
683227154
683529057
683832747
684134909
684470997
684806456
685111774
685378333
685682653
685883097
686119016
686422521
686690791
686997952
687346447
687607751
687955560
688368275
688665229
688970373
689201056
689438812
689712340
689908525
690213108
690485544
690752776
690995169
691462430
691774665
692084712
692382589
692685050
693021326
693323180
693693404
693995122
694240967
694541132
694809587
695146412
695386292
695618168
695921477
696224352
696498074
696773775
697117135
697384566
697586320
697857927
698167301
698440441
698740842
699077422
699311025
699651437
699922362
700127996
700498041
700836349
701137007
701401876
701738761
702075720
702275544
702553324
702951031
703288884
703629052
703864450
704169828
704580025
704878903
705184454
705506880
705807073
706109559
706246967
706479108
706749280
707051989
707388460
707691190
708009079
708319334
708582690
708882354
709151200
709419469
709664741
709995586
710295739
710495521
710834227
711136277
711473749
711775486
712076185
712377974
712689701
712884329
713088266
713361611
713661976
713825756
714134803
714508856
714844802
715149436
715353667
715658755
715993007
716260761
716408347
716664755
716970038
717311481
717650319
717919972
718224164
718433890
718782603
719078683
719420799
719688462
719990913
720295365
720665726
720967518
721269049
721539051
721816727
722082195
722384344
722722507
723021704
723331771
723660678
723938323
724239014
724541441
724812547
725113365
725312827
725519495
725761387
726009902
726246646
726514744
726747576
727025088
727327093
727615101
727883274
728130382
728429595
728733480
729002180
729290272
729476015
729781371
729982998
730289915
730690689
730964463
731264439
731495666
731870831
732172594
732478522
732816130
733150680
733458404
733676307
734018359
734380757
734699110
734963136
735203018
735402206
735717851
736012868
736323764
736624344
737028728
737299203
737659281
738034299
738339217
738689851
739096904
739404311
739636042
740045840
740349043
740717917
740954012
741267788
741535967
741847980
742185257
742542807
742813782
743164637
743511303
743822383
744121959
744424856
744724445
744960986
745308719
745547070
745921802
746224089
746528128
746760835
747130622
747404498
747772890
748119975
748450940
748756953
749029036
749365287
749698985
750038993
750342500
750579427
750881885
751184723
751491188
751791576
752064496
752344355
752677022
752936482
753237249
753615130
753887934
754157827
754422279
754707880
755071964
755413327
755684792
755989497
756323688
756560073
756839763
757130307
757434470
757751838
758044658
758347767
758648222
758916498
759222766
759440183
759670915
759939076
760241269
760560356
760813926
761049187
761394495
761663947
761940143
762227621
762562303
762844255
763180538
763411135
763712007
764011268
764300757
764632309
764928300
765166490
765468078
765734764
765980761
766311509
766609220
766885191
767112952
767383074
767684737
767941506
768248773
768598008
768894552
769228714
769495452
769739961
770044329
770281838
770615084
770910374
771177215
771480496
771784325
772087042
772354446
772598722
772900092
773204253
773505040
773848104
774150039
776242376
776614772
777189305
777535988
777795183
778101745
778879089
779170760
779553013
779808631
780155887
780488721
780825225
781194731
781458847
781727945
782034045
782273294
782581230
782843904
783147583
783482163
783750927
784055032
784324968
784604467
784864893
785101159
785332339
785612942
785868944
786172464
786509104
786810976
787114297
787420307
787750332
788085986
788423668
788724952
789029263
789315215
789645465
789873144
790141405
790476015
790778974
791148873
791418995
791669259
791962981
792233129
792466488
792735969
793042728
793358854
793623432
793955218
794261402
794424683
794667035
794899821
795170094
795403168
795738209
796007689
796311123
796583539
796855341
797163760
797497270
797800530
798008378
798316313
798590650
798859979
799164821
799464248
799835378
800145937
800482576
800795250
801125358
801355637
801760759
802135069
802433222
802699383
803008449
803311585
803613729
803949897
804183909
804423830
804731104
805051375
805359729
805626961
805929977
806265873
806602882
806878234
807211001
807546122
807883731
808227274
808588161
808925494
809330247
809665235
810067343
810406185
810675677
810915951
811213171
811517904
811818734
812052541
812464428
812872491
813172496
813439716
813779475
814147601
814484297
814859235
815200342
815533720
815802664
816112665
816424046
816765362
817004611
817238278
817551751
817855824
818190436
818521620
818791378
819093403
819332414
819633813
819901315
820165715
820483670
820824839
821127535
821402653
821666253
821966741
822236624
822537191
822872718
823161458
823496836
823775968
824134534
824469876
824711801
825007362
825278781
825649237
825917378
826229341
826543164
826844163
827116406
827386003
827752734
828026200
828328717
828503742
828766021
829077291
829379429
829682264
829952128
830252486
830592834
830870036
831168452
831467760
831733871
831969450
832270663
832560983
832899257
833237848
833532452
833801191
834101843
834338650
834605662
834845102
835113415
835455428
835730135
835998953
836296210
836563940
836900403
837177564
837412621
837714154
838084141
838392044
838729334
839033855
839379296
839616506
839952168
840288632
840556765
840793195
841097552
841399244
841702599
842010218
842241407
842541363
842878997
843145502
843413576
843753439
844054977
844368032
844701973
844997127
845233724
845500962
845740879
846007789
846275857
846559678
846828770
847104179
847418546
847752936
848017400
848286205
848554929
848857200
849097828
849434504
849769190
850003614
850267540
850602612
850943472
851243786
851547747
851848931
852122343
852388772
852621406
852923246
853225215
853466175
853734963
854034481
854300177
854641445
854939278
855205108
855483494
855746532
856082403
856383556
856717680
857056842
857358252
857660725
857962230
858232950
858537521
858772708
859073387
859309555
859519854
859783964
860131568
860430589
860634880
860835322
861067307
861368553
861645756
861941938
862243705
862519214
862787421
863072937
863375056
863644691
863947283
864215888
864517654
864820935
865055958
865359532
865658900
865895142
866130158
866338088
866639828
867011145
867289268
867550973
867783769
868121311
868423323
868734826
869042262
869276383
869542926
869778137
870101595
870397478
870706340
871041785
871282860
871586251
871855529
872135846
872428036
872701623
872999285
873232145
873601669
873936647
874238981
874541765
874742801
875054339
875390434
875650460
875917159
876165023
876354765
876662433
876965696
877231219
877533404
877851548
878089534
878391322
878696570
879032019
879337035
879655128
879957113
880194879
880469018
880803131
881141867
881480219
881773031
882074591
882447114
882752962
883085093
883386038
883696861
883999445
884299224
884601521
884803640
885072746
885374547
885650727
885947249
886216422
886551567
889000480
889355332
889915301
890317017
890599365
890889119
891605872
892273580
892572748
892801969
893069523
893281139
893439220
893740970
894047215
894254932
894526244
894795432
895064007
895365593
895567397
895869738
896148228
896417282
896686139
896997609
897290819
897524326
897760327
898030299
898369376
898613587
898912655
899152183
899460709
899629808
899930047
900233836
900537370
900841055
901107606
901344284
901615715
901914447
902216023
902519536
902856842
903191821
903461170
903749304
903938494
904209389
904445194
904714267
905016798
905257732
905493713
905770628
905967695
906235455
906537108
906741442
907081428
907312384
907549379
907856240
908157445
908471260
908775874
909110406
909379441
909647952
909880203
910117901
910420569
910685271
910890024
911191354
911463316
911734221
912036103
912380045
912647537
912918873
913154854
913489669
913791425
914059243
914329564
914563439
914784874
915086538
915333638
915603974
915875526
916151276
916450318
916754978
916985099
917290211
917630974
917901571
918205861
918470839
918709715
918943989
919279517
919583502
919883139
920151572
920454722
920689296
921023647
921226813
921463123
921764611
922107935
922402182
922704446
923013651
923276495
923547744
923848477
924183554
924488055
924757298
924970239
925203609
925510900
925718096
926012591
926280358
926582219
926724124
926954594
927258274
927560482
927862431
928132049
928434951
928748739
929012348
929280643
929513559
929765132
930061082
930327750
930670746
930939363
931207479
931514414
931788087
932064479
932332932
932637563
932905993
933109279
933443746
933752000
934089739
934390567
934725715
934927504
935197934
935566373
935854978
936142843
936480767
936713968
936957430
937242455
937479938
937816519
938083918
938283253
938558125
938824146
939090966
939393164
939734358
940040213
940343566
940611884
940980791
941257208
941518359
941898578
942203640
942550599
942853596
943224206
943527421
943866331
944179222
944511364
944881359
945217877
945488506
945827101
946128410
946468296
946734848
946973081
947276073
947575830
947816940
948120145
948431530
948758169
949035998
949330043
949598308
949935488
950204261
950506786
950774265
951107916
951477654
951780054
952089273
952363340
952696334
953003879
953335903
953602278
953837983
954082920
954377282
954680384
954948182
955253564
955622135
955856730
956194715
956496062
956796257
957036571
957336487
957707817
957979521
958309423
958555005
958889572
959231284
959606263
959841852
960152125
960447539
960712370
961086471
961383158
961655715
961961675
962265717
962603307
962940231
963275755
963545661
963875913
964212269
964474462
964775004
965083686
965320703
965561243
965767733
966036549
966249675
966543437
966811022
967111541
967279639
967592726
967821866
968094697
968365225
968668444
968968754
969304094
969622412
969785654
970155071
970424477
970729780
971039015
971276138
971543000
971750773
972044939
