0
17020
34187
50712
67659
84623
101755
121673
140398
154202
169904
186334
206851
222787
237790
254742
271716
288681
307663
323413
339335
359066
376276
393746
409906
425056
441841
458689
478198
492777
509227
526578
543504
560597
577838
594565
611601
628863
647955
663028
679240
696441
713496
730717
747713
764633
781619
798727
819658
833866
849193
866408
883657
900510
917800
934711
951820
969150
987863
1003094
1427332
1631344
1751802
1855272
1939269
2126198
2227431
2328368
2479868
2650338
2751194
2858662
2973649
3058161
3176297
3311644
3464512
3550283
3668379
3854237
3972234
4060463
4180263
4282449
4472611
4559927
4691631
4880276
4985136
5094243
5194657
5312843
5468803
5590477
5739673
5858882
5949895
6084622
6219038
6372770
6563165
6735508
7093794
7262746
7414129
7517008
7669802
7806762
7956686
8041913
8148932
8279856
8416981
8619911
8773474
8943219
9112344
9237633
9460968
9632792
9821738
9991308
10145250
10317807
10498796
10668203
10863618
11082676
11252108
11345232
11490631
11609000
11794737
11967192
12137239
12309564
12460646
12613229
12835450
13060960
13249360
13376079
13474147
13684106
13816670
14005701
14155235
14311217
14410440
14569563
14665585
14833764
14962307
15150796
15291015
15483593
15707227
15828167
16002020
16194235
16437308
16665560
16889746
17033420
17219881
17412958
17605162
17830192
18001948
18220705
18409853
18606788
18843138
19063615
19285297
19474563
19683401
19895681
20082954
20298606
20519982
20740295
20958358
21128282
21345766
21543654
21754080
21935090
22125152
22312940
22552217
22775886
23001376
23171051
23376364
23527919
23750386
23963489
24138337
24224091
24409836
24580425
24782612
24952197
25021409
25211953
25386664
25476611
25645821
25861537
26055236
26203444
26374213
26543341
26723967
26845114
27018450
27157497
27274268
27415223
27622963
27808410
27993411
28215800
28379789
28557058
28758325
28947399
29108224
29285138
29526655
29746148
29967079
30121584
30348387
30574064
30809952
30962521
31148274
31320268
31572595
31743598
31967590
32138571
32322482
32523889
32734265
32886439
33039692
33257970
33468012
33671517
33894880
33999373
34171240
34376639
34554461
34770694
34954598
35140470
35354019
35456447
35675154
35866264
36042992
36264112
36481043
36698536
36915756
37145664
37300955
37492007
37710824
37914022
38045739
38268923
38388964
38579536
38770616
38932056
39108765
39326225
39548422
39738514
39938473
40111083
40336571
40501816
40709653
40954079
41136246
41381345
41599040
41868086
42018871
42225208
42362817
42481552
42708045
42887418
43140929
43345476
43565164
43808231
44037959
44278052
44484540
44704392
44896648
45061731
45249079
45455705
45676551
45897736
46085936
46254593
46482374
46991076
47249216
47421495
47621160
47800836
48040464
48156311
48329956
48534932
48756174
48949615
49134012
49313643
49472680
49662950
49749452
49932876
50086608
50209692
50376107
50508946
50627689
50848033
51030218
51282170
51374421
51528944
51725635
51944307
52137653
52322407
52457889
52580940
52754797
52861186
52943586
53064875
53249506
53436647
53539455
53642010
53836145
54001582
54153625
54222715
54432596
54629573
54812631
54931666
54999520
55184437
55341124
55580466
55786095
56008613
56212106
56438361
56674475
56893812
57119954
57295053
57553574
57794276
58055121
58322243
58550184
58820322
59060225
59295655
59464160
59690450
59963960
60227419
60453813
60656976
60894516
61166735
61409268
61659948
61912928
62088786
62333985
62555527
62727565
62914087
63126578
63331313
63551683
63767178
64018027
64295604
64619607
64825990
65014104
65255760
65490929
65677365
65880564
66138302
66298891
66484200
66717785
66958562
67143888
67390185
67656623
67863812
68036196
68186351
68406680
68666202
68891380
69141208
69333124
69554332
69761327
69955009
70146572
70303526
70473209
70680392
70864949
71110092
71358430
71596507
71825194
72066738
72315199
72496294
72687938
72891272
73075093
73297037
73433536
73657866
73918440
74128617
74395137
74627694
74854437
75039941
75193339
75379470
75610480
75768416
75939232
76173933
76365672
76588074
76793185
76927867
77048808
77250914
77456664
77633416
77857083
78052067
78246606
78401309
78621330
78790408
78976879
79146837
79373886
79564318
79805484
80031122
80238957
80395232
80530503
80716788
80921650
81126029
81338216
81545320
81749205
81918355
82123487
82328902
82496327
82688033
82890642
83012149
83166348
83366518
83573479
83772620
84013949
84200683
84410978
84623837
84848038
85068676
85221097
85408985
85562435
85754290
85908293
86060560
86234570
86473601
86690304
86841834
86960782
87081606
87238081
87429712
87616763
87852167
88038472
88203586
88373424
88632099
88833503
89088870
89242989
89414570
89587467
89829268
90027231
90230308
90504495
90727044
90964620
91190597
91396959
91625915
91823040
92032260
92251554
92428946
92632399
92785350
92990499
93230575
93415379
93524728
93655323
93754771
93907668
94058790
94252893
94440594
94658589
94813162
95024172
95209921
95413935
95582032
95770997
95907574
96105575
96258469
96426652
96611554
96766058
96937236
97106471
97212202
97359509
97527801
97667548
97833980
97984613
98155297
98307686
98492506
98679994
98783642
98958079
99093322
99261854
99419551
99604020
99703833
99827113
100015966
100255931
100462325
100649481
100917542
101139932
101262366
101434694
101657275
101889983
102095766
102232454
102469505
102741693
102961087
103141175
103346603
103534490
103758191
103996498
104228922
104447644
104645205
104872183
105106382
105297164
105453832
105663026
105848419
106085421
106296058
106494310
106694658
106947833
107182627
107373248
107593324
107788227
108024607
108245442
108458027
108648204
108865054
109123240
109335809
109554303
109761022
109969314
110168961
110418319
110690050
110949442
111191876
111416354
111638470
111907250
112101924
112325350
112549064
112734188
112908044
113133736
113367563
113591001
113772707
114020195
114248362
114425795
114635193
114873097
115136076
115341074
115514303
115722416
115920862
116148750
116302623
116517329
116703208
116929831
117154639
117359750
117531215
117754667
117993278
118196099
118396421
118636110
118854847
119042016
119298703
119466450
119637184
119825559
120025427
120209885
120381832
120616414
120821644
121061114
121288204
121526372
121772528
122021012
122240934
122464530
122720695
122945134
123160879
123343945
123535963
123713089
123951083
124190562
124415494
124629147
124782261
125020468
125276369
125464411
125622858
125874212
126119603
126340876
126559752
126753308
126977591
127193826
127414020
127548847
127745780
127913935
128066230
128288665
128498257
128714880
128924673
129128803
129333736
129549573
129727854
129917872
130121852
130327853
130547862
130740839
130932512
131170025
131357724
131598124
131789069
131945663
132150897
132344011
132569615
132738481
132986831
133251145
133343645
133560356
133805076
134036839
134246323
134468869
134706169
134944264
135131251
135320944
135508718
135759428
136031692
136273909
136458096
136680032
136918347
137072769
137297966
137547130
137849799
138102361
138393260
138638837
138863627
139153011
139405735
139667039
139872203
140128975
140369855
140558243
140753359
140924767
141167433
141413065
141614503
141826655
142059986
142301687
142522234
142744558
142953106
143157101
143395894
143638299
143861275
144074144
144276492
144465014
144635245
144857389
145026699
145201499
145406743
145584025
145779671
146000034
146192283
146363668
146598016
146839660
147062115
147287805
147542848
147720682
147959663
148095116
148327412
148586254
148811631
148993086
149232130
149405420
149639572
149857598
150047532
150255739
150490361
150663426
150865910
151088004
151306148
151529105
151784772
152024806
152258189
152479210
152650149
152874885
153117733
153359245
153595527
153839717
153983673
154152914
154356908
154534754
154755625
154979932
155208398
155485021
155677483
155846566
156079277
156316082
156488719
156695764
156903221
157106367
157330170
157536741
157755377
157974752
158225256
158463819
158687226
158909167
159137154
159342513
159530844
159753668
159996840
160187162
160371876
160598237
160815099
160976597
161174631
161384558
161615493
161864153
162153180
162376085
162647707
162851104
163055192
163338437
163523418
163745121
163989223
164197847
164437582
164686593
164894674
165100159
165337463
165573009
165763522
166008012
166238472
166454521
166663562
166853975
167052986
167274235
167494889
167715149
167936895
168132542
168392255
168607841
168836741
169081142
169331071
169500278
169704774
169936794
170107937
170340281
170549192
170791455
170991254
171178285
171365203
171605443
171811055
172014773
172233770
172462976
172688548
172905137
173091968
173321498
173515267
173777863
173990696
174147998
174385880
174623288
174859563
175046251
175292816
175568293
175834807
176059857
176194978
176453218
176676921
176846985
176982279
177185615
177392104
177617172
177803831
178076649
178248510
178454132
178642821
178850470
179062582
179276605
179530870
179773800
180024804
180250797
180491108
180711757
180998078
181178947
181403338
181633705
181808405
181979319
182184604
182354423
182593037
182822512
183044499
183305097
183518238
183736908
183956948
184125387
184345564
184599848
184803162
184973940
185217612
185440796
185651951
185894451
186117289
186286085
186544875
186774182
186997916
187184944
187398238
187629058
187904024
188057712
188282161
188502945
188733536
188950595
189136055
189301303
189555220
189831596
190140189
190277585
190501033
190760238
190933486
191172929
191375521
191588938
191866890
192083387
192322760
192547208
192724798
192882042
193106654
193282087
193451676
193658544
193795015
193999265
194163197
194379027
194586134
194805664
195009537
195287049
195452471
195630626
195804045
195997808
196220738
196457451
196626089
196831568
197078514
197268223
197472512
197677247
197866535
198080087
198264833
198459155
198691044
198932831
199155875
199389887
199608680
199830161
200035221
200263094
200506314
200729539
200948634
201141172
201378173
201599966
201770347
201942157
202143622
202347062
202552291
202759912
202957641
203149669
203373356
203595652
203825566
204030525
204282380
204487717
204675525
204877063
205096526
205341289
205585585
205800488
206033269
206237515
206478881
206721323
206929669
207085093
207293154
207508602
207729808
207950089
208132485
208341525
208534160
208720823
208942280
209159042
209382914
209558231
209763084
209942449
210130171
210367668
210590192
210810403
211073224
211306841
211547639
211799890
212037469
212257843
212469877
212667573
212878362
213039773
213297155
213502117
213747638
214007726
214272425
214488686
214749684
214962119
215181264
215383840
215624370
215828239
216050700
216311162
216562628
216752304
216930525
217152450
217359204
217559393
217806175
217990354
218234107
218436823
218685862
218934566
219155371
219414286
219639292
219868644
220116180
220340826
220568071
220771677
221013137
221257246
221512568
221746780
221968961
222233381
222489137
222675891
222915366
223177943
223411028
223679133
223902913
224187458
224375468
224621543
224835573
224987678
225192481
225369700
225598438
225825272
225994970
226205769
226433544
226608347
226827298
227151107
227395604
227589887
227723003
227875617
228081556
228306943
228491675
228693864
228914049
229160147
229424036
229628248
229851886
230029986
230261318
230491963
230676046
230898588
231103611
231327458
231531881
231800261
232025359
232182291
232368020
232596494
232783220
232994822
233218918
233430828
233652288
233844717
234032474
234271001
234482674
234692661
234898549
235132802
235352689
235580270
235750215
235951231
236194091
236401921
236597993
236837165
237025090
237273443
237494295
237681680
237917792
238088648
238315247
238510631
238750155
239005817
239241856
239445617
239671736
239855870
240060627
240227383
240366963
240560058
240788667
241019927
241249693
241499363
241720808
241926856
242103393
242260168
242502904
242663675
242902853
243039512
243210414
243447209
243646615
243850276
244040524
244222678
244428768
244635428
244861189
245036153
245199869
245412058
245614540
245819119
246076385
246368634
246565968
246772020
246974636
247200966
247409075
247610560
247839280
247995541
248147903
248344118
248619368
248805718
249033781
249277895
249499616
249721732
249943661
250188168
250418089
250701720
250980682
251233443
251462487
251700216
251905749
252170705
252393077
252640457
252878977
253031479
253219697
253453949
253655489
253843729
253994724
254230516
254396088
254623495
254805647
254973978
255198897
255437639
255602967
255808703
256069502
256340514
256578475
256870070
257188221
257412686
257593493
257792115
258069206
258310272
258549124
258801142
259079062
259354383
259605007
259891180
260148156
260395639
260674179
260917893
261158708
261448049
261688961
261926821
262163039
262339036
262551073
262755695
262977202
263198841
263418720
263638819
263877884
264063047
264253817
264489434
264662619
264864370
264986714
265191642
265416314
265585362
265727507
265931090
266168457
266358508
266594868
266852835
267070648
267314449
267580545
267845141
268097065
268241446
268445920
268650161
268871216
269106000
269257129
269479992
269718473
269941091
270168986
270392645
270561793
270764783
270977674
271164904
271367406
271539372
271729527
271959558
272203748
272374830
272569470
272795167
272966356
273140164
273296365
273540355
273763595
273985960
274225622
274452487
274628134
274850961
275090371
275314161
275430006
275620111
275805375
275975281
276101742
276267183
276455928
276640175
276837424
277006313
277141799
277293972
277479512
277645985
277799171
277934372
278103215
278239689
278411579
278552188
278751582
278952388
279062087
279243324
279413591
279548101
279718161
279905650
280064035
280239018
280355338
280541904
280730903
280957139
281177967
281385236
281554933
281752382
281987990
282240524
282507953
282698423
282919155
283163549
283425725
283655910
283854949
284091885
284314755
284537796
284744828
284970615
285176402
285435876
285630380
285814054
285981962
286203196
286406859
286632200
286855747
287032870
287238031
287475339
287711310
287938429
288078079
288334138
288541707
288725577
288946155
289136286
289330324
289528916
289745673
289977827
290164340
290384170
290643217
290848862
291025755
291231035
291446523
291651614
291869305
291999690
292170660
292400311
292551626
292773208
292999147
293208292
293441604
293665400
293837056
294023002
294241706
294472933
294679725
294885814
295055671
295259465
295483541
295726765
295999317
296153512
296326074
296565248
296752620
296982050
297199213
297380776
297532672
297738231
297997814
298247890
298489232
298673654
298897558
299108899
299327748
299549194
299764526
299967630
300232941
300416509
300572005
300833484
301017788
301188149
301342444
301563468
301770644
302003109
302159480
302415722
302584713
302753218
302923662
303125773
303305276
303508403
303753203
303991143
304212423
304454024
304642587
304881843
305079582
305303734
305515946
305716325
305942112
306148134
306333674
306552822
306801025
306980921
307229104
307485592
307690311
307881181
308051266
308260967
308446414
308685203
308904962
309117458
309361505
309587782
309740633
309947113
310165926
310425183
310649707
310885666
311091187
311297647
311488268
311741782
311961547
312681611
312970866
313221220
314114334
314371943
314620323
314787216
315042654
315312811
315428603
315631857
315801219
316037446
316213148
316360486
316565252
316651875
316772908
316977763
317111319
317277460
317473112
317676805
317865600
318039838
318220679
318426691
318646502
318847416
319030932
319174073
319352455
319552801
319738673
319941773
320131015
320305956
320489734
320692043
320849677
321070216
321297895
321499788
321687983
321874200
322082286
322320720
322542297
322796540
322932059
323192915
323517971
323757020
323977171
324224195
324484072
324690663
324930251
325154101
325391329
325669361
325909716
326187670
326429742
326689642
326961478
327196846
327440066
327718672
327972338
328176447
328438028
328614310
328861878
329115296
329371582
329590372
329744478
329951836
330157766
330422167
330648485
330867563
331115797
331275811
331513845
331715726
331994302
332244149
332451772
332699906
332940621
333210475
333482001
333718667
333939518
334186728
334449011
334671300
334894286
335082093
335298520
335577766
335811875
336058524
336226680
336436530
336634689
336837973
337011154
337187065
337389581
337594064
337797464
338035305
338188946
338361392
338601095
338841877
339125949
339311850
339550629
339804609
340058740
340265027
340521769
340800791
341036221
341230304
341460173
341684063
341869661
342021725
342234356
342431974
342671734
342851096
343016712
343237717
343377187
343666676
343920360
344173710
344395488
344637879
344878372
345118383
345340203
345546889
345770663
346012849
346301593
346549887
346785637
347017834
347242185
347532448
347745902
347980558
348188852
348389228
348576813
348831178
349050966
349236766
349477112
349749326
349936623
350127974
350348253
350603984
350814585
350996849
351254286
351480349
351721980
351975226
352221812
352454345
352675452
352951649
353175043
353400155
353643449
353864638
354096732
354264191
354499017
354760365
354999986
355221692
355434665
355696139
355934100
356148452
356387241
356624596
356865030
357117618
357361379
357611587
357815161
358041626
358289235
358476140
358758664
358993733
359233631
359427842
359648118
359921245
360114673
360357049
360566673
360691281
360887396
361040223
361215389
361411332
361600040
361826317
361978586
362130116
362283783
362450287
362638143
362843513
363026905
363195296
363379349
363566811
363784895
364015785
364244025
364360075
364526427
364697372
364854424
365033238
365252374
365429038
365616120
365771697
365948958
366044538
366200007
366394614
366580124
366818427
367008428
367219657
367439426
367665742
367921263
368186686
368371008
368542173
368750087
369020880
369229684
369440118
369683152
369966575
370242602
370446594
370745080
370973732
371179997
371326331
371563491
371758976
371979541
372152054
372393338
372662964
372936103
373103510
373245749
373453394
373607657
373827167
374064291
374323189
374559846
374793055
374967022
375206153
375446072
375633179
375825298
376042200
376228817
376449544
376711923
376970810
377204885
377387637
377611896
377811430
378087612
378325960
378615398
378837333
379076753
379247164
379459388
379677745
379918868
380130596
380311433
380549727
380758374
380984665
381250741
381454276
381698420
381952427
382159090
382413902
382657642
382908978
383117540
383418196
383678996
383944821
384238278
384425027
384599219
384806305
385019370
385245314
385431684
385604298
385760425
385951559
386164256
386317426
386505208
386709420
386917617
387139185
387325577
387515910
387686174
387891992
388063881
388247008
388404362
388672632
388898449
389084504
389267729
389512189
389766336
389980915
390194257
390444741
390651992
390924011
391151769
391450343
391681609
391957334
392145962
392397659
392671192
392878095
393123602
393397724
393620955
393881113
394118289
394282863
394469538
394682539
394876992
395119859
395385239
395554067
395762248
396034645
396255624
396441322
396661496
396820637
396991566
397179986
397442351
397656620
397919640
398118493
398339381
398559925
398785263
398993068
399196738
399375904
399631125
399896521
400152138
400376987
400595260
400864616
401038787
401266605
401475817
401706122
401860327
402065620
402307917
402540514
402773523
403022800
403227055
403472962
403728476
403932980
404129564
404459899
404679414
404926441
405240645
405553051
405826326
406054790
406420353
406648970
406887832
407107922
407368813
407661932
407895983
408168462
408424728
408684856
408950004
409161708
409352107
409589795
409836252
410122543
410363186
410553568
410759853
410988903
411178504
411384406
411618809
411833045
412069268
412313301
412554964
412844547
413156681
413382242
413606230
413856993
414137636
414414260
414583764
414861612
415158226
415400960
415603451
415828939
416072959
416292078
416563217
416831411
417053388
417326083
417584096
417805758
418043111
418297402
418478718
418663395
418883874
419149934
419351727
419544940
419782879
420009571
420212536
420349825
420519194
420786215
420989645
421244060
421454110
421649634
421886266
422145731
422388514
422612899
422874093
423145304
423420610
423633047
423887122
424127074
424325944
424549234
424764814
424902040
425079112
425232112
425469319
425692437
425897895
426105764
426363707
426513577
426770199
426945321
427236407
427481892
427758281
427957839
428178189
428383885
428610221
428872331
429077725
429316689
429473091
429662242
429908132
430110243
430245092
430470122
430636180
430860551
431085534
431290633
431531384
431740321
431960659
432193969
432421968
432570301
432790046
432960545
433214899
433461047
433609805
433803607
434014313
434267940
434473212
434692376
434879269
435141882
435366667
435593895
435881133
436103252
436346333
436606009
436900064
437175474
437409031
437646599
437835810
438061911
438285608
438521334
438730324
438969930
439170027
439340809
439578897
439786519
440025832
440246879
440469957
440657743
440888122
441130229
441286407
441573515
441826316
442046462
442277579
442475003
442712285
442951035
443170972
443388127
443640802
443862757
444113944
444386113
444667089
444940236
445198347
445444566
445656469
445907351
446183793
446381881
446584146
446864502
447095568
447353566
447508954
447695451
447930994
448203913
448425944
448696389
448944875
449200009
449407318
449633365
449818276
450034497
450273282
450530059
450735454
451008294
451238322
451465410
451746238
451920263
452158216
452329954
452566215
452839857
453068867
453321250
453490267
453695762
453921911
454153044
454393203
454620924
454841242
455045961
455292230
455540748
455802862
455932321
456168236
456394686
456633591
456880082
457135907
457371518
457643953
457898019
458163946
458385581
458641883
458859441
459116049
459305307
459511115
459756439
459990219
460225231
460466363
460710961
460955863
461193792
461470314
461706599
461894506
462143627
462421487
462609402
462860407
463084845
463340645
463514994
463746554
463952716
464122964
464401186
464636165
464842303
465094096
465277536
465534731
465721400
465985188
466208287
466487863
466690535
466854825
467071830
467356752
467560042
467801686
468049815
468304436
468533990
468754259
469002665
469245848
469428834
469603741
469844619
470048233
470184296
470404399
470613603
470915988
471195116
471383248
471610888
471817891
472003368
472238524
472443938
472666779
472869771
473058917
473267989
473434023
473674153
473889768
474104055
474388370
474619261
474875618
475086456
475324692
475554334
475808832
476009544
476208972
476394946
476597575
476786736
477037653
477276533
477515819
477722109
477893226
478097611
478298326
478540494
478785710
478985126
479225520
479452630
479739261
480001578
480205808
480409695
480647088
480860591
481095412
481273878
481581970
481829168
482061420
482287466
482507658
482730038
482949459
483204218
483444782
483683429
483909131
484119007
484336448
484545099
484778774
485018727
485237825
485411615
485613680
485873315
486149968
486375311
486632185
486891213
487074926
487316852
487524701
487766197
487950461
488208786
488451800
488710159
488949652
489174894
489384043
489609381
489800618
490000004
490272190
490536311
490782802
491027208
491264551
491595216
491832735
492053889
492279209
492478389
492743444
492947792
493215083
493455017
493674708
493915220
494188351
494441946
494697822
494941099
495178620
495414967
495689132
495977943
496168924
496405160
496645858
496816085
497088837
497276986
497522200
497784275
498009856
498213171
498471302
498726832
498966915
499185633
499371927
499615596
499816037
500037700
500285121
500509443
500742428
501009976
501223620
501456200
501681889
501905671
502161545
502382930
502625563
502796162
503040437
503294106
503532009
503787687
503980000
504248745
504440039
504629450
504817393
505029677
505181774
505409301
505593429
505747620
505916343
506069852
506285093
506506396
506776570
506983927
507211854
507467021
507688761
507946446
508220332
508462828
508667292
508884417
509105101
509323883
509565182
509832181
510081274
510283454
510527490
510781647
511059309
511283577
511446209
511654536
511861151
512122596
512345324
512567399
512849371
513137972
513380199
513588337
513845939
514119176
514346804
514610091
514800514
515019609
515295539
515515833
515788230
516051422
516262591
516538336
516741059
517002306
517204334
517382191
517576900
517858102
518108241
518306231
518581791
518843030
519077371
519333676
519571148
519798493
520023581
520193671
520431980
520671414
520926099
521077531
521320058
521541959
521750237
521984098
522142152
522386299
522613731
522850638
523089889
523322623
523493624
523748735
524048159
524266071
524493379
524711604
524902507
525151305
525400395
525642457
525904085
526181937
526433126
526658462
526897356
527153116
527408561
527592356
527808894
527973329
528212718
528427120
528693312
528910673
529167107
529440731
529712347
529968771
530245054
530481204
530755879
531001917
531248376
531484921
531741439
531980079
532234064
532510724
532717476
533021812
533208116
533457922
533664205
533902868
534129810
534382954
534654187
534878011
535137806
535365718
535586412
535825830
536071188
536325139
536610841
536834300
537071642
537265054
537479945
537699951
537920631
538149845
538330593
538550420
538740564
538929051
539177202
539416553
539617955
539894299
540119135
540356425
540602035
540864308
541079856
541307400
541479765
541714216
541953656
542229294
542501577
542775785
542983915
543135756
543270899
543406414
543592508
543728325
543932286
544085686
544275296
544459706
544710835
544887560
545041112
545195803
545404201
545595639
545780523
545923834
546141914
546294088
546480883
546615578
546787496
546950971
547137934
547322598
547490314
547677577
547863812
548001022
548232034
548396642
548661479
548797163
549002504
549237469
549478960
549705876
549929223
550182943
550395366
550673922
550835903
551038297
551285576
551546974
551773774
552021277
552228786
552462035
552662578
552849851
553055281
553260042
553503753
553694245
553929425
554130151
554361049
554559561
554784068
555044355
555233736
555445614
555602706
555799990
555968343
556192251
556496860
556700712
556941984
557109566
557305362
557531511
557755179
557926908
558112182
558344912
558569474
558791223
558959460
559147328
559356780
559599557
559770867
559962992
560200929
560415186
560632360
560869808
561109246
561332919
561539194
561714197
561930953
562152388
562370180
562607307
562815431
563014485
563229874
563477084
563735054
564006312
564197215
564369783
564543378
564777454
564993743
565182002
565369270
565618946
565857872
566108292
566348197
566606107
566760637
566953676
567215565
567418364
567675541
567919774
568159081
568366969
568621995
568864376
569053217
569255149
569479265
569719845
569969622
570211033
570447330
570656566
570890800
571154893
571354426
571586532
571784041
571994102
572184779
572409079
572639102
572847746
573088010
573262019
573494949
573750991
573952101
574140479
574364322
574607225
574815603
575050996
575256961
575467713
575692696
575917465
576086774
576315221
576513837
576751705
577041350
577279054
577566638
577786607
577991619
578193434
578425089
578703384
578902278
579394327
579688530
579844216
580025730
580233160
580409624
580664347
580848568
581035749
581205551
581333091
581504290
581629635
581811666
582001587
582181749
582302022
582481450
582657170
582882682
583066826
583255634
583456161
583677249
583878506
584016924
584197423
584293626
584484846
584690631
584891116
584979857
585213695
585332395
585504920
585653965
585795934
585909568
586116228
586265454
586471973
586587163
586740972
586944468
587130238
587232719
587420086
587588462
587835487
588105206
588312941
588469268
588661770
588887356
589076243
589232654
589464351
589743166
590012211
590198377
590407208
590631090
590819228
591080944
591286392
591541332
591766121
592020709
592206844
592443847
592671453
592846634
593086569
593267004
593503627
593718177
593904125
594097906
594322596
594573454
594748030
594981451
595221027
595471722
595713704
595926097
596176419
596403444
596591866
596869981
597111183
597337806
597547120
597751550
597992248
598128541
598374215
598579485
598772222
598947718
599194412
599381464
599602625
599814134
600052776
600281139
600484119
600740676
600934844
601160646
601394058
601630331
601860414
602064692
602263801
602467104
602677984
602859603
603101313
603288745
603492513
603752463
604007182
604251407
604402866
604625857
604895033
605133169
605373932
605563260
605817331
605972847
606211321
606418800
606660292
606895035
607107405
607394726
607653690
607894434
608097136
608267793
608506275
608701378
608920924
609153766
609373690
609595693
609825135
610067484
610252395
610510995
610736715
610927499
611153915
611389697
611558195
611803575
612068019
612226663
612480240
612703636
612905529
613118547
613341430
613627165
613881337
614120478
614322838
614525172
614735000
614971898
615178739
615410020
615590862
615801510
615952005
616171170
616380987
616599101
616802060
617062600
617319883
617490921
617767237
617973350
618199494
618457247
618715831
618938419
619193865
619367471
619576782
619797517
620069264
620240773
620485319
620746018
620953373
621172018
621428319
621615554
621804270
622041534
622201996
622372411
622630266
622843437
623090632
623342591
623584027
623839203
624028226
624280438
624492423
624643757
624787504
624986356
625155502
625399563
625538033
625724081
625879169
626030179
626167979
626336775
626507384
626639351
626757753
626895543
627066140
627257091
627469725
627622014
627778359
627943701
628097680
628300404
628503352
628707532
628828164
629032837
629207161
629428084
629565604
629755973
629940070
630111685
630295106
630485665
630671764
630893048
631101347
631338125
631546028
631735960
631929780
632121365
632238703
632448649
632617170
632839274
633075785
633304415
633554282
633741706
633919100
634143487
634404286
634631178
634842258
635032283
635279660
635506000
635744180
636003011
636242840
636508119
636776964
636996221
637228234
637467597
637691823
637946105
638209948
638394020
638626961
638875608
639105596
639360460
639597356
639825265
640061307
640280207
640485370
640741290
640961835
641150383
641441983
641685542
641921923
642160524
642405965
642613442
642853985
643091020
643357649
643598865
643842468
644086948
644340270
644530841
644754309
644974867
645228862
645466333
645726496
645953899
646155429
646377106
646648162
646924522
647217809
647441572
647639285
647946876
648161322
648432407
648696952
648898332
649190852
649445169
649736566
649928156
650172819
650411095
650664230
650912187
651119848
651353479
651544931
651782150
652004115
652210519
652484794
652716746
652990928
653197551
653431594
653685251
653940300
654181199
654434617
654671441
654858921
655166767
655382441
655620973
655859406
656100596
656269878
656524658
656743715
657038956
657307251
657545910
657870498
658143294
658387791
658639812
658827819
659031143
659219862
659469468
659711810
659987899
660223999
660464088
660693830
660948884
661205044
661410526
661626150
661871657
662111025
662347832
662573922
662812892
663001174
663245124
663467391
663710848
663945390
664188932
664448645
664650175
664933577
665188748
665449858
665708366
665877758
666129143
666330776
666524128
666758571
666992466
667225378
667465072
667706882
667946393
668116185
668367143
668624034
668864782
669133211
669374725
669626665
669865344
670094132
670335767
670656892
670959745
671237032
671565800
671801892
672093609
672307008
672512677
672744655
672979456
673185483
673433186
673733551
673943271
674167062
674408936
674610195
674814562
675089576
675283315
675530371
675735713
676008961
676229820
676420427
676630030
676879057
677185235
677461380
677703969
677977568
678198177
678455827
678649207
678912440
679169207
679375684
679629144
679865585
680055733
680277100
680484787
680724063
681010115
681234887
681459215
681718239
681944451
682123491
682361630
682586275
682816371
683038084
683226437
683424861
683660425
683932837
684173079
684428168
684612109
684775093
684971938
685190688
685363668
685585560
685804615
686039985
686232073
686439039
686715303
686929892
687152635
687442773
687698591
687868886
688089399
688298845
688556436
688725997
688979914
689222540
689378583
689550613
689775565
690001918
690196722
690360896
690568144
690819523
691013285
691174979
691442326
691661043
691888945
692148128
692404549
692660567
692879769
693124123
693298080
693471134
693755623
693973915
694213052
694483431
694691898
694967417
695156482
695329445
695569081
695825741
696054700
696291566
696579383
696802645
696986811
697182903
697446140
697659944
697844900
698067157
698227792
698408518
698673018
698888462
699071154
699349419
699588403
699812069
700039257
700321029
700460759
700694335
700867715
701070131
701290959
701548983
701697428
701952042
702159179
702390185
702532821
702762000
703005127
703221436
703443530
703667336
703952492
704243038
704478300
704703304
704925992
705113913
705350174
705572899
705848093
706096014
706332266
706558347
706796616
707017207
707243167
707487053
707640231
707897171
708147932
708323797
708531089
708789903
709029199
709304749
709464529
709672335
709925439
710152423
710413333
710633776
710820742
711010001
711324990
711561658
711736142
712037156
712206283
712393133
712646919
712904597
713175652
713379905
713630245
713853690
714111410
714288348
714493948
714782963
715105107
715349685
715577064
715799011
716054002
716275491
716450428
716686930
716920250
717128040
717371990
717561312
717852048
718146077
718373687
718581229
718859132
719011819
719237762
719476955
719714446
719951653
720176223
720381222
720564357
720825691
721051158
721288349
721513520
721743536
721911546
722152500
722393969
722634844
722844565
723039154
723265711
723547653
723790092
724005456
724222948
724472131
724706431
724934498
725191242
725359845
725599566
725756317
725996800
726218551
726420887
726629191
726902892
727153967
727373325
727613454
727849090
728086776
728333797
728532921
728757060
728999841
729239124
729490440
729737227
729923764
730127634
730371430
730628538
730909611
731110260
731330860
731569501
731798150
732001380
732171449
732409496
732680902
732918706
733091919
733302949
733537943
733741968
733985860
734209440
734400089
734621383
734895503
735098512
735404322
735666536
735897876
736141810
736392467
736682588
736974257
737164976
737393690
737648866
737856008
738100840
738355494
738508313
738682002
738868509
739091535
739349247
739604130
739833656
740082330
740242361
740433585
740584238
740873834
741118293
741391782
741586765
741789747
742001758
742209817
742397686
742618681
742870636
743070026
743205092
743460334
743677238
743872247
744058575
744261899
744453318
744663628
744787787
745017771
745232465
745470668
745574697
745800867
746022534
746319176
746523309
746796686
746983849
747240241
747459763
747673167
747915664
748171779
748393727
748596862
748856076
749063294
749269085
749501236
749703678
749956698
750197579
750440555
750607604
750833082
751120300
751329804
751586067
751856914
752051758
752241636
752490403
752759474
752949966
753201902
753420903
753650485
753846828
754053603
754272480
754477072
754688101
754915713
755166266
755403797
755663898
755893200
756134308
756346866
756603945
756869840
757038077
757313936
757567054
757818367
758076906
758354728
758573428
758796344
759021912
759209197
759458223
759720934
759900224
760088672
760316192
760541562
760804399
761025729
761232007
761485812
761741922
761981185
762188085
762397126
762568842
762843102
763083991
763313013
763531109
763747650
764001941
764174188
764410814
764679518
764903857
765073814
765208494
765395031
765596653
765874206
766077836
766325868
766561777
766760883
766987997
767156776
767364874
767598495
767813550
767972993
768196978
768473711
768724608
768902985
769098009
769344492
769573164
769779111
769999024
770216712
770436534
770661710
770849621
771076143
771352612
771571749
771781905
772012022
772252390
772477276
772663202
772848711
773018959
773230118
773466074
773717963
773926390
774197891
774441768
774669446
774943105
775188127
775442594
775649831
775972094
776174056
776334233
776555823
776781643
777003484
777244829
777485574
777741414
777961017
778234458
778479627
778723190
778844997
779049921
779322565
779577897
779840080
780057314
780330857
780546100
780773114
781050933
781298545
781530226
781798067
782023901
782267701
782540528
782750695
782956992
783182715
783442405
783678380
783881422
784123368
784341909
784602487
784855740
785133300
785370726
785618371
785866390
786081489
786304471
786533915
786737008
786960479
787130990
787371893
787614068
787826153
788063255
788289661
788493162
788756711
789017750
789300366
789546694
789819640
790058090
790299403
790593421
790804481
791049463
791291059
791550924
791722479
791965183
792217950
792488627
792748751
792984921
793279528
793524225
793750210
794019886
794273473
794495989
794769737
794924518
795161690
795397152
795647281
795868752
796091074
796353702
796560644
796818535
797068386
797299571
797578469
797787998
798043101
798215557
798495318
798766468
798954584
799087933
799341804
799600099
799847062
800033926
800261672
800496135
800708722
800983257
801211622
801481483
801651567
801899350
802052839
802254028
802517382
802772452
802998276
803224312
803541983
803739395
803994319
804219662
804442177
804667699
804873848
805170050
805416112
805604317
805855960
806076864
806322515
806561320
806749093
806989897
807240800
807535382
807774239
807979457
808102052
808261745
808436297
808633906
808805863
809008029
809131976
809332566
809561746
809659841
809864242
810069068
810238573
810456119
810641440
810849850
811055112
811262551
811484031
811634513
811837485
811945026
812126883
812280686
812396978
812586042
812756330
812978305
813146599
813349450
813584168
813754337
813981451
814227391
814486189
814677691
814820220
815050684
815291565
815552093
815808719
816028608
816273224
816528697
816739097
816995637
817206953
817395124
817623639
817830556
818034905
818265293
818416322
818621895
818808255
819044740
819316005
819513811
819738492
819958478
820196403
820394148
820641923
820815626
821066286
821288444
821514342
821715933
821919255
822110088
822332170
822546516
822766604
822956917
823162535
823380777
823585537
823806640
824026329
824265300
824458840
824682621
824952010
825172990
825331061
825539015
825708013
825977975
826185156
826460028
826703322
826932307
827117072
827361824
827618695
827864601
828129293
828361929
828613817
828816264
828968096
829211292
829433998
829673953
829881335
830074436
830232201
830456347
830679960
830887322
831062651
831293288
831507416
831742566
831979324
832198810
832385258
832578072
832804248
833038637
833250183
833452190
833681396
833811466
833986088
834177380
834460855
834694073
834909500
835077688
835297224
835502916
835688458
835948618
836149922
836407507
836596114
836835187
836989920
837269787
837479027
837723880
837963578
838227068
838425752
838647791
838878517
839081285
839318759
839608504
839784568
840007698
840227186
840431690
840653918
840890598
841010654
841254530
841496787
841700513
841944391
842194125
842383174
842606268
842817905
843059689
843301128
843524960
843762256
843954340
844185462
844433061
845284276
845545747
845815406
846869298
847089999
847279618
847499119
847723467
847849718
848104112
848197671
848356776
848596202
848799439
848993725
849191904
849375969
849500366
849721490
849899375
850104361
850278099
850394651
850595087
850818804
851005678
851180780
851350023
851519210
851759354
852002524
852208499
852429624
852550228
852759500
852945546
853063923
853237801
853439385
853506655
853675596
853876052
854129333
854311645
854566005
854779740
854981684
855180776
855417335
855592253
855782730
856113916
856333761
856571977
856779655
857027270
857246166
857461465
857748772
858038365
858313877
858590418
858817743
859027234
859263776
859588617
859817407
860145550
860441921
860678040
860924683
861168122
861443504
861698590
861905644
862093129
862300260
862472099
862713789
862867921
863024487
863125949
863312930
863520977
863755477
863911310
864133020
864259539
864466287
864671186
864773298
864978093
865148976
865320968
865472939
865624912
865777826
865980725
866185693
866373966
866600711
