0
15693
32757
49664
66934
84098
100950
121932
136025
151254
169348
186243
203212
220101
237281
254240
271056
290583
305211
321549
338777
355381
373010
390502
406641
423238
439977
458986
474019
490697
511491
526333
541924
558949
575625
593019
611812
629231
644598
660787
681821
696910
712184
729154
746108
763271
780256
798993
813867
831196
848438
865247
882404
899272
916165
934033
951279
971744
984787
1001224
1172931
1358715
1528608
1731042
1832217
1950877
2104446
2206139
2358883
2511374
2667708
2801233
2987847
3122881
3275148
3427253
3565708
3687446
3837923
4009291
4127894
4299044
4485400
4642277
4760278
4895551
5032712
5228869
5397389
5496524
5665156
5801836
5918532
6039032
6195109
6363724
6541952
6694910
6901424
7051915
7206969
7361391
7530742
7733152
7869489
8004723
8227375
8380168
8515014
8666227
8853361
9058497
9261173
9402340
9573179
9689978
9841016
9997325
10151670
10304401
10510869
10643238
10763128
10967405
11135797
11270577
11440282
11609356
11744941
11881674
12015355
12202986
12336811
12507099
12624978
12895918
13030588
13219394
13351879
13560992
13675631
13845595
14020606
14160369
14342640
14562956
14721188
14908607
15097946
15316236
15488128
15704380
15823427
15961991
16164257
16367178
16535755
16763799
16950383
17159830
17329099
17531381
17672122
17823357
18013269
18146451
18316483
18451731
18606644
18724070
18862054
19013285
19182346
19384282
19587226
19806826
19926099
20077973
20229467
20365709
20517868
20705122
20925875
21110716
21331248
21520412
21709191
21917811
22070375
22223135
22410213
22562979
22715530
22900956
23086933
23239964
23376183
23562387
23783790
23993385
24173315
24343022
24497875
24649176
24817886
24974264
25076532
25262647
25468951
25656364
25828987
26016341
26168500
26373420
26573259
26743968
26912508
27049772
27234617
27437695
27627756
27851597
28035139
28170340
28392411
28561446
28731862
28900504
29120179
29323473
29528053
29697055
29832804
29967653
30172285
30375836
30578701
30718039
30835720
31056573
31300433
31432406
31640244
31809887
32017507
32227605
32362318
32500061
32651931
32788630
32906975
33042988
33245602
33433282
33585475
33705906
33840272
34046433
34200340
34421743
34610947
34813795
35017597
35233619
35404224
35573238
35707326
35879193
36030539
36200911
36337185
36488679
36657616
36843440
37014559
37148877
37369253
37538857
37724029
37858880
37964069
38098791
38289762
38491508
38646941
38846809
39068547
39257290
39460517
39665749
39866021
40070386
40271263
40441456
40666756
40818288
40953675
41138911
41274892
41476880
41683500
41900958
42070289
42290840
42494477
42662387
42783720
42916827
43119401
43323209
43513489
43648909
43851316
44073467
44207958
44328865
44480862
44639159
44841730
44977417
45163605
45281205
45490300
45610182
45743770
45865233
46033672
46188719
46327665
46447100
46685254
46838457
46941000
47162315
47316849
47540648
47742760
47914788
48078060
48285192
48488697
48695221
48911651
49046177
49266555
49422333
49557637
49759630
49963580
50165991
50334427
50453220
50606902
50765208
50933570
51072956
51204896
51411022
51579605
51749065
51933408
52101858
52306266
52515470
52684689
52819678
52955030
53175266
53383828
53593672
53810042
53993150
54240664
54444242
54629277
54798851
54950838
55154509
55326971
55514468
55597368
55766953
