0
33666
68806
98121
135237
167165
199420
233722
268374
301852
336735
367824
405704
433240
467664
504476
536723
570382
601725
636253
672041
704691
743928
770337
803294
836010
872266
909103
937057
973154
1007968
1242698
1443564
1644155
1813929
2019470
2214202
2421355
2552515
2759391
2927331
3159558
3327173
3560166
3830233
4039055
4272580
4446529
4609742
4812805
4979336
5149262
5349390
5518418
5720721
5918114
6126727
6327769
6467573
6664702
6899260
7072489
7273354
7485017
7683658
8159022
8321830
8492387
8725459
8925084
9060976
9231234
9396220
9601240
9800981
9935643
10138447
10373087
10576369
10777440
10977486
11148929
11315337
11520282
11719222
11920027
12056288
12294203
12498743
12666425
12835852
13037108
13240215
13407776
13612211
13779364
13950340
14188813
14386244
14621699
14792727
14991639
15165097
15365800
15572545
15765831
15969477
16101983
16271660
16438616
16639317
16808849
17008554
17178478
17410718
17545544
17779494
17919213
18152703
18354823
18556240
18792357
18958020
19161894
19398279
19605594
19798793
19950199
20147010
20414918
20584313
20751948
20920193
21154324
21389458
21594806
21792887
22028126
22197089
22361437
22565025
22731937
22902651
23104534
23274935
23473731
23647790
23809360
24013599
24147415
24347745
24549846
24793072
24929603
25124492
25297991
25531940
25732299
25905226
26137789
26319213
26553531
26751646
26955820
27088845
27257377
27462637
27628322
27864397
28068240
28269241
28436716
28636891
28871002
29075151
29274750
29441951
29678930
29880694
30116266
30282839
30518885
30689471
30832463
31027811
31192687
31364366
31566104
31766572
31965068
32201967
32408116
32571341
32750581
32976991
33186770
33380280
33582329
33788282
33984561
34197666
34398582
34625932
34829866
35029272
35231152
35449509
35643389
35845313
36047169
36280498
36484588
36651824
36854250
37090056
37292291
37492689
37693984
37902635
38031219
38237545
38369668
38578353
38736854
38912682
39107030
39310340
39444508
39680249
39882896
40051055
40220194
40437408
40616504
40848228
41077305
41245309
41447274
41660561
41872389
42097826
42265769
42403078
42568311
42802501
43003760
43171563
43371917
43576222
43774491
43982267
44217484
44380510
44657972
44892381
45121750
45361067
45567987
45730552
45964806
46200989
46398640
46573409
46769910
47009614
47252422
47440213
47681323
47847962
48016967
48252500
48447685
48687295
48885737
49084727
49260232
49424299
49615397
49812583
50060385
50220652
50421640
50632324
50795118
50971345
51197393
51369318
51568204
51771825
52014818
52244878
52425889
52614654
52848579
53054580
53290051
53433154
53690365
53891553
54098845
54264780
54434688
54629895
54773365
54971772
55171178
55347340
55517843
55751016
55922091
56129575
56323953
56524629
56730127
56963670
57141784
57301462
57476688
57602568
57835552
58042919
58239986
58507535
58717602
58878436
59051899
59214270
59388855
59548739
59755178
60025351
60220891
60422778
60591825
60760527
60997755
61195148
61364830
61532144
61746210
61971983
62178484
62415659
62611874
62879671
63089577
63353070
63526761
63763637
63956969
64197973
64394865
64597041
64797064
65002403
65241864
65449325
65683503
65854691
66094356
66331852
66568863
66807961
67013369
67178262
67415676
67616773
67829377
68089526
68359369
68625814
68796068
68963432
69132506
69271001
69469226
69667911
69842210
70071674
70308293
70549281
70749402
70960755
72043863
72279730
72448472
72649200
72860869
73068123
73227344
73739453
73936587
74751853
74978761
75179945
75320942
75548185
75827223
76033000
76228087
76464818
76664610
76867497
77072738
77275749
77479157
77691352
77833167
78059741
78264094
78484661
78737032
79034039
79202786
79444049
79678695
79885801
80020094
80198195
80456121
80626887
80835631
80963700
81131910
81367825
81568842
81707814
81878812
82010766
82214424
82453085
82620486
82826223
83030793
83202511
83465078
83699774
83904901
84139885
84314978
84494641
84646535
84814741
84953207
85120609
85388670
85605242
85848071
86130932
86399789
86611875
86836834
87109184
87343403
87580267
87814497
88082702
88351440
88556932
88788122
89027006
89228389
89462421
89731658
89991627
90218326
90424637
90667918
90864789
91036965
91238645
91446741
91684646
91952927
92188120
92364685
92589677
92858958
93126774
93369306
93600222
93870877
94101308
94341382
94550323
94782540
94996138
95230010
95433696
95702864
95908385
96083324
96345403
96546806
96752498
96918598
97151318
97354090
97555873
97722878
97892089
98114416
98310862
98477855
98645684
98915017
99016322
99252637
99520294
99761265
100025409
100231409
100468750
100663948
100942779
101151614
101382944
101561226
101799733
102004850
102240435
102444600
102614077
102854542
103058960
103259757
103463744
103696532
103929081
104136776
104370146
104670778
104879662
105109265
105344812
105551662
105751962
105958942
106257418
106529129
106796493
106996626
107269826
107474607
107675714
107917707
108181906
108421562
108690002
108858873
109127412
109395067
109665674
109885193
110087781
110294634
110526040
110696271
110903528
111138646
111340777
111472120
111646649
111842206
112079170
112250337
112481235
112751033
112993111
113191560
113394221
113627839
113897665
114170431
114438254
114704631
114908190
115177771
115375125
115577707
115846873
115982699
116217229
116417889
116655213
116857293
117028325
117196446
117429621
117631779
117866686
118039430
118236163
118472484
118711371
118942839
119178995
119385385
119618632
119784606
119987093
120193311
120398510
120629861
120869420
121110056
121326612
121533962
121741427
121970740
122138227
122340145
122509440
122718657
122948744
123121698
123318981
123587150
123792331
123992766
124225227
124495923
124696829
124901805
125102290
125268419
125440219
125640502
125811047
126045753
126223277
126495766
126727188
126896863
127098887
127337563
127578600
127861538
128087736
128323447
128623754
128866303
129130369
129397859
129549830
129773670
129985188
130256777
130592834
130797659
131050995
131221871
131488592
131756590
131958803
132162284
132464108
132605453
132868556
133145099
133421648
133649127
133926786
134154481
134494185
134733434
134998484
135236661
135478440
135663253
135885895
136122907
136428029
136675525
136936167
137137559
137346189
137503406
137708225
137943920
138175493
138362608
138592751
138800039
139041873
139274735
139488436
139747296
140056881
140351057
140650325
140924288
141134313
141326163
141626298
141800098
142069564
142268709
142547554
142715573
142949545
143188162
143360031
143575229
143804568
144030446
144248622
144403606
144641950
144845877
145046929
145278034
145549466
145751391
145954849
146162960
146388330
146610454
146871184
147140818
147351184
147527016
147758133
147977528
148270919
148507017
148778209
149007745
149170897
149375936
149585014
149777575
149922037
150112501
150357442
150519769
150751112
150925964
151155931
151395953
151611250
151803336
152005199
152206889
152454106
152692173
152999148
153264618
153532680
153802111
154038819
154203431
154376427
154610635
154849551
155013643
155252458
155492888
155793376
156027033
156304810
156566054
156868971
157111763
157346153
157539820
157782918
157913328
158083240
158359077
158702618
158891803
159094131
159328786
159571951
159830509
160158375
160346428
160615532
160884073
161164577
161357527
161625830
161965555
162182130
162342542
162545418
162870129
163196634
163431707
163692099
163867444
164071760
164304895
164552884
164711819
164944494
165177849
165383513
165584070
165827893
166055119
166264918
166508539
166821029
167042929
167279195
167514922
167718848
167925379
168186517
168495290
168693039
168867533
169068774
169278883
169542741
169812228
170013551
170213048
170417069
170582248
170830937
170999263
171207313
171507317
171779465
172051775
172286006
172559020
172757623
172995178
173191339
173359124
173602725
173803689
174012061
174249063
174445517
174715334
174891697
175123561
175324224
175560252
175792913
176044193
176282076
176582756
176815281
176982754
177220449
177393003
177589416
177731490
178931655
179202057
179336227
179740529
179991262
180132586
180223762
180396449
180565373
180700440
180867459
181076942
181465130
181692599
182474826
182697301
182900350
183104935
183306143
183539050
183753419
183984751
184165459
184359063
184505283
184693578
184837099
185097004
185336774
185511833
185739011
186017099
186155853
186288370
186542728
186732286
186935525
187228479
187386471
187604779
187877986
188117689
188351939
188523559
188764107
189000068
189202684
189401803
189614732
189815884
190016231
190248640
190449757
190591628
190788028
190968444
191192003
191358799
191530302
191739496
191918333
192118543
192252357
192419738
192667055
192842288
193065294
193201544
193392805
193614161
193816460
194085755
194326796
194567475
194842125
195046175
195276642
195512380
195821916
196061806
196294574
196565272
196801458
197044111
197242752
197518242
197758045
197992207
198194470
198394961
198597979
198771862
199033357
199235599
199404979
199570940
199740258
199940783
200207846
200449532
200644743
200846924
201050413
201282875
201529460
201804317
201971022
202175987
202409280
202650899
202857236
203060315
203261283
203463170
203764804
203932456
204134955
204337052
204523208
204756419
204956086
205125942
205361791
205559283
205727186
205960934
206166982
206366908
206538698
206735108
206974263
207142957
207344508
207578895
207783940
208016730
208252410
208454919
208621055
208826464
209059331
209296252
209497342
209671030
209874570
210139804
210344337
210516395
210710785
210917463
211114900
211316336
211487944
211688559
211924964
212156655
212326266
212564842
212796792
213066082
213275040
213472497
213673973
213880017
214109987
214311447
214550601
214682251
214854063
215052732
215189559
215352074
215555738
215766740
215971260
216171464
216403587
216646317
216912277
217146333
217325725
217526859
217726292
217894043
218162418
218371242
218569205
218805210
219077101
219277810
219449756
219745505
219951156
220083370
220318395
220518700
220786758
221064127
221300282
221502900
221738223
221940518
222174597
222442316
222650468
222913786
223081929
223250881
223483240
223723298
223920187
224154686
224361217
224592975
224826941
225033989
225231691
225430296
225633972
225835541
226104047
226271385
226472768
226641239
226845906
227050955
227220338
227425799
227658049
227893293
228126005
228364312
228531267
228737959
228936109
229136633
229338461
229575856
229784476
229950620
230183802
230422987
230657153
230891760
231096334
231365714
231600872
231771828
231970453
232142084
232340287
232508159
232709891
232912869
233112862
233314659
233549846
233718427
233922190
234090594
234293635
234464241
234660864
234896615
235099373
235266263
235468837
235667858
235869004
236008878
236179733
236374505
236576162
236779082
236944581
237147322
237350908
237550601
237752217
237886985
238086623
238254400
238425668
238592354
238760032
238961046
239129884
239263848
239403311
239537918
239766232
239935870
240102625
240302754
240510328
240773586
240942015
241110412
241275605
241412846
241580983
241746281
241950005
242116992
242329983
242494733
242666925
242863593
243031212
243198642
243399457
243574344
243733998
243909255
244105944
244343839
244543629
244711297
244877173
245076910
245253154
245481348
245689066
245888123
246118986
246321575
246524352
246699523
246859799
247034283
247162386
247370466
247566529
247799108
247903896
248118605
248320624
248558822
248739845
248964242
249193719
249305125
249500300
249750827
249991726
250284518
250518354
250687742
250853741
251026869
251191790
251394717
251561287
251771117
251966763
252241052
252510153
252713802
252986079
253253639
253464165
253622962
253824135
254064424
254264385
254471792
254711433
254978919
255244381
255389430
255547340
255722904
255920821
256064149
256296539
256560411
256700066
256930862
257103986
257272805
257481121
257682602
257919944
258091785
258288832
258491546
258696580
258869016
259030715
259264992
259436906
259634911
259873221
260071335
260338746
260505467
260707721
260979009
261217156
261389947
261620178
261824671
261991532
262162485
262361340
262532332
262769358
263003139
263205458
263407486
263605747
263778999
263942592
264149531
264381639
264551059
264785952
264987371
265191441
265358928
265599998
265833789
265993998
266169965
266363911
266571165
266811784
267045392
267214876
267349280
267524145
267717029
267856501
268087275
268223669
268387751
268591344
268796182
268969915
269132387
269368830
269543238
269738430
269908283
270140004
270316897
270477171
270677615
270846326
271047748
271249607
271418705
271619897
271788548
271998978
272123243
272293374
272494651
272629857
272801318
273011628
273249402
273409533
273582144
273744456
273920053
274081102
274317266
274554532
274718934
274989646
275193578
275393713
275566965
275733978
275902347
276066849
276202894
276377113
276573000
276743108
276907849
277074929
277244250
277445111
277580785
277746167
277886821
278059227
278292880
278420673
278663010
278899361
279073074
279235881
279411488
279609411
279839355
280011987
280212039
280420188
280582251
280784738
281018547
281221537
281357416
281522431
281664448
281899237
282030028
282234324
282501562
282675725
282904328
283073743
283275617
283447918
283646002
283848586
284083692
284216596
284418788
284585458
284753911
284990042
286288582
286525688
286660314
286825275
286974352
287128141
287266459
287461731
287562208
287973097
288101488
288978061
289109433
289275661
289446089
289650898
289777498
289949277
290181314
290326597
290493535
290663876
290791364
290926151
291126474
291298479
291466370
291634545
291837114
292039756
292239168
292440683
292607273
292774215
292945535
293147415
293359967
293548686
293784035
293952626
294154869
294379364
294571136
294769635
294904948
295048527
295207454
295343878
295544303
295780698
295947437
296116560
296352148
296553914
296756892
296957959
297068388
297263109
297513168
297698071
297839077
297967096
298167939
298344623
298511948
298714102
298914931
299117477
299351631
299520106
299655152
299895391
300104103
300369874
300571442
300804144
301080408
301244429
301452896
301652719
301818440
302018404
302256737
302522263
302728533
302960694
303160590
303333110
303598279
303805467
303970092
304170801
304443309
304674333
304876111
305044285
305244939
305451539
305651378
305886119
306087911
306294104
306461500
306695973
306934024
307105893
307268429
307509012
307708380
307912280
308146387
308381835
308619616
308858207
309019798
309191901
309389577
309591237
309759029
309925852
310128647
310295814
310501248
310698287
310901061
311067619
311234016
311406577
311572769
311741263
311940959
312146164
312312289
312579212
312784050
312951638
313156527
313422218
313694680
313994529
314246835
314444030
314645729
314816538
315016951
315187395
315423320
315691789
315931669
316127726
316334466
316538476
316738491
316977104
317178653
317418319
317586716
317754372
317923457
318124864
318325856
318526408
318726716
318942113
319173708
319407699
319579335
319779931
320046841
320284586
320519772
320756306
320957996
321191714
321393556
321671529
321837607
322107449
322310307
322477234
322646427
322846132
323115929
323286289
323485710
323753257
323957435
324125345
324295796
324461734
324631039
324834124
325041742
325237380
325407187
325617008
325848200
326069192
326299562
326503896
326754379
326951077
327219177
327455977
327656644
327858559
328030496
328260304
328439966
328665307
328868101
329071834
329238729
329448022
329712036
329911654
330082521
330283467
330487473
330692604
330895408
331067735
331300939
331568355
331873814
332110683
332346219
332512303
332680658
332950074
333184926
333391255
333595022
333796557
334033430
334269442
334437675
334641637
334813887
335046758
335188738
335381778
335656829
335828346
336094664
336295373
336500793
336702315
336902061
337109411
337313420
337553587
337816575
338048823
338225373
338453626
338687761
338927080
339165166
339435339
339701890
339870829
340071747
340307328
340545564
340749251
341019351
341191753
341426068
341633334
341769774
341971448
342173298
342407797
342641334
342843538
343050969
343253843
343419127
343626980
343823155
343991261
344193904
344433870
344569060
344767712
345010307
345212554
345482129
345715620
345853574
346087395
346254245
346420743
346664506
346894692
347097121
347266972
347429903
347603435
347732964
347972394
348238358
348408618
348611403
348811043
349023760
349147495
349382534
349617310
349793593
349954472
350154389
350390582
350634716
350829213
350998426
351199134
351375156
351635595
351873758
352053431
352241924
352444064
352680072
352847594
353086848
353264001
353465309
353632438
353841458
354004049
354207350
354422175
354612439
354793824
354994591
355264884
355439621
355700344
355876274
356071178
356214384
356445922
356682707
356854346
357058051
357255887
357389135
357589467
357758497
357927015
358135067
358294233
358502220
358670404
358916152
359079939
359256130
359448723
359650285
359783567
359951517
360120407
360319249
360555869
360757355
360960627
361128912
361365767
361571792
361844444
362039906
362285209
362521109
362779957
362984584
363221899
363423178
363591562
363766074
363933601
364136956
364412337
364748867
364991048
365338555
365602502
365839929
366105563
366351913
366616943
366887407
367197551
367497772
367743304
368058056
368319922
368560249
368761930
368996089
369199162
369500796
369756073
369988300
370211412
370480567
370763486
371030505
371230751
371445794
371745573
372048634
372288316
372592503
372829628
373046914
373273559
373540355
373844917
374158133
374492602
374731981
374962320
375170502
375411037
375639821
375873157
376185883
376423367
376613772
376782226
376949574
377189117
377384946
377552953
377687319
377869910
378166065
378368081
378547428
378742442
378978329
379183170
379350068
379560703
379799861
380059393
380329318
380593224
380804716
381032934
381244246
381482640
381744814
381978605
382215553
382415763
382715925
382924578
383160696
383324247
383595805
383792160
384063047
384271615
384472258
384671695
384907505
385108017
385342396
385619917
385883594
386087305
386219560
386419887
386654601
386792632
387057761
387303135
387465712
387637735
387875176
388037629
388240201
388442930
388696149
388908782
389098014
389343487
389536475
389804928
390013989
390247318
390478407
390747057
390924917
391117320
391285690
391526120
392630126
392897884
393099243
393275169
393475379
393677747
393876528
394318608
394479928
394611526
395328845
395499641
395699117
395867532
396066586
396233759
396402834
396574249
396683358
396906333
397109469
397278099
397551370
397751454
397953658
398091005
398259461
398459989
398704534
398837260
399002646
399205060
399338948
399507261
399716130
399875906
400051803
400215600
400397692
400630543
400798780
400976032
401103333
401274285
401508314
401680499
401855511
402052763
402251695
402428488
402558206
402691555
402860993
402995664
403230576
403447060
403634362
403877697
404039496
404237501
404454709
404679102
404845236
404980186
405152500
405392305
405592570
405803198
406034102
406276729
406511758
406747094
407017888
407227794
407432592
407630354
407845571
408079619
408282624
408486089
408752466
408990541
409201977
409395745
409628970
409832615
410000675
410208513
410371174
410573563
410779434
411017030
411250706
411488361
411653423
411925372
412127292
412325994
412499883
412764502
412933967
413140103
413406841
413578868
413776171
413978414
414251125
414448007
414648598
414854156
415092639
415295698
415498488
415702751
415906879
416174613
416478042
416752901
416924855
417228125
417430485
417660230
417928760
418131478
418401201
418646407
418874255
419109475
419315345
419511274
419746022
420016957
420254737
420456765
420663291
420866697
421103020
421340555
421573639
421706568
421881814
422152556
422387260
422623801
422823262
423030399
423194423
423329523
423596274
423800824
424016763
424262732
424429651
424603640
424806558
425044322
425244945
425480376
425647865
425847830
426053567
426288751
426456716
426728044
426930617
427064233
427301883
427539454
427743553
427979504
428246435
428454363
428720550
428985980
429220716
429530553
429763410
429998471
430199254
430479485
430775258
430976003
431111330
431314351
431514242
431785498
431992210
432193423
432393211
432597425
432839513
433068129
433301174
433446374
433643933
433913212
434115491
434349662
434522049
434794624
435025595
435260895
435495541
435763595
435964387
436203974
436402833
436602465
436808322
437040607
437211072
437408480
437576505
437742475
437887714
438079267
438314392
438558488
438823982
438988446
439195080
439459404
439730128
439902835
440067186
440266180
440539539
440775323
441010634
441250412
441517435
441685864
441854603
442086696
442222174
442428497
442627297
442796537
442998210
443202732
443335575
443504311
443738954
443944538
444142330
444343098
444509945
444712012
444954082
445150374
445349829
445590768
445821113
446022790
446224983
446392100
446592444
446794655
446928405
447096605
447263142
447463040
447699672
447868108
448067965
448269507
448437307
448608360
448805995
448978213
449174540
449375503
449579414
449746568
449948219
450149793
450288893
450488115
450688288
450856552
451024232
451193062
451395993
451529529
451763108
452002983
452200614
452402283
452603978
452838032
453009618
453213563
453415373
453583478
453818023
453990315
454153365
454288750
454488244
454659944
454858288
455060657
455226986
455395671
455560885
455803307
455998482
456200272
456405603
456603096
456810522
457010114
457251171
457390127
457518840
457726836
457888733
458063571
458290980
458501708
458630560
458873972
459084117
459279420
459422608
459681313
459855751
460062771
460227673
460434451
460597031
460731141
460899236
461034526
461237040
461443917
461679493
461814045
462016818
462226301
462420750
462587317
462797115
463022928
463228561
463425546
463625880
463827778
464063972
464237000
464434619
464635985
464811317
465006123
465246312
465444372
465610177
465744761
465944868
466114335
466253390
466449960
466618657
466786685
466986359
467160525
467388680
467595246
467762906
467997608
468171452
468403413
468538104
468737231
468945476
469180357
469342394
469544549
469744843
469951815
470185638
470417303
470551875
470754745
470919833
471087884
471255513
471460109
471661692
471838300
472005232
472174003
472375545
472477974
472715519
472887682
473086821
473288205
473454887
473664678
473860561
474061686
474295654
474497504
474702092
474910615
475105609
475273331
475474746
475645292
475846133
476017859
476181506
476354532
476550061
476783564
477027853
477263573
477456071
477625465
477858909
478042834
478279160
478507442
478717875
478910014
479108523
479312955
479483178
479720797
479917439
480057472
480253285
480459284
480694072
480895068
481094727
481272508
481498013
481739964
481937050
482137026
482310203
482511291
482713487
482915998
483115582
483286564
483454316
483624132
483856119
484023385
484262072
484432745
484631080
484799286
485032756
485202024
485371273
485574000
485838130
486016686
486208323
486377963
486551931
486749113
486987086
487186226
487360258
487589093
487758341
487959159
488159746
488296131
488493866
488631414
488898704
489064883
489267720
489477867
489737249
489906292
490074436
490275150
490442662
490643747
490816761
491013931
491254522
491394247
491557030
491731994
491892347
492128931
492265413
492508298
492672018
492872271
493081663
493245210
493446038
493681633
493881169
494089894
494285015
494426534
494619709
494822175
495056527
495256792
495436544
495627428
495829646
496044773
496313121
496516087
496681806
496850522
497019468
497227735
497434884
497635773
497807898
499644678
499880280
500082025
500285230
500610222
500773884
500949477
501106668
501285764
501415144
501583380
501757991
501920056
502293231
502422131
503302954
503430417
503570235
503733409
503874324
504036305
504209505
504376589
504578417
504748127
504916574
505119903
505289652
505456821
505624126
505831827
506009752
506131862
506302077
506503123
506683747
506941381
507142720
507351108
507509893
507685755
507846437
508052031
508216972
508418771
508620865
508854686
509057543
509292647
509424857
509627739
509830011
510036547
510230119
510500501
510670948
510872529
511107039
511307692
511410017
511611357
511744977
511979775
512181225
512316512
512550582
512753577
512886024
513087187
513325355
513525865
513663017
513895536
514095220
514264690
514509263
514748371
515016892
515250408
515485347
515723805
515925922
516159949
516431528
516628989
516862790
517064952
517266195
517567871
517736333
517970317
518206402
518374954
518608709
518843957
519044907
519214487
519351589
519549483
519794142
520054885
520287691
520522537
520726851
520959973
521194523
521430676
521632312
521899691
522069332
522302478
522538368
522739733
522976374
523208997
523445411
523612399
523818017
523985183
524184174
524457608
524691344
524893183
525095808
525329242
525502981
525732315
525936132
526068993
526269862
526440109
526672691
526906842
527145167
527378519
527577424
527780064
527981033
528150326
528353734
528619293
528822602
529055100
529326188
529569859
529842638
530108821
530347029
530556273
530814962
531084796
531253436
531522769
531789673
532097121
532332458
532499806
532668653
532907881
533174853
533444407
533678700
533950211
534218991
534419592
534653858
534858199
535056786
535225527
535459291
535604462
535798013
536034312
536202276
536402917
536580315
536751500
536961116
537185512
537389277
537626318
537892199
538163783
538367972
538532423
538733570
538937290
539136402
539310491
539508345
539708899
539910296
540112362
540284230
540482517
540654535
540884197
541157536
541360740
541529523
541764420
541940059
542175229
542442406
542645223
542880998
543081516
543249869
543450682
543658989
543861768
544127387
544328574
544565168
544766591
545004062
545204814
545377652
545573599
545805968
546011952
546210353
546444733
546722677
546984598
547149723
547319183
547520021
547753363
548023504
548230044
548431106
548632928
548867455
549104100
549270942
549472014
549644426
549876916
550048592
550244090
550446475
550681055
550919201
551090623
551323524
551523771
551764176
551990971
552159761
552436040
552562752
552832296
553035290
553268587
553469319
553671205
553878822
554048952
554250374
554484344
554654096
554920620
555189517
555356967
555591758
555861282
556065518
556263875
556432929
556699019
556935852
557072556
557304895
557477554
557675020
557908154
558114080
558313546
558488498
558650885
558917480
559127158
559395394
559631901
559869831
560109297
560342936
560545474
560813687
561013349
561218336
561458024
561695248
561965273
562168784
562399867
562633375
562877663
563071057
563274932
563441358
563710136
563986526
564182615
564419609
564658214
564830796
564996094
565162882
565336065
565532901
565730739
565969519
566169037
566438040
566684208
566915423
567109916
567351138
567544981
567746953
567921743
568182929
568386453
568554376
568789705
568957030
569162999
569432374
569608000
569802752
570010669
570209450
570385588
570546352
570723617
570918508
571119176
571354737
571599838
571867136
572073486
572272201
572468656
572676345
572844759
572991531
573182371
573386382
573622335
573822336
574057310
574227001
574438855
574671710
574933734
575200583
575402224
575640724
575847524
576049428
576319108
576557802
576726199
576931473
577140383
577333071
577500746
577770265
577971245
578175332
578342401
578576229
578782466
578947633
579117656
579284673
579553068
579726197
579957676
580163655
580328389
580529215
580736165
580932640
581182641
581417133
581585558
581763038
581959018
582106499
582330466
582568537
582773380
582933706
583108381
583376933
583610007
583788284
583945705
584180466
584417402
584621074
584796606
585056099
585256674
585428292
585661294
585903628
586099569
586264976
586474340
586668041
586814450
587005337
587209997
587409043
587592285
587786649
587986918
588225321
588463074
588729304
588973603
589182483
589411212
589648614
589887470
590120479
590359092
590638079
590870993
591073963
591343042
591552066
591747548
591996191
592223679
592418476
592624935
592898650
593098774
593267758
593436044
593637591
593913522
594140432
594351460
594589162
594811637
595022869
595262478
595493521
595700902
595936400
596134960
596334378
596569658
596811503
596960161
597223775
597425212
597690579
597896672
598130485
598365778
598602030
598846436
599013947
599247461
599419872
599617452
599819266
600022828
600256671
600388525
600590847
600825716
601063246
601263206
601465715
601701030
601903348
602109076
602308816
602541397
602744173
602951177
603182066
603362089
603554187
603795609
603966293
604201766
604339519
604537772
604742515
604949521
605118055
605322687
605506633
605666443
607009076
607181970
607312692
607481118
607691272
607819269
607918383
608029694
608171496
608301722
608714477
608938712
609717130
609911978
610055667
610249741
610389606
610552116
610724865
610886612
611060972
611256661
611396645
611592743
611793606
611927806
612129928
612231693
612434016
612569433
612772556
612937052
613037820
613197784
613422983
613581957
613755464
613950381
614154965
614357330
614524925
614695854
614861600
615061851
615264446
615439052
615567093
615775453
615973502
616122616
616245476
616382008
616546588
616749258
616916656
617153599
617320859
617520858
617691065
617904179
618133218
618330137
618472945
618701125
618939805
619109473
619277813
619449899
619616642
619823501
620023426
620236673
620396928
620500627
620634537
620837367
621101321
621370268
621642934
621874215
622115478
622348066
622525185
622718571
622919024
623124937
623323318
623557745
623763540
623968709
624172322
624370014
624541411
624774689
624943228
625111477
625379012
625581613
625783591
625952031
626155302
626355893
626588128
626788937
626924332
627127301
627360304
627532425
627732696
627905168
628104354
628306921
628474779
628674707
628885092
629117122
629319269
629560047
629788290
629957286
630161439
630362617
630561603
630763510
630997242
631236668
631434422
631638122
631877211
632109710
632307645
632509829
632711231
632883163
633081824
633287360
633520678
633720018
633923374
634090995
634325448
634601796
634869802
635071033
635307630
635475088
635708547
635947060
636215281
636383256
636586526
636786924
637057865
637262658
637427183
637627001
637862565
638066163
638168513
638340617
638536099
638772534
639013845
639280497
639549489
639815347
640052157
640361104
640624244
640858125
641094087
641368295
641599988
641834097
642006279
642207335
642507250
642780781
643015863
643248350
643487512
643728771
643992744
644227590
644507858
644779513
644990128
645192266
645432425
645662317
645866141
646133838
646374486
646644489
646780823
647016924
647247566
647483560
647687629
647886769
648093985
648330853
648599115
648834843
649040901
649271600
649484101
649746186
649977339
650210906
650380495
650583770
650792909
651031961
651208620
651439474
651675103
651874345
652041483
652277283
652483157
652681564
652855135
653056774
653223495
653460306
653727302
653866518
654096627
654332418
654540131
654736780
654938611
655105995
655275608
655409455
655584865
655784555
656019459
656225520
656388974
656589204
656791550
657027862
657199706
657463344
657699863
657969974
658241961
658446129
658652209
658887711
659192451
659391961
659598914
659797478
660062847
660332956
660537498
660768350
661038454
661281702
661476233
661710608
661954316
662250633
662481737
662718506
662984795
663224493
663454954
663655743
663894560
664107886
664274729
664509130
664709263
664946885
665147250
665385642
665560797
665760638
665930119
666132958
666338086
666567015
666800688
667008819
667206642
667442357
667686521
667914275
668111682
668280174
668482229
668690213
668858924
669086898
669294813
669527106
669706507
669935006
670102520
670269925
670513291
670743597
670944978
671150508
671391384
671687126
671988271
672255637
672457290
672660330
672927191
673098792
673336730
673518668
673761357
673984793
674152264
674388097
674555934
674793391
675060462
675260997
675438752
675631627
675831669
676034503
676234957
676472328
676739333
676973661
677218779
677449649
677644095
677848668
678082555
678317791
678485793
678754141
678961826
679137646
679297078
679499037
679766566
680001212
680204290
680405833
680645613
680924616
681160520
681353028
681621294
681841068
682096879
682302976
682538958
682772708
683043428
683283872
683482237
683714596
683915495
684119400
684320775
684532659
684761719
684970205
685165759
685399684
685566856
685769305
686038079
686246855
686481249
686719249
686855814
687124898
687332645
687495159
687694960
687971367
688246915
688474123
688682194
688915718
689111190
689280945
689549576
689750618
689952154
690152806
690387874
690621453
690825666
691031827
691193551
691431241
691607672
691840518
691986576
692151764
692353478
692520278
692761666
692975615
693164711
693335242
693467857
693703413
693939241
694138399
694312838
694508784
694710243
694911946
695113470
695349680
695519513
695721853
695999285
696189063
696393123
696628074
696894121
697062530
697338035
697498687
697734580
698009572
698169050
698372987
698573847
698781207
698977086
699177163
699379495
699547527
699718446
699918748
700130969
700286290
700520932
700694567
700889448
701131619
701327755
701467111
701703016
701931312
702108117
702273669
702542400
702819637
703017205
703215233
703451975
703685945
703920902
704189804
704358927
704591316
704836502
705103117
705302230
705471082
705673904
705846394
706042161
706212330
706380218
706581491
706755180
706984378
707191454
707387352
707588470
707792741
707992970
708261900
708396687
708596930
708771777
709035031
709270140
709508745
709743190
709910791
710082503
710315310
710514646
710683436
710890074
711086120
711320374
711591061
711803542
711960317
712233566
713823738
714026567
714268116
714434173
714842013
715106947
715311895
715518416
715691522
715923035
716098402
716535211
716766086
717540870
717735569
717907440
718070183
718271633
718474872
718642505
718816353
719057468
719262304
719394945
719628174
719867940
720072489
720248413
720375280
720584591
720713261
720919205
721118401
721318867
721521097
721723762
721890132
722125247
722268844
722462044
722605345
722701269
722898254
723033251
723234685
723436837
723669321
723912171
724080334
724242683
724504884
724646469
724874013
725111381
725319271
725512643
725655670
725815281
726049877
726221925
726454084
726622940
726789646
726997468
727158696
727364582
727463696
727669757
727866049
728067946
728273693
728506848
728644532
728884818
729088090
729261069
729498714
729664750
729863906
730036493
730267716
730470450
730639823
730871354
731106164
731309422
731543059
731812054
732015064
732247295
732415988
732616471
732884839
733154125
733359706
733556934
733729494
733962401
734163188
734332068
734598141
734798608
735035575
735202176
735372824
735506369
735675308
735839423
736009689
736178805
736418873
736627466
736860659
737071794
737239372
737408155
737642062
737876096
738080134
738279953
738452395
738716448
738917333
739088105
739320437
739521277
739805049
739967666
740165865
740405805
740606858
740774626
741041747
741209746
741412182
741613332
741886723
742161240
742358447
742567413
742774042
742974329
743178641
743376245
743577317
743712041
743914316
744152806
744353952
744588655
744791456
745025610
745200111
745394715
745593877
745762001
745965434
746134289
746334882
746539378
746702356
746903689
747106437
747307015
747510291
747777104
747945075
748148899
748381052
748553736
748716284
748929778
749064693
749265071
749400331
749600516
749768843
749971073
750084863
750218166
750330368
750530336
750767633
750902033
751135068
751277245
751503034
751704436
751907834
752108110
752281540
752511267
752680534
752847309
753048352
753250553
753484317
753687112
753887679
754056235
754223110
754423001
754630338
754761500
754895928
755062348
755230468
755399205
755567428
755732888
755935654
756069236
756239847
756437480
756642483
756841689
757040698
757243507
757444102
757612549
757748023
757950122
758117016
758327029
758526525
758692357
758859208
759063069
759301657
759500806
759734409
759904195
760068876
760271977
760440666
760610103
760810899
760948888
761145508
761314688
761482625
761652250
761884204
762086024
762291634
762557122
762790556
762997982
763161514
763297780
763467852
763707467
763905034
764139035
764308954
764509776
764744972
764917213
765116289
765321834
765553408
765790577
765955202
766158438
766326790
766493190
766697611
766896988
767100245
767306436
767540250
767771568
768044498
768343888
768646413
768815540
769050521
769218764
769458832
769676320
769914306
770119572
770317474
770485979
770720890
770922655
771191489
771394205
771593384
771863703
772105232
772274937
772508100
772712909
772914928
773118240
773385675
773586070
773759729
773958891
774127924
774395410
774633246
774869657
775076873
775310009
775543902
775779730
775983898
776191880
776390645
776655228
776957532
777201353
777462592
777635194
777898632
778100888
778369259
778572469
778839697
779075811
779278763
779481676
779660737
779918012
780118209
780420780
780590991
780823172
781004674
781262265
781499001
781767768
782011371
782245266
782474626
782681234
782917666
783145917
783379128
783588170
783787313
783993555
784122562
784393687
784527009
784762906
784897987
785099564
785333972
785536078
785770093
785949816
786139952
786309856
786544835
786776914
786953180
787181176
787388940
787624577
787783221
787960270
788119453
788322672
788531403
788740263
788934044
789135074
789369362
789610432
789874679
790096478
790290389
790531292
790735549
791017104
791177782
791382099
791648420
791882328
792086435
792288293
792522945
792725687
792928420
793138628
793379254
793569343
793814019
794011718
794246321
794448908
794687393
794850109
795087001
795292272
795459554
795733048
795961983
796131026
796406262
796635765
796806131
796976737
797243155
797518812
797682023
797953619
798199397
798392188
798625860
798866952
799028017
799229473
799499332
799735491
799935397
800170587
800372867
800643548
800846700
801045828
801220343
801416126
801650438
801952593
802127371
802321857
802565453
802797829
802993652
803194364
803398785
803598956
803809248
804003394
804268971
804510149
804680271
804923261
805157898
805456965
805656848
805938573
806203286
806404091
806641660
806777669
807009060
807198502
807456841
807632853
807866217
808132735
808332979
808540921
808735734
808937363
809138849
809340740
809613348
809850666
810118780
810288289
810421203
810564900
810824840
811024061
811232892
811462821
811669043
811865732
812098184
812243283
812433903
812682716
812879389
813079001
813317758
813595570
813820759
814122556
814363907
814563275
814760386
814937027
815168455
815436486
815713784
815950602
816220743
816420556
816590396
816857392
817063770
817227901
817503118
817741687
817980111
818206937
818416088
818655052
818813206
819017499
819218810
819454187
819661165
819822365
820057131
822089067
822365837
822540640
822983161
823194341
823451949
823625889
823755398
823956047
824197516
824675141
824902191
825680261
825907478
826050827
826251647
826448621
826692085
826841756
827120056
827362099
827490161
827698149
827860525
828041564
828230756
828377174
828565914
828766250
828935886
829136957
829339774
829443227
829677573
829914863
830115716
830361211
830564991
830801476
830999913
831201306
831370416
831571704
831708418
831908222
832143899
832310827
832512224
832757339
832951465
833153173
833320428
833487615
833656303
833823934
833992582
834200390
834362072
834535395
834733968
834967888
835107666
835270570
835482035
835649353
835856469
836092824
836292832
836467580
836632954
836835043
837003886
837207076
837373483
837643988
837914230
838122280
838354887
838554689
838794034
839026881
839264577
839509364
839673349
839845414
840007494
840180957
840377024
840613759
840780191
840980841
841216546
841385698
841620473
841791032
842032746
842235516
842368948
842636986
842881354
843041070
843243688
843444741
843680468
843887560
844118895
844292109
844569169
844762175
844998174
845268787
845543028
845776060
846018086
846223397
846387423
846624483
846792313
846968988
847171853
847404180
847673275
847948963
848178798
848378932
848626327
848821683
849057893
849260256
849527867
849764873
849996327
850232851
850470094
850735422
850984454
851178587
851413479
851656388
851823029
852091725
852360507
852597645
852830012
853006823
853168404
853402094
853606862
853872194
854039783
854241776
854410552
854612368
854844126
855018113
855250604
855482871
855717377
855920529
856120073
856390052
856591654
856759191
856963115
857198863
857466973
857637871
857871691
858104375
858341524
858540307
858774684
859011791
859280373
859515452
859722893
859952755
860120168
860323741
860601512
860837457
861005872
861244785
861479850
861680938
861881793
862087415
862320100
862552984
862725305
862923560
863098338
863292439
863444246
863646448
863817116
863987075
864184777
864390078
864623303
864859526
865066653
865230553
865435550
865665997
865831949
866103729
866283603
866519248
866789319
867023969
867260734
867511558
867743104
867947894
868149755
868421322
868624175
868864359
869093194
869294654
869498976
869666672
869872002
870102088
870340789
870509583
870717184
870915868
871086561
871253792
871491241
871655911
871858018
871994724
872159832
872294338
872498830
872696711
872869434
873032322
873266281
873474499
873646860
873850298
874053486
874220755
874457659
874632134
874799642
874967751
875170816
875373072
875507323
875709313
875842546
876112167
876346581
876516559
876682308
876884456
877085552
877296155
877493595
877662178
877829463
878034171
878203855
878402528
878605119
878737985
878872961
879039599
879210327
879409172
879613966
879779342
879949073
880148882
880320934
880451261
880589309
880787173
881020090
881223059
881423456
881558433
881760577
881929352
882065190
882196432
882433921
882603442
882769096
883007132
883205658
883442458
883610623
883845696
884057782
884293085
884464285
884631123
884831482
885037242
885232432
885435734
885603516
885872086
886006950
886206225
886380510
886575026
886820908
886978507
887150414
887398845
887560552
887692883
887837848
888033343
888233263
888407695
888636507
888772413
888938537
889179637
889375359
889520872
889679443
889946135
890147706
890350270
890525801
890720270
890889134
891095547
891291923
891494890
891626517
891829510
891998342
892204724
892366655
892567178
892736609
892975286
893211641
893341895
893509379
893679676
893912076
894046476
894281165
894457322
894649874
894791912
894988575
895132617
895324115
895524185
895757929
895960245
896162420
896365082
896598088
896807634
897049329
897259410
897419194
897550451
897720539
897925939
898054086
898268748
898463857
898609745
898841532
899003218
899140071
899377330
899540912
899711470
899882637
900118322
900318955
900486510
900686717
900922893
901126339
901297829
901494878
901728907
901972473
902168830
902437996
902679639
902888537
903082640
903284633
903453010
903665420
903831708
904101861
904341587
904539231
904737997
904976079
905259214
905490495
905703622
905900795
906134513
906337561
906610420
906804646
906946406
907210952
907389525
907623497
907819731
907993217
908193664
908428569
908698145
908898741
909073585
909310508
909535457
909749601
909940647
910172772
910415573
910612454
910779020
910987394
911248485
911482804
911687446
911888978
912103542
912258595
912459678
912730329
912929388
913198827
913405484
913637214
913871579
914011623
914205772
914374230
914609793
914812974
914984168
915216953
915420537
915620578
915794182
916033923
916327143
916595347
916764533
917039086
917232905
917477473
917638478
917852888
917989757
918255471
918497176
918692581
918839778
919036653
919236995
919415730
919606037
919855397
920113232
920289392
920491509
920727142
920866163
921103651
921331614
921538702
921780440
921971230
922209724
922408776
922640509
922842650
923010000
923216083
923454496
923715789
923954628
924224241
924465991
924666092
924968878
925141924
925351677
925529955
925765282
926032463
926275366
926509808
926772629
927007344
927209513
927413116
927645104
927854449
928050764
929508889
929775389
929945629
930152585
930350706
930451371
930616208
930754320
931193260
931320230
932199243
932402177
932602215
932774636
932939218
933105794
933273026
933443310
933682374
933893568
934016756
934182550
934252054
934419561
934620014
934787511
934968651
935208449
935439015
935679846
935878275
936116481
936273683
936520647
936728620
936864299
937000647
937173697
937366760
937568581
937770342
938038724
938207431
938408962
938583184
938818471
938988452
939227033
939363617
939564082
939730623
939867351
940040717
940177802
940411071
940586431
940820287
940996128
941191896
941294180
941363821
941430867
941600419
941800328
942007174
942184224
942351239
942581867
942749315
942916533
943085277
943362666
943624601
943822714
944034933
944230899
944497691
944766228
944969824
945203237
945438461
945641654
945818397
946064266
946293405
946496042
946699918
946898621
947100463
947269598
947507064
947751717
947948033
948154467
948427714
948623264
948795144
948962673
949202430
949382509
949585526
949789294
950054245
950252866
950468425
950732768
950933698
951103812
951304494
951571427
951774481
952042521
952311290
952581104
952847708
953050362
953319011
953522726
953829925
954026546
954267395
954514132
954637556
954846087
955007455
955209543
955378101
955578571
955815730
956022448
956322587
956529826
956692823
956864680
957028647
957228271
957430840
957634803
957903050
958108940
958273893
958444496
958712445
958882820
959184223
959420623
959622337
959863757
960063003
960268859
960478834
960716503
960951753
961154027
961320083
961561932
961791710
961993975
962162763
962331826
962606616
962838762
963049275
963353645
963587420
963821521
964022252
964226630
964460762
964633368
964866260
965101314
965269511
965434402
965644516
965805542
965940521
966140841
966280624
966541934
966743185
966985027
967214565
967416503
967618780
967818350
968020120
968221694
968456600
968592466
968827483
969028374
969228365
969429450
969675544
969843762
970014231
970213460
970481994
970688711
970920012
971152875
971360014
971555311
971755287
972030164
972193372
972428890
972708924
972868425
973135994
973305876
973540213
973741254
973944249
974179292
974383742
974615963
974815358
974985429
975222131
975455964
975656779
975891469
976158292
976329881
976528835
976707235
976907494
977084799
977279018
977419547
977580803
977780128
978015991
978221856
978393249
978561541
978730694
978932284
979104038
979335237
979536195
979774863
980007130
980308734
980447750
980680234
980987247
981255913
981563831
981766945
981931299
982167003
982333633
982536300
982740990
983042298
983277044
983548882
983717350
983959733
984194350
984397979
984573894
984808286
985009497
985243959
985412957
985647247
985816791
986084631
986356476
986558443
986729919
986928966
987178497
987444957
987679744
987914336
988119541
988318556
988560531
988727340
988929058
989130406
989299210
989502421
989701270
989912601
990108021
990343339
990585002
990881173
991079826
991286832
991485807
991688513
991934590
992228352
992460523
992704250
992945963
993141030
993309460
993513923
993748541
993916411
994083750
994353587
994554761
994756365
994892003
995070762
995261250
995537217
995705811
995907749
996086374
996322371
996511207
996653013
996879779
997089905
997283410
997485554
997720273
997957450
998123390
998399141
998675762
998871676
999144421
999413889
999649730
999814404
1000052244
1000263305
1000498704
1000735867
1000935001
1001170050
1001378446
1001576202
1001819714
1002050824
1002245692
1002387965
1002580104
1002783161
1002953080
1003156075
1003393183
1003627476
1003796870
1003997075
1004172372
1004410896
1004602150
1004805926
1005040821
1005276133
1005418059
1005609912
1005812264
1006013220
1006248480
1006488860
1006721941
1006923190
1007158762
1007325505
1007533469
1007729568
1007963844
1008164751
1008402195
1008567920
1008775281
1008938722
1009173754
1009307448
1009547632
1009783796
1010015934
1010221539
1010417805
1010651056
1010818549
1011021960
1011188221
1011388298
1011626398
1011858798
1012133909
1012331499
1012499493
1012665951
1012866338
1013103904
1013202952
1013439226
1013672090
1013874348
1014075264
1014250181
1014445265
1014682346
1014851578
1015083733
1015261712
1015493918
1015687459
1015930959
1016167731
1016361948
1016561549
1016796948
1016998016
1017201792
1017434333
1017636747
1017846309
1018072452
1018280733
1018519063
1018676719
1018911923
1019148261
1019348228
1019550941
1019783020
1020052333
1020223145
1020422039
1020588913
1020792428
1020968616
1021131613
1021366555
1021545362
1021767337
1021936548
1022171528
1022372554
1022552331
1022844030
1023042593
1023218280
1023480253
1023658029
1023815630
1023992500
1024224278
1024454556
1024688219
1024923719
1025091155
1025258567
1025459727
1025694444
1025930467
1026131532
1026365094
1026673900
1026877474
1027111045
1027312928
1027514220
1027714626
1027983682
1028186395
1028453204
1028620837
1028788712
1028990171
1029228817
1029426635
1029603121
1029831087
1030099795
1030372422
1030572694
1030775205
1030975228
1031211788
1031446540
1031625219
1031855452
1031989164
1032161803
1032403928
1032566869
1032766226
1032975363
1033237374
1033443742
1033612596
1033817091
1033996601
1034219915
1034395262
1034597746
1034773316
1036944004
1037182240
1037346385
1037812532
1038049802
1038325012
1038531502
1038670181
1038826422
1039043103
1039520999
1039713586
1040528816
1040697190
1040893414
1041124148
1041295994
1041537289
1041696653
1041898776
1042099550
1042334647
1042546942
1042772678
1042878943
1042937966
1043140874
1043342345
1043550346
1043709721
1043913722
1044120097
1044320545
1044488720
1044657952
1044860711
1045025094
1045195230
1045327677
1045529389
1045734119
1045973645
1046215870
1046458532
1046659849
1046806231
1047036760
1047246191
1047447701
1047622203
1047803551
1047981263
1048207901
1048376474
1048577687
1048780560
1049020794
1049217153
1049426312
1049589027
1049824969
1050001385
1050233149
1050401048
1050639918
1050841175
1051018604
1051243772
1051482247
1051693039
1051951244
1052222222
1052420827
1052590265
1052790213
1052961668
1053172048
1053403452
1053676428
1053940840
1054114554
1054284281
1054551353
1054787745
1055067382
1055295658
1055531365
1055768016
1055934618
1056204483
1056473523
1056642210
1056878773
1057112661
1057315723
1057520345
1057754831
1057954922
1058154613
1058390199
1058623717
1058793330
1058994235
1059263154
1059502703
1059736264
1059940872
1060178384
1060378963
1060612107
1060812029
1061051806
1061217874
1061389108
1061620957
1061824047
1062058417
1062225991
1062469878
1062698909
1062865407
1063100367
1063337469
1063613108
1063821692
1064081693
1064316319
1064518864
1064720528
1064988445
1065260105
1065462892
1065731185
1065975936
1066144860
1066313008
1066549978
1066751689
1066953734
1067220864
1067423756
1067625940
1067829182
1068027801
1068227077
1068432082
1068733564
1068967886
1069205191
1069475327
1069705702
1069882902
1070111789
1070309613
1070550742
1070780511
1071016552
1071251969
1071485493
1071754746
1071958173
1072160960
1072392682
1072565906
1072796509
1073030873
1073266898
1073432804
1073702785
1073909806
1074106531
1074273792
1074444346
1074677522
1074920615
1075082771
1075319737
1075592229
1075820443
1076022804
1076263490
1076528025
1076729561
1076867481
1077068857
1077302525
1077537938
1077705235
1077839176
1078044632
1078291409
1078422550
1078655775
1078893378
1079091557
1079260863
1079428458
1079638458
1079831680
1080034797
1080235700
1080435181
1080576858
1080740079
1080908788
1081143003
1081315105
1081516236
1081717027
1081848243
1082084667
1082251704
1082418666
1082659380
1082858850
1083058599
1083299817
1083465922
1083672101
1083836100
1084070829
1084238151
1084407722
1084577446
1084744682
1084911318
1085080887
1085251227
1085416371
1085586045
1085787257
1085954744
1086157496
1086326934
1086458188
1086630574
1086794781
1086964588
1087165371
1087372093
1087537662
1087675168
1087872976
1088073422
1088241709
1088444360
1088646990
1088846483
1089013981
1089215468
1089416132
1089619595
1089819427
1090022244
1090223038
1090423244
1090625747
1090792926
1090998439
1091162339
1091297119
1091402218
1091632394
1091833079
1091968645
1092170601
1092372968
1092574352
1092775414
1092947406
1093113871
1093248916
1093449245
1093684552
1093884180
1094054781
1094255574
1094455719
1094592762
1094768542
1094927328
1095133956
1095336127
1095503046
1095671553
1095872265
1096077879
1096242763
1096415846
1096612677
1096850089
1097019083
1097219418
1097420838
1097587286
1097757632
1097963854
1098166710
1098332382
1098534344
1098737825
1098902368
1099072273
1099304711
1099481258
1099645669
1099842186
1100008551
1100150614
1100278154
1100491987
1100649679
1100851704
1101052047
1101285671
1101494601
1101687825
1101873285
1102076023
1102278380
1102445460
1102645548
1102814242
1102957027
1103191989
1103387388
1103589988
1103759302
1103965340
1104096758
1104362910
1104598457
1104800840
1105001493
1105214287
1105440533
1105647120
1105809222
1105981609
1106143004
1106319810
1106552642
1106750631
1106919904
1107155894
1107358399
1107568244
1107762277
1108003751
1108167074
1108342380
1108538181
1108770847
1108972811
1109179598
1109379885
1109587195
1109749555
1109986768
1110232402
1110432979
1110670463
1110838136
1111072084
1111279058
1111441431
1111624563
1111853547
1112031549
1112199275
1112411098
1112605338
1112837969
1113004820
1113206030
1113341946
1113507972
1113677504
1113843751
1114044866
1114280585
1114482744
1114616691
1114818191
1115052156
1115287447
1115488503
1115700707
1115935616
1116168785
1116405010
1116541211
1116779995
1117015240
1117278208
1117478175
1117648238
1117815233
1117982638
1118252483
1118518564
1118697573
1118921552
1119132294
1119366239
1119595588
1119864247
1120101560
1120339373
1120537783
1120710662
1120873364
1121053267
1121317553
1121492646
1121691231
1121925126
1122168085
1122416203
1122644494
1122912626
1123119189
1123353872
1123587558
1123822192
1124056634
1124258368
1124494943
1124730268
1125000013
1125208745
1125445684
1125637291
1125845753
1126014546
1126228527
1126459737
1126686933
1126921268
1127156226
1127357034
1127564655
1127761912
1127928103
1128135674
1128297811
1128471228
1128666857
1128916974
1129113103
1129311294
1129546925
1129782174
1129923199
1130118202
1130353842
1130554761
1130796148
1131029335
1131270580
1131509807
1131737182
1131941678
1132203408
1132404686
1132618219
1132879794
1133046061
1133285876
1133483789
1133752167
1133984709
1134222633
1134424532
1134634258
1134863905
1135059921
1135233739
1135435452
1135639801
1135875465
1136070923
1136340415
1136507513
1136776357
1136983516
1137181190
1137413379
1137581242
1137786677
1137990381
1138229272
1138421978
1138662118
1138924986
1139126323
1139395522
1139598423
1139833187
1140008572
1140201566
1140401478
1140638736
1140806174
1141073584
1141249010
1141510962
1141745191
1141951173
1142114744
1142356266
1142489305
1142725079
1142963707
1144198131
1144435750
1144602693
1144775325
1145006265
1145216395
1145476796
1145890338
1146078931
1146890999
1147058497
1147189100
1147325972
1147564402
1147727581
1147900071
1148092871
1148296461
1148498565
1148733413
1148936682
1149139137
1149314462
1149516050
1149718959
1149888023
1150055450
1150224245
1150425777
1150562038
1150762954
1150965816
1151133341
1151333456
1151534711
1151736373
1151945247
1152120702
1152298807
1152523195
1152758874
1152926979
1153129198
1153364592
1153598950
1153812082
1154046923
1154194309
1154341053
1154531680
1154733836
1154869183
1155009519
1155205639
1155408030
1155611085
1155816126
1156024355
1156222045
1156424694
1156556802
1156698539
1156901964
1157102181
1157273957
1157505566
1157640994
1157909827
1158075000
1158317688
1158549398
1158783707
1159020796
1159223992
1159456015
1159660405
1159929605
1160163724
1160403287
1160634274
1160801446
1161005604
1161206780
1161475030
1161640713
1161808676
1161977347
1162177797
1162349130
1162548147
1162753898
1162983442
1163185120
1163429746
1163627591
1163860074
1164066399
1164332467
1164531575
1164733355
1164968673
1165168791
1165337399
1165542673
1165743880
1165943932
1166115086
1166313107
1166548428
1166719674
1166919107
1167089220
1167293575
1167475313
1167638505
1167839500
1168077747
1168277660
1168447928
1168646478
1168847785
1169050225
1169283945
1169523576
1169761283
1169963546
1170133388
1170263893
1170531513
1170735565
1171001710
1171175612
1171372763
1171608164
1171777890
1172045387
1172313324
1172518678
1172683174
1172855192
1173021428
1173221162
1173424062
1173691461
1173892419
1174030123
1174228927
1174466950
1174632394
1174850071
1175084934
1175321220
1175493240
1175691037
1175923293
1176093208
1176296657
1176500446
1176665352
1176835854
1177038121
1177205216
1177476498
1177710688
1177878218
1178043919
1178278902
1178555065
1178756389
1178990366
1179194314
1179432675
1179607486
1179834967
1180005348
1180173891
1180407047
1180673833
1180948397
1181145428
1181346497
1181583563
1181786119
1182057248
1182300178
1182496370
1182728833
1182967614
1183197009
1183401026
1183536904
1183735448
1183974849
1184138293
1184372717
1184578438
1184810484
1185048923
1185255706
1185455619
1185690715
1185858654
1186034524
1186236603
1186443514
1186647482
1186810901
1186979678
1187213336
1187381298
1187550603
1187817999
1188059052
1188263657
1188433555
1188639300
1188907081
1189108809
1189310042
1189510498
1189744523
1190014070
1190218638
1190417655
1190585443
1190788220
1190955309
1191156162
1191365612
1191633960
1191870806
1192039496
1192172887
1192377773
1192542770
1192747781
1192979916
1193215989
1193449797
1193685318
1193886516
1194157384
1194363341
1194527399
1194737585
1195006341
1195208664
1195340741
1195548175
1195787528
1195951507
1196152137
1196354530
1196524127
1196724333
1196894545
1197163996
1197433937
1197636217
1197816166
1198046023
1198289309
1198458182
1198658451
1198831893
1198994709
1199230538
1199465691
1199701431
1199868634
1200071910
1200276038
1200477236
1200609483
1200856771
1201047917
1201282803
1201484696
1201685703
1201920696
1202124057
1202291964
1202496576
1202727578
1202896569
1203135190
1203339277
1203544790
1203740084
1203906446
1204109231
1204346303
1204645397
1204849157
1205014912
1205227423
1205454153
1205689001
1205859051
1206023451
1206193057
1206391812
1206568303
1206800033
1207032830
1207204941
1207370201
1207583758
1207774672
1207975769
1208210027
1208478689
1208684921
1208849366
1209048766
1209262935
1209485236
1209694226
1209890255
1210123859
1210267115
1210491799
1210729088
1210939117
1211168178
1211403099
1211671954
1211884246
1212153070
1212353833
1212520279
1212740712
1212973563
1213167493
1213338045
1213571333
1213807509
1214010915
1214212195
1214380971
1214582447
1214850345
1215092570
1215325169
1215555016
1215764003
1215957019
1216192302
1216397353
1216630763
1216864552
1217005498
1217201361
1217371103
1217570403
1217777681
1218015082
1218208509
1218454185
1218647645
1218851556
1219088339
1219326557
1219525545
1219727416
1219927113
1220095417
1220297843
1220531772
1220732833
1220900668
1221069218
1221236813
1221439550
1221606416
1221818390
1222053403
1222249120
1222416730
1222584930
1222784225
1222960942
1223166351
1223401206
1223563470
1223739177
1223967472
1224202392
1224410003
1224640061
1224873899
1225115014
1225353128
1225584624
1225786920
1225987553
1226194739
1226360762
1226562277
1226774016
1227032362
1227299301
1227560455
1227796260
1228057878
1228232403
1228467113
1228661320
1228863348
1229142835
1229365667
1229600426
1229814715
1230036454
1230245660
1230442613
1230714574
1230949370
1231157825
1231421171
1231653760
1231931632
1232092857
1232293735
1232565195
1232739275
1232946386
1233142203
1233374846
1233622222
1233890648
1234159210
1234395895
1234636467
1234875650
1235070569
1235271087
1235481041
1235683428
1235892111
1236119330
1236329967
1236526621
1236727197
1236932229
1237165437
1237365715
1237535191
1237736787
1237910974
1238172258
1238406096
1238643453
1238844244
1239078977
1239314598
1239518153
1239718314
1239923728
1240152271
1240324804
1240527868
1240760345
1240995769
1241199718
1241435819
1241645286
1241918775
1242152405
1242394965
1242630254
1242822873
1243067340
1243300597
1243495260
1243735046
1243867029
1244134722
1244335612
1244573539
1244747554
1244946649
1245187792
1245488608
1245661881
1245858081
1246024648
1246193005
1246394310
1246630056
1246899589
1247134347
1247372570
1247606177
1247780070
1248017405
1248280577
1248552888
1248822424
1249036581
1249224932
1249465982
1250689624
1250991655
1251228065
1251430032
1251637219
1251798912
1251939599
1252377923
1252571043
1253384443
1253512983
1253751222
1253955471
1254120816
1254288379
1254456074
1254695276
1254933272
1255102749
1255335448
1255570436
1255804802
1255949412
1256143783
1256344158
1256511716
1256681126
1256881471
1257017482
1257150807
1257352457
1257553789
1257765483
1257928099
1258112971
1258308731
1258481337
1258645097
1258790137
1258948860
1259084923
1259315732
1259486279
1259619813
1259793222
1259920706
1260128965
1260290756
1260424379
1260624294
1260828943
1260961903
1261172356
1261371446
1261512048
1261742124
1261918287
1262079788
1262256717
1262460909
1262626420
1262796211
1262931510
1263099349
1263234905
1263439393
1263636736
1263805280
1263975476
1264182507
1264412148
1264653821
1264921831
1265198564
1265401924
1265706681
1265972196
1266240503
1266481760
1266681420
1266895954
1267093884
1267268572
1267504418
1267715989
1267920985
1268116733
1268356360
1268568295
1268804245
1269004624
1269206805
1269409706
1269577627
1269811637
1270081617
1270350849
1270623241
1270854487
1271056022
1271267957
1271538131
1271809683
1272059897
1272295128
1272527598
1272697943
1272933315
1273167924
1273306104
1273543327
1273820019
1274089688
1274367428
1274597311
1274800930
1274970419
1275167800
1275341717
1275571735
1275806484
1276046415
1276277299
1276544718
1276814124
1276984685
1277191068
1277403655
1277562360
1277762346
1277963341
1278165344
1278367553
1278570092
1278838153
1279006999
1279205854
1279413838
1279548197
1279830035
1280030266
1280230650
1280498441
1280701795
1280935806
1281203889
1281444951
1281640877
1281875648
1282047880
1282248264
1282416820
1282649900
1282816801
1283053829
1283255300
1283489359
1283693159
1283926377
1284098921
1284262303
1284433867
1284632403
1284832487
1285034402
1285202602
1285441842
1285705272
1285946945
1286116088
1286349468
1286550859
1286786301
1286987625
1287257608
1287459682
1287627230
1287833553
1288029319
1288175149
1288367633
1288569973
1288844561
1289073707
1289239443
1289406786
1289610022
1289858650
1290051359
1290355275
1290554169
1290822914
1291093300
1291327068
1291498373
1291767081
1292003299
1292170497
1292336971
1292548911
1292715595
1292946376
1293187686
1293431266
1293602709
1293805348
1294006009
1294207951
1294410496
1294649091
1294819526
1295019183
1295222717
1295423939
1295692652
1295897414
1296095653
1296341490
1296544157
1296742748
1296980090
1297115269
1297314376
1297587485
1297823902
1298024692
1298258897
1298491321
1298660369
1298897681
1299129606
1299329647
1299539034
1299705331
1299841289
1300074609
1300250060
1300452886
1300660852
1300887562
1301056115
1301223516
1301426278
1301592947
1301794985
1301997496
1302228740
1302431826
1302602994
1302765938
1302969457
1303136797
1303270079
1303406809
1303572227
1303773671
1303946515
1304180388
1304353456
1304552380
1304690408
1304856975
1304992642
1305190719
1305360829
1305561134
1305725089
1305941654
1306112152
1306313899
1306511208
1306722005
1306947322
1307150343
1307284659
1307487685
1307726566
1307890069
1308091258
1308258424
1308460855
1308698066
1308897934
1309069630
1309303199
1309502136
1309706131
1309905571
1310108040
1310310234
1310483688
1310696136
1310895607
1311100175
1311297526
1311497410
1311631933
1311833599
1312013573
1312214415
1312384741
1312550209
1312719786
1312923226
1313127937
1313323291
1313524818
1313694988
1313861480
1313995076
1314140105
1314330658
1314532784
1314733979
1314936419
1315142976
1315339946
1315508786
1315708987
1315876383
1316076985
1316277802
1316498827
1316660009
1316835329
1317066313
1317204614
1317404545
1317673381
1317876400
1318076100
1318289715
1318480497
1318682445
1318888032
1319090291
1319297743
1319460110
1319633386
1319796796
1319979984
1320170393
1320404869
1320651573
1320843292
1321076425
1321278673
1321486678
1321715932
1321918868
1322119713
1322328702
1322564816
1322758961
1322961377
1323161786
1323298383
1323500474
1323635756
1323870286
1324071503
1324247641
1324473876
1324707831
1324922417
1325150893
1325319453
1325487576
1325695290
1325928634
1326123286
1326368157
1326564290
1326762885
1326898071
1327098175
1327299872
1327536023
1327669716
1327838131
1328005070
1328173699
1328339975
1328542098
1328715529
1328880552
1329079699
1329248194
1329414569
1329586384
1329723177
1329921051
1330062562
1330257925
1330492142
1330659454
1330859740
1331068764
1331229887
1331465846
1331641728
1331902400
1332073449
1332271005
1332469661
1332643955
1332839877
1333041394
1333210308
1333380129
1333617976
1333786716
1333993044
1334153320
1334357577
1334522595
1334724070
1334926193
1335126569
1335336520
1335498038
1335670022
1335832539
1335966472
1336107415
1336202062
1336369271
1336503535
1336641318
1336811923
1337076841
1337349777
1337512511
1337685768
1337916528
1338085095
1338284710
1338457890
1338661966
1338863131
1338999174
1339199076
1339401749
1339604851
1339771881
1339907287
1340110683
1340343106
1340544312
1340745524
1340914031
1341116131
1341284424
1341519650
1341753723
1341959809
1342166426
1342327785
1342500601
1342696199
1342897108
1343100535
1343304732
1343470294
1343603258
1343804369
1344040668
1344207764
1344376959
1344543973
1344713965
1344878598
1345049080
1345248232
1345482860
1345652468
1345856103
1346054902
1346222472
1346390328
1346591598
1346793216
1346993742
1347228907
1347398797
1347598458
1347771025
1347968507
1348141222
1348341901
1348551961
1348749419
1348948416
1349151578
1349387131
1349619271
1349856081
1349990455
1350231867
1350468112
1350627979
1350798812
1350998567
1351133946
1351298351
1351499287
1351700489
1351869250
1352103454
1352371992
1352548415
1352718097
1352851400
1352988499
1353190029
1353358768
1353598920
1353764052
1353934856
1354135709
1354375763
1354543153
1354710461
1354848830
1355045312
1355289047
1355486046
1355686841
1355891203
1357657312
1357927374
1358164171
1358336501
1358687947
1358902399
1359128491
1359331787
1359463507
1359636236
1359806345
1359943195
1360381983
1360510524
1360678660
1361387429
1361582828
1361757775
1361919795
1362065039
1362225997
1362358563
1362536580
1362740403
1362933588
1363001316
1363073665
1363135359
1363235594
1363443173
1363676012
1363876418
1364044787
1364213012
1364419378
1364614385
1364782891
1364919170
1365053439
1365219059
1365320542
1365463656
1365686994
1365824270
1365990983
1366226285
1366437130
1366665816
1366867049
1367002988
1367170002
1367373674
1367506358
1367707123
1367877889
1368079833
1368348443
1368587169
1368756022
1368923888
1369091493
1369270485
1369404522
1369572068
1369709518
1369885088
1370054817
1370220994
1370356622
1370559443
1370760410
1370961658
1371166090
1371373329
1371539797
1371676336
1371911217
1372145745
1372314340
1372582658
1372782783
1373016392
1373192009
1373387932
1373554964
1373762213
1373959375
1374130268
1374294579
1374499647
1374696619
1374871040
1375101779
1375339351
1375542490
1375706555
1375906744
1376080585
1376281639
1376457842
1376693225
1376900753
1377031200
1377163241
1377330055
1377499594
1377733735
1377972812
1378174775
1378373000
1378582164
1378814695
1379018045
1379183997
1379419156
1379589998
1379754536
1379925907
1380055835
1380263954
1380429915
1380634275
1380803627
1381072073
1381243276
1381410177
1381613133
1381776886
1381978928
1382149746
1382349968
1382552939
1382755380
1382987581
1383126763
1383392242
1383562668
1383730401
1383974373
1384173725
1384339467
1384509301
1384710033
1384916887
1385149198
1385323088
1385554460
1385755966
1385958165
1386092990
1386294786
1386528307
1386762908
1386999986
1387198209
1387402482
1387606658
1387772950
1388010181
1388207174
1388411354
1388615107
1388848366
1389021273
1389215760
1389386121
1389552881
1389752927
1389887011
1390125386
1390366394
1390529168
1390705924
1390867285
1391068846
1391276009
1391440832
1391577120
1391812142
1392053928
1392217627
1392394423
1392623193
1392789450
1392993124
1393231617
1393432071
1393567447
1393739244
1393901332
1394075529
1394271944
1394438200
1394677680
1394877733
1395044092
1395278780
1395479778
1395683695
1395847117
1396018865
1396217603
1396423250
1396623995
1396827327
1397062720
1397229593
1397437072
1397569281
1397771104
1397903668
1398073820
1398271067
1398505525
1398708308
1398909920
1399079681
1399281055
1399454050
1399617130
1399785867
1399986812
1400184805
1400388530
1400586920
1400796439
1401024508
1401226600
1401400209
1401560396
1401801865
1402031868
1402201671
1402336545
1402535359
1402705443
1402871783
1403073792
1403275369
1403442730
1403642376
1403816215
1403979785
1404150731
1404380726
1404584857
1404753559
1404986313
1405125727
1405358892
1405594078
1405795399
1406027582
1406262947
1406464671
1406665634
1406902692
1407069362
1407236260
1407439044
1407639216
1407807530
1407973634
1408145192
1408380892
1408612511
1408781044
1408950690
1409150304
1409351149
1409523271
1409688594
1409798722
1410029033
1410198034
1410430390
1410597988
1410733664
1410935407
1411101345
1411302569
1411505702
1411739463
1411907548
1412146180
1412342883
1412514553
1412677905
1412849387
1413050866
1413287571
1413524471
1413686292
1413859251
1414057798
1414230306
1414430240
1414628040
1414865269
1415068689
1415266682
1415469223
1415670369
1415915546
1416075110
1416213131
1416377651
1416647751
1416815201
1416981964
1417185648
1417353348
1417521557
1417687008
1417890021
1418089580
1418264429
1418458596
1418628809
1418795033
1418995395
1419200600
1419399753
1419607338
1419771292
1419909381
1420143038
1420379974
1420582988
1420813434
1421055469
1421252788
1421419563
1421626601
1421822667
1421995527
1422160904
1422401255
1422600069
1422840159
1423038937
1423243331
1423440773
1423649277
1423878377
1424085498
1424281211
1424450391
1424658445
1424785346
1425093959
1425330497
1425460021
1425626388
1425794235
1426029966
1426264716
1426439102
1426634046
1426867553
1427113715
1427308401
1427475678
1427684406
1427876640
1428078549
1428356203
1428581865
1428752437
1428918196
1429128025
1429364051
1429560916
1429808249
1430070465
1430271699
1430479204
1430713968
1430873456
1431076021
1431276811
1431487418
1431686888
1431918629
1432121628
1432322802
1432523662
1432693720
1432893939
1433067974
1433296136
1433464199
1433741661
1433966996
1434102984
1434272422
1434516768
1434778832
1435046812
1435281122
1435450538
1435648717
1435885099
1436151219
1436319561
1436554552
1436791264
1436991254
1437198804
1437434151
1437664866
1437872316
1438134256
1438402527
1438635258
1438838919
1439117572
1439378287
1439551900
1439785377
1440016708
1440285610
1440486272
1440755918
1440991632
1441231927
1441432731
1441667741
1441935771
1442207143
1442480162
1442709072
1442877046
1443160795
1443354423
1443523228
1443723349
1443891302
1444127861
1444395225
1444604407
1444841470
1445075161
1445308839
1445545903
1445780362
1445953503
1446188473
1446383509
1446587035
1446833417
1447033873
1447238763
1447508807
1447743928
1447990840
1448252871
1448418730
1448628718
1448866032
1449132654
1449342825
1449504022
1449703272
1449838281
1450012506
1450209432
1450408451
1450612008
1450880587
1451114965
1451356006
1451552216
1451692501
1451889240
1452028677
1452263742
1452425070
1452604362
1452795096
1452963343
1453166373
1453465640
1453636066
1453838497
1454006001
1454240897
1454407799
1454643496
1454878645
1455145360
1455347025
1455583559
1455851142
1456086095
1456255882
1456488763
1456730129
1456925915
1457125832
1457303488
1457565908
1457801103
1458037373
1458238361
1458438161
1458673812
1458910482
1459089206
1459348866
1459583081
1459782793
1459952325
1460186897
1460331175
1460523771
1460725677
1460893514
1461066026
1461235803
1461446893
1461642365
1461782449
1462017073
1462247501
1462515001
1462688070
1462885610
1463053120
1463289087
1463461646
1463701448
1465213385
1465453500
1465715136
1465963948
1466167156
1466370531
1466912172
1467105303
1467922644
1468088486
1468265443
1468489529
1468650090
1468818496
1468993606
1469231477
1469464713
1469632837
1469833220
1470033236
1470235654
1470437459
1470613375
1470772451
1470949203
1471142315
1471311974
1471445884
1471619448
1471780227
1471956577
1472148935
1472350738
1472517300
1472757813
1472968094
1473194985
1473428237
1473564891
1473730207
1473973527
1474205807
1474375344
1474541226
1474680578
1474876768
1475084665
1475287126
1475419707
1475588592
1475723935
1475958005
1476193449
1476361794
1476529957
1476736004
1476972474
1477206166
1477375892
1477542155
1477744628
1477880817
1478050678
1478221017
1478463746
1478665853
1478937817
1479134919
1479404308
1479640769
1479846813
1480080215
1480320374
1480519822
1480755895
1480936440
1481172537
1481418273
1481575576
1481776921
1481945434
1482112877
1482351442
1482585829
1482786285
1483024840
1483258634
1483432749
1483661793
1483864796
1484108474
1484332604
1484536230
1484736305
1484938493
1485139310
1485272798
1485508807
1485711788
1485945760
1486118022
1486315476
1486583093
1486791345
1487019052
1487194077
1487429544
1487665264
1487864540
1488034344
1488270368
1488539512
1488778207
1489013038
1489215628
1489417948
1489651701
1489857247
1490056295
1490260673
1490497563
1490662767
1490927181
1491204106
1491411890
1491649592
1491885412
1492087657
1492289854
1492588095
1492758071
1492958958
1493199101
1493463699
1493662411
1493899385
1494171752
1494439700
1494605979
1494810180
1495047861
1495248213
1495451194
1495654647
1495857079
1496121116
1496356387
1496626165
1496795842
1497029727
1497236132
1497431036
1497632342
1497842861
1498015619
1498183536
1498355551
1498559198
1498758233
1498995743
1499196368
1499429998
1499663820
1499832441
1500002251
1500207009
1500471813
1500675523
1500877534
1501075153
1501344100
1501580461
1501816323
1501980917
1502219241
1502521256
1502728413
1502932839
1503201120
1503470109
1503737473
1503978783
1504175604
1504375164
1504622270
1504855796
1505091730
1505295847
1505500039
1505764872
1505933919
1506167106
1506368425
1506605425
1506875995
1507042155
1507245255
1507443437
1507650206
1507848588
1508023769
1508220924
1508421130
1508588835
1508824330
1508996001
1509194167
1509396005
1509596743
1509798654
1510011993
1510213729
1510449444
1510653691
1510891591
1511159501
1511362799
1511609327
1511810073
1511977983
1512216245
1512427473
1512617538
1512886769
1513056971
1513257730
1513457385
1513667876
1513869225
1514038890
1514272882
1514450761
1514713446
1515021451
1515259941
1515431218
1515662403
1515863007
1516165993
1516404357
1516603439
1516814777
1517007016
1517209678
1517380326
1517582190
1517784464
1517981220
1518216819
1518385894
1518552530
1518755788
1518954635
1519189379
1519461248
1519728771
1519930242
1520168687
1520401194
1520666096
1520841570
1521001845
1521270894
1521485258
1521721786
1521862364
1522093374
1522332021
1522503128
1522734326
1523003995
1523173282
1523337264
1523475299
1523672841
1523884231
1524048434
1524220413
1524414835
1524664487
1524902956
1525134596
1525336206
1525576759
1525746002
1525921155
1526050116
1526218242
1526450729
1526689418
1526926808
1527191962
1527461292
1527628211
1527797117
1528038625
1528301899
1528507495
1528780683
1528983503
1529301026
1529563724
1529793860
1529967586
1530232638
1530430975
1530602708
1530868145
1531081089
1531272205
1531508200
1531709960
1531984537
1532247841
1532447999
1532656162
1532886664
1533188497
1533390465
1533672152
1533935834
1534137102
1534347523
1534539844
1534792188
1534986827
1535188771
1535395422
1535631556
1535808008
1536046697
1536236965
1536478904
1536675068
1536944161
1537153743
1537314600
1537548784
1537752380
1538021477
1538162989
1538322783
1538427194
1538625275
1538794927
1539028578
1539262893
1539506308
1539667606
1539900599
1540137592
1540372256
1540606801
1540809485
1540975631
1541148287
1541350747
1541584867
1541829698
1542003242
1542211186
1542475858
1542675385
1542942425
1543145130
1543345854
1543512456
1543714194
1543915821
1544150091
1544317302
1544558380
1544793402
1544989961
1545159293
1545325914
1545564868
1545728674
1545911942
1546151961
1546342887
1546544039
1546746212
1546946862
1547184961
1547384604
1547623337
1547830989
1548060116
1548228913
1548431800
1548667478
1548857521
1549085800
1549294179
1549532354
1549689090
1549970830
1550201310
1550396626
1550565609
1550732160
1550899360
1551105129
1551274487
1551473940
1551675351
1551884436
1552110955
1552321405
1552583911
1552818574
1553020531
1553227512
1553456251
1553727105
1553962939
1554165778
1554399966
1554579878
1554736381
1554974167
1555249825
1555508625
1555709815
1555947149
1556181183
1556383036
1556650661
1556851655
1557087074
1557262877
1557489258
1557698065
1557892524
1558060172
1558228262
1558428375
1558666522
1558867830
1559044856
1559235278
1559471526
1559711899
1559875312
1560142833
1560357299
1560558532
1560826485
1560995987
1561196718
1561408003
1561605057
1561806637
1561984307
1562209234
1562415028
1562650385
1562881630
1563089445
1563284571
1563423257
1563657983
1563886875
1564095586
1564290990
1564557423
1564793548
1564962132
1565128683
1565264550
1565497760
1565732950
1565901957
1566109074
1566304897
1566470368
1566684200
1566875388
1567041651
1567278149
1567513220
1567690847
1567918722
1568125559
1568322116
1568461266
1568661540
1568802920
1568997531
1569232580
1569401386
1569637423
1569836583
1570051944
1570246804
1570487862
1572480187
1572722184
1572900357
1573376017
1573576152
1573780767
1573944840
1574181327
1574397343
1574639374
1575083152
1575209529
1576092560
1576217180
1576426478
1576590821
1576841863
1577050398
1577221793
1577434840
1577635314
1577814091
1577969050
1578144110
1578374599
1578540052
1578674591
1578909043
1579085120
1579314025
1579532287
1579688568
1579865399
1580066420
1580231934
1580435303
1580636820
1580770111
1580940262
1581140743
1581343159
1581518162
1581786492
1581988733
1582157474
1582363203
1582545789
1582697560
1582932548
1583100757
1583309333
1583504855
1583638323
1583805775
1584075032
1584243974
1584379411
1584580668
1584746599
1584987441
1585153241
1585326269
1585494722
1585627184
1585797984
1585930760
1586131334
1586372119
1586515698
1586647835
1586817771
1586950418
1587162373
1587427630
1587630394
1587830675
1588068799
1588275444
1588473050
1588707946
1588912503
1589145254
1589346267
1589550882
1589750936
1589919873
1590192677
1590430938
1590696171
1590972193
1591136068
1591368228
1591642099
1591804662
1592040824
1592279210
1592445031
1592616711
1592847546
1593117248
1593384051
1593663062
1593889873
1594089401
1594330083
1594563473
1594797095
1594965959
1595132284
1595405343
1595676885
1595942231
1596176098
1596348711
1596614028
1596815132
1597060481
1597229817
1597432984
1597706020
1597903252
1598070117
1598308966
