0
15804
32257
49106
65976
82961
100573
121106
134682
150172
166822
183554
201154
217447
234640
251192
268758
287827
302850
319250
336120
352948
370043
388079
403377
420778
437160
457274
471972
487805
504869
522060
538816
555850
572760
590449
606434
627504
642936
657639
673986
691117
707617
725019
744303
758917
775942
797778
811464
826096
843040
860482
878752
896247
911555
928639
944860
964811
979605
996620
1013068
1216853
1368560
1473074
1622119
1757519
1909084
2028023
2150139
2300968
2453805
2639319
2790821
2945651
3082641
3291497
3546187
3699851
3836813
3971996
4090425
4249995
4386387
4571864
4709733
4858439
5012725
5219444
5334165
5504013
5625384
5795016
5931138
6032497
6204785
6306156
6411726
6544154
6646136
6729787
6866201
7035401
7154343
7344116
7482414
7620313
7736898
7871591
8006880
8226942
8413522
8567058
8751799
8870653
9062164
9248791
9366554
9474298
9606923
9775792
9944864
10131733
10266114
10469821
10622661
10757870
10875183
10997929
11113334
11282429
11420957
11523505
11656727
11808585
11951433
12037470
12161100
12330431
12518892
12688315
12823477
12958598
13146179
13331698
13537665
13673369
13758447
13898346
14018577
14171267
14273314
14391904
14543994
14714208
14865871
15024872
15128068
15288668
15419928
15556018
15692302
15777144
15957979
16132866
16301006
16420741
16574370
16693371
16814036
17051934
17173757
17305859
17512027
17764573
17953200
18089325
18226633
18367604
18550258
18752286
18990893
19115871
19270330
19392604
19562407
19733323
19849041
20034519
20136817
20290071
20478159
20649689
20765723
20968682
21089464
21262570
21359180
21529021
21732811
21903564
22005104
22110847
22198204
22301344
22456872
22571794
22762180
22948333
23100939
23268767
23475056
