0
27511
69175
93780
127299
162802
196113
228912
262624
294844
327964
362403
398799
428041
462902
494913
528953
563888
596709
630675
665622
700465
739033
766266
797544
830658
865950
898958
934752
969486
1000399
1375463
1640237
1872707
2106477
2347372
2578031
2813745
2981751
3251529
3484470
3760778
4029312
4261054
4494679
4801778
5003339
5237429
5452929
5713786
5880811
6085715
6350862
6585510
6755747
6919566
7155052
7395201
7639857
7875187
8114517
8348672
8583079
8786005
8950482
9219580
9493402
9691608
9958617
10168235
10329362
10510689
10734569
10971005
11178667
11342182
11610483
11782639
12014598
12187975
12418347
12688921
12886568
13128569
13393286
13661259
13872951
14136031
14402842
14568247
14807937
14974030
15215302
15410593
15649850
15919513
16153638
16388775
16657735
16923042
17168144
17432608
17668143
17907761
18106477
18373887
18652928
18859085
19056181
19263156
19498191
19733766
19949035
20145689
20449829
20714812
20956183
21189841
21427581
21664126
21871581
22140057
22377332
22579928
22812377
22985187
23254173
23488925
23725238
23995580
24228985
24460901
24697224
24970661
25242676
25479573
25713721
25915298
26117685
26358038
26554410
26757871
26922942
27123381
27295910
27528815
27772130
27977534
28276334
28511932
28745132
29018205
29215382
29390958
29520396
29727302
30026755
30295202
30530857
30803503
31039653
31274628
31443596
31679151
31924176
32123018
32292457
32494129
32663214
32896530
33068806
33205480
33372928
33572927
33808586
33977564
34246223
34516325
34788244
35024989
35260100
35465794
35730071
35965609
36236556
36414844
36645437
36847648
37120020
37319367
37490057
37686469
37888913
38197942
38438990
38678535
38913992
39084306
39285208
39456926
39722290
39997174
40210284
40436281
40672000
40944195
41181188
41415771
41659811
41930013
42167870
42368671
42572799
42812511
43020805
43294172
43533736
43800380
44003577
44280648
44443235
44612179
44776197
45012076
45214464
45413319
45681972
45922103
46122605
46391084
46598281
46843007
47107895
47319053
47545765
47813029
48015217
48286313
48520877
48663726
48890582
49094035
49364292
49569025
49801534
50009308
50242683
50442747
50715829
50884286
51119348
51364605
51559463
51791349
51998158
52232389
52468122
52768332
52973523
53205545
53404499
53542392
53776514
53980462
54256297
54490368
54791411
54995208
55197468
55410050
55669749
55836402
56105909
56308172
56557552
56764377
57029845
57228677
57496826
57733862
57931920
58169195
58406166
58644220
58813243
58978779
59163330
59436436
59738959
59972942
60207954
60377613
60545409
60781401
60946653
61118871
61352655
61555331
61759982
61992936
62194842
62430890
62674837
62909165
63185787
63379038
63549901
63818507
64020824
64297404
64531598
64759346
65061694
65265955
65466845
65669795
65938717
66214365
66408247
66649403
66910646
67078683
67249419
67482570
67687980
67898773
68126005
68394028
68671059
68904411
69168114
69347421
69584833
69705841
69913509
70108887
70354789
70551505
70717244
70988141
71223086
71490255
71725589
71964461
72234253
72469743
72737035
72946399
73177521
73342276
73547445
73748321
73984652
74221215
74467808
74702342
74907099
75078217
75274721
75513202
75752488
75952044
76152118
76387765
76660690
76892638
77025492
77193023
77397771
77632245
77800154
78013097
78209684
78379239
78613896
78814712
79023584
79219908
79363970
79588562
79793257
79992730
80226494
80461702
80665028
80898296
81099643
81301308
81439336
81673273
81843869
82050415
82278563
82476172
82718285
84496788
84742069
84968582
85177331
85489519
85694248
85893716
86030169
86263970
87177497
87371043
87848937
88049529
88211958
88453061
88686825
88893636
89091225
89293315
89395040
89564326
89763237
89964868
90168875
90400927
90637479
90837945
91076833
91312115
91553756
91783078
92016252
92223813
92451728
92652347
92825053
92989372
93191140
93358378
93527008
93729782
93863424
94063972
94267604
94401129
94538778
94750517
94928634
95054084
95223360
95424439
95631106
95829008
96031394
96233106
96434087
96636888
96836371
97075500
97315408
97519181
97654708
97822081
98066940
98226208
98397730
98594985
98731751
98934141
99074289
99234864
99467798
99671756
99871193
100080952
100313194
100474264
100652936
100882544
101088280
101287625
101452669
101688027
101859105
102062777
102264958
102399621
102602463
102836727
103007932
103207246
103407756
103543243
103746416
103980977
104180646
104351926
104451270
104621460
104820652
105028546
105225562
105425301
105661499
105863427
106068035
106300566
106503366
106710896
106838724
107071302
107240140
107441709
107644815
107857904
108069207
108262047
108530327
108773341
108973935
109147959
109348907
109617100
109756186
109957961
110159743
110328588
110532899
110703480
110902109
111106912
111303766
111506702
111676143
111877497
112117285
112280196
112516284
112616573
112884368
113054231
113287627
113488405
113695685
113898806
114143559
114338848
114571453
114816484
115010789
115184209
115351146
115585431
115853331
116056939
116292794
116534877
116744775
116928896
117134026
117403051
117637538
117906452
118108432
118343588
118550384
118746668
119016738
119185463
119459123
119692435
119961148
120202693
120399419
120666760
120802490
120934439
121070458
121305933
121541703
121709974
121915464
122147679
122286838
122488105
122722066
122929093
123162604
123334367
123610812
123876806
124174375
124443994
124679343
124883975
125121807
125390632
125659028
125895898
126129386
126364428
126573193
126771874
126978741
127212052
127410639
127681123
127916278
128149739
128420285
128663166
128826516
129040962
129309333
129544517
129780610
129979883
130215965
130451093
130693693
130922771
131162262
131397653
131636205
131901969
132102127
132309671
132507973
132677351
132946267
133147193
133351028
133585068
133853866
134090717
134326613
134629130
134863716
135068286
135297917
135499163
135741676
135903285
136103417
136307483
136540919
136751189
137011088
137214725
137393318
137696677
137966558
138201318
138370884
138638889
138886218
139131055
139365225
139599843
139833371
140069636
140304628
140451543
140651096
140826183
141026157
141260712
141502175
141732964
141936381
142137564
142340917
142516614
142777646
143011326
143282328
143550544
143753687
143988471
144222800
144367699
144601245
144836367
145074479
145239784
145445935
145646068
145815140
146102792
146336768
146574961
146813297
147050732
147218739
147417880
147652903
147900698
148098405
148366047
148568330
148803675
149006689
149241637
149475194
149715256
149851615
150053384
150255610
150529297
150797231
151005351
151275323
151474988
151652313
151845374
152080835
152321805
152552038
152752746
152999519
153191303
153393880
153666811
153898532
154032297
154200649
154467377
154735607
155009618
155276532
155492221
155768759
156005628
156240782
156441113
156644010
156879252
157015309
157249035
157484240
157721810
157986288
158220096
158456212
158696544
158933885
159209596
159445024
159646768
159882134
160184307
160427060
160656529
160923740
161192801
161399131
161631265
161897723
162069414
162271446
162450604
162712395
162976821
163247968
163480691
163651587
163919913
164129584
164289036
164488632
164692214
164891759
165064507
165233622
165401853
165568735
165738076
165939432
166156541
166421383
166688165
166888778
167163848
167391823
167667620
167901884
168144789
168377464
168579777
168782542
169052435
169294411
169533785
169790851
170043637
170219799
170380286
170649540
170850725
171085222
171293139
171461829
171730713
172002356
172242331
172506021
172675432
172941240
173212171
173480089
173749085
173983026
174186085
174354275
174654263
174889172
175058794
175267709
175429790
175632064
175864401
176098897
176374605
176502174
176769164
177043923
177241036
177441118
177617318
177877093
178117878
178289126
178420982
178590429
178788235
178991794
179191517
179399324
179597121
179795616
179998479
180165321
180310988
180543145
180749258
180911610
181086065
181282627
181515498
181716911
181919586
182153843
182360915
182595055
182769054
183013372
183174680
183382092
183582337
183788966
183953900
184186003
184420215
184657411
184890299
185059340
185295103
185467443
185630856
185829983
185999214
186233249
186472426
186669786
186870537
187074720
187208834
187345185
187545140
187747236
187884391
188018863
188217254
188391794
188586833
188788954
188990811
189090086
189294312
189502805
189696074
189835593
190031429
190233444
190367978
190602540
190778645
191018242
191217872
191425122
191653147
191821794
192025130
192226374
192436588
192595826
192797509
192964090
193104247
193335170
193543384
193741708
193872512
194039691
194241909
194448780
194646436
194887736
196036827
196306124
196507596
196679782
196887372
197729072
197957607
198403677
198627821
198867572
199076717
199339599
199574210
199674952
199908372
200111030
200345962
200583463
200785389
200953699
201155005
201356978
201557276
201728383
201927821
202102785
202298451
202533593
202701621
202902943
203140234
203337917
203540319
203741180
203913921
204082443
204284374
204525589
204671968
204816383
205041093
205244300
205410322
205580176
205714230
205914834
206155870
206384540
206621048
206723445
206922575
207128663
207329827
207507368
207699653
207917404
208120192
208300416
208422038
208629036
208865574
209061562
209294718
209539350
209765054
209965786
210167690
210374682
210579093
210815398
211050567
211292063
211424802
211665337
211862962
212034367
212245020
212409206
212610531
212779514
212933430
213062632
213234514
213434269
213634655
213802780
214005987
214209247
214444961
214712146
214953700
215152369
215385716
215556592
215787198
215988800
216227419
216438097
216642991
216774784
216943024
217109258
217344934
217546569
217749493
217992305
218219165
218422426
218623240
218822378
218994407
219261021
219527166
219668879
219870243
220105633
220346480
220576189
220775719
220945796
221145103
221381334
221616976
221849620
222024412
222255888
222454848
222625555
222795336
222998362
223197760
223398975
223602409
223768682
224005471
224139351
224345501
224514669
224751063
224952015
225156032
225395991
225558597
225763478
225970319
226171955
226411846
226612157
226777898
226977458
227219369
227428999
227625286
227765024
227896241
228165732
228370148
228541168
228784123
228978823
229180973
229347659
229548301
229752703
229952833
230125082
230320703
230556312
230690417
230859734
231100490
231334185
231566938
231772841
231972944
232109056
232278618
232481392
232678513
232881776
233118869
233317991
233519096
233766824
234001266
234205984
234375928
234514438
234744544
234980210
235186640
235383539
235585297
235787166
235954466
236123458
236346909
236520138
236788192
236993527
237158946
237324903
237526266
237694499
237900683
238130700
238301125
238504748
238668233
238872829
239071352
239243249
239406879
239642781
239846587
240022651
240192341
240429718
240602324
240833077
241002211
241206095
241407120
241615542
241878493
242079334
242250896
242453196
242687092
242823760
243025678
243226884
243429538
243662912
243834603
244035325
244166758
244404206
244605196
244840454
245041577
245244899
245448822
245650218
245882097
246049664
246250669
246452829
246656449
246854229
247057080
247293930
247565380
247831726
248032724
248240787
248439530
248677668
248876406
249111052
249313784
249520202
249721379
249890846
250090223
250326099
250560363
250764331
250973560
251203967
251444460
251647579
251849190
252057226
252288712
252521600
252661237
252860509
253029557
253229259
253465020
253667898
253900685
254073971
254339460
254616272
254782397
254892258
255100992
255331774
255497719
255733948
255903232
256070837
256337146
256508320
256712313
256881129
257119236
257319035
257522157
257723560
257923589
258093303
258259497
258562373
258803254
259001754
259268809
259553645
259790937
259959304
260163318
260361822
260601944
260844518
261037420
261308225
261540359
261810746
261978286
262116469
262349828
262619361
262824571
263057107
263325336
263533143
263730771
263963126
264201998
264473245
264704382
264903448
265106659
265308901
265555614
265749710
265949052
266187486
266352905
266589035
266790518
266958673
267196429
267400090
267574087
267835950
268070691
268273065
268474053
268709805
268914947
269151092
269353384
269621075
269861387
270061889
270230452
270365010
270604106
270801567
271034165
271285612
271445327
271678037
271881987
272082889
272287552
272520006
272720439
272923794
273157243
273358766
273594869
273832388
273995432
274198277
274367083
274571417
274804645
275036480
275240476
275440256
275648245
275811050
276050180
276294416
276493592
276693891
276898653
277101848
277338248
277536333
277737144
277942656
278073626
278278291
278482772
278716091
278920301
279152100
279364045
279557145
279794833
280033657
280193386
280372468
280566274
280734415
280970799
281171482
281378152
281607753
281774344
282013405
282213438
282389465
282617331
282786885
282954562
283190063
283402964
283529097
283663385
283864157
284070370
284267345
284467105
284635187
284871359
285108211
285309065
285511103
285754419
285883331
286149151
286384540
286620678
286921352
287100479
287362975
287563241
287732992
287877825
288067099
288267825
288535816
288738861
288973609
289175625
289378795
289611452
289847294
290048565
290286996
290487678
290688373
290897293
291092520
291329276
291468339
291663000
291903127
292100170
292305745
292540963
292777342
292945499
293152184
293313135
293516643
293719087
293988300
294223553
294460619
294663987
294864286
294996311
295270186
295505060
295710764
295951337
296081733
296313725
296485451
296724284
296893897
297061740
297262031
297497606
297697553
297901666
298103223
298338114
298544903
298810348
299009656
299219978
299412566
299614289
299889347
300118198
300390003
300525306
300760233
300962692
301199637
301399574
301507969
301702588
301873936
302103449
302307199
302508782
302708734
302948408
303148765
303348585
303550460
303818247
304025905
304262523
304427088
304661581
304863475
305070740
305276086
307155118
307393573
307594549
307726663
308136072
308404723
308634740
308870981
309104543
309816139
310011692
310487776
310687451
310886682
311090948
311326194
311526206
311725563
311928743
312166672
312363631
312563898
312736074
312869832
313070268
313272189
313442146
313675363
313879714
314078935
314312909
314522419
314717576
314919231
315095469
315296458
315432363
315666434
315835609
316038014
316240644
316472474
316641102
316885674
317078238
317320483
317522885
317756690
317962011
318198337
318400229
318640082
318807942
318978031
319144977
319349200
319590161
319790114
319994551
320231595
320433705
320608457
320803802
321036640
321240058
321507249
321714331
321912219
322081766
322289327
322454087
322689063
322935937
323169636
323371980
323575352
323774111
323877022
324146630
324281335
324515702
324751161
324918464
325086497
325288889
325459017
325593756
325758687
325931516
326099830
326267108
326467348
326673424
326876002
327077682
327250380
327452085
327553372
327718918
327853895
328054690
328156034
328391833
328564146
328762336
329000162
329235334
329437540
329646840
329877264
330054783
330251692
330454380
330693679
330891079
331159424
331365207
331532398
331737699
331968997
332170434
332374848
332575857
332809066
333011395
333245822
333482680
333651043
333890487
334057062
334190365
334361433
334594083
334797145
334997181
335199496
335402626
335603210
335777346
335974175
336140627
336377335
336645077
336847291
337049233
337251621
337462731
337690488
337924595
338161255
338369241
338570588
338811213
338942450
339154884
339383244
339651231
339919853
340093140
340323513
340526045
340760959
340996262
341198560
341398606
341566750
341735555
342005829
342239783
342474089
342642981
342876628
343015269
343185630
343394444
343628901
343800511
344033016
344233458
344469373
344703598
344839093
345006353
345239067
345408997
345675625
345945766
346150602
346355860
346488959
346690910
346896262
347125501
347330607
347572217
347766511
347934009
348103172
348368692
348607106
348842540
349042343
349252999
349446935
349647883
349882399
350083249
350318472
350541329
350843795
351110590
351346759
351549633
351791623
352027233
352300299
352601697
352870021
353070417
353377384
353678366
353992152
354289507
354555837
354756581
355023211
355263238
355464819
355701135
355869090
356069085
356306166
356574270
356845112
357078592
357282642
357549859
357787472
357953661
358221476
358459593
358698193
358929321
359197923
359398089
359635703
359869986
360107987
360313175
360516137
360789401
361026579
361293401
361533052
361836046
362081007
362308549
362574378
362810691
362945877
363145768
363351177
363551672
363754406
364020758
364253042
364498067
364700899
364900607
365108433
365339187
365608982
365846585
366118833
366381863
366616462
366855823
367025296
367227296
367466753
367733421
367934314
368235148
368457080
368686549
368886457
369123838
369361095
369529156
369835995
370068638
370301805
370523615
370754524
371021098
371290958
371494738
371762310
371994880
372264302
372544747
372741188
372943470
373111827
373380390
373614921
373821254
374085249
374320830
374564697
374861748
375062554
375335957
375639124
375917548
376182536
376381603
376549210
376819517
377019954
377258521
377523547
377791868
378062248
378330731
378571058
378801464
379035611
379303722
379472082
379674124
379946817
380111095
380344976
380625126
380851032
381121509
381356208
381555836
381823513
381992136
382229622
382461278
382729935
382900799
383170027
383436465
383606041
383874879
384141599
384412470
384652539
384883551
385121320
385327512
385557658
385757487
386000289
386197612
386433082
386677063
386935789
387204537
387408264
387684995
387915239
388194792
388462274
388665746
388935379
389205476
389473864
389678612
389876017
390112039
390279442
390551086
390722866
390988873
391224006
391458023
391668194
391896420
392132950
392367156
392601964
392870172
393108599
393340758
393542358
393756346
393915663
394185571
394428567
394656241
394891711
395147450
395347298
395585635
395791452
395951657
396220204
396490975
396656435
396891132
397094234
397362434
397606083
397907003
398177104
398309793
398543751
398780360
399052568
399252724
399495192
399723656
399957332
400227085
400462655
400701930
400852964
401048637
401287787
401452123
401686770
401890121
402089591
402357599
402594902
402793768
402995898
403230409
403473294
403672374
403883434
404077859
404346754
404516142
404783258
404989750
405228515
405422251
405656020
405858405
406026810
406195237
406462088
406698644
406909400
407178798
407447774
407649874
407851727
408084005
408287304
408487800
408695067
408959118
409192446
409365233
409562989
409798322
410040595
410166800
410434716
410669400
410844247
411052289
411288254
411486014
411725492
411891173
412158238
412399732
412640524
412868395
413077829
413341107
413608791
413817118
414051632
414288140
414519661
414724084
414998840
415228121
415464255
415674872
415833519
416008562
416239300
416482202
416686916
416921565
417183289
417457915
419665552
419904464
420135419
420268360
420682358
420975840
421244808
421479043
421649659
422360476
422654513
423033656
423192653
423429885
423638690
423869967
424073902
424235904
424474654
424607186
424840752
425079757
425211259
425386968
425615379
425815386
426064371
426252788
426403382
426593856
426796372
426996539
427199092
427406770
427602535
427773443
427937920
428140056
428341844
428510056
428710608
428913116
429115849
429314677
429549659
429786162
429952396
430154362
430356001
430623973
430825199
431027248
431262710
431500969
431702508
431903779
432112700
432272236
432446073
432675963
432783259
433012425
433220051
433416200
433649980
433850637
434089182
434255808
434463907
434692898
434893215
435135455
435331358
435533147
435768134
436008831
436250723
436446664
436647442
436851732
437088134
437288480
437493221
437629099
437793762
437994925
438130445
438342182
438544183
438678682
438851464
438982452
439118983
439319760
439488256
439620391
439825888
440059189
440294305
440468724
440670486
440874436
441004028
441172506
441411070
441578991
441814667
442048345
442248454
442486473
442653509
442855599
442988161
443231351
443457422
443692739
443897732
444063862
444196781
444364554
444533562
444769425
444972360
445153246
445320533
445524575
445757238
445993996
446229400
446396631
446631064
446798614
447033585
447204629
447406133
447614676
447844541
448044255
448215402
448414594
448552428
448753090
448928422
449132482
449330458
449538388
449737805
449942527
450140194
450277081
450477703
450653450
450817199
451054392
451295583
451528189
451731933
451899067
452101245
452303876
452541064
452775317
452983118
453249474
453418705
453586060
453754106
453954350
454189769
454425227
454628086
454795115
454996121
455199625
455434043
455638204
455874644
456107224
456283753
456517981
456724826
456887691
457122128
457326515
457527859
457664917
457833410
458077951
458273923
458441302
458613388
458765145
458963409
459130974
459340372
459576125
459811928
460014859
460216260
460418357
460550881
460754424
460989702
461156367
461330346
461567477
461804666
462036157
462238539
462438557
462672850
462907835
463111282
463347120
463548714
463750954
463952905
464088449
464322149
464523008
464725995
464892179
465095501
465295074
465530595
465766505
466001179
466237563
466473851
466672222
466873415
467076358
467278601
467447619
467647288
467854538
468051773
468220616
468457419
468691392
468877170
469074823
469307751
469519046
469684399
469922623
470123834
470361654
470598593
470734895
470969609
471205963
471448348
471717193
471921812
472120538
472388209
472625257
472826578
473027704
473270308
473498254
473700966
473901153
474143440
474375545
474545809
474786353
475055759
475296318
475495163
475661948
475865595
476033453
476199255
476367717
476572672
476771314
476977596
477173631
477377767
477612400
477847061
478048360
478283914
478518217
478755023
478957432
479124594
479394597
479667841
479865848
480067051
480301014
480504069
480704343
480908804
481144596
481283735
481551527
481751940
481986902
482219628
482456758
482702116
482967737
483170255
483385355
483650687
483920259
484189518
484401329
484666358
484897416
485130438
485370928
485574531
485844824
486111426
486317060
486560812
486767853
486998445
487232990
487467279
487712465
487948695
488215261
488516182
488796547
489055277
489291565
489526522
489763021
490009210
490209864
490484273
490714297
490985463
491254103
491389745
491625422
491893156
492167077
492436979
492671994
492842040
493074207
493306486
493575591
493813450
494048608
494315462
494552992
494759304
494959932
495200447
495430196
495631714
495803451
496073518
496308889
496512539
496752414
496987303
497237225
497469100
497733680
498002569
498259334
498490179
498726411
498960821
499206510
499472505
499676841
499915149
500115416
500288025
500485102
500686692
500921634
501122903
501359821
501566875
501730299
501970814
502235122
502502510
502806069
503038986
503340440
503612776
503845112
504086369
504325421
504587007
504787700
505023945
505190338
505360527
505565788
505834563
506074005
506310137
506545779
506815411
507024291
507287748
507524127
507761698
507931294
508199014
508502409
508710344
508903847
509106847
509342081
509543976
509718060
509917558
510151134
510397193
510591242
510827375
510998966
511275177
511476997
511711301
511879561
512148694
512422745
512691373
512963128
513232158
513367695
513542659
513777442
514039382
514240115
514475816
514711998
514945081
515182166
515349867
515584122
515852871
516089975
516288609
516524331
516761036
516960741
517136021
517364028
517598801
517867425
518142449
518405122
518539722
518642647
518881479
519156282
519452554
519687126
519889902
520055755
520224325
520503215
520697531
520865511
521101681
521335588
521470592
521671952
521808724
522074214
522344352
522581883
522861809
523091112
523324540
523532354
523729547
523965372
524165750
524374156
524651590
524885596
525114036
525316689
525559395
525685532
525920713
526160686
526394178
526659743
526899865
527163743
527396690
527573974
527870006
528069936
528306747
528542915
528775409
528947137
529220116
529457473
529689198
529957313
532217875
532487000
532721128
533113492
533415218
533656913
533861372
534811625
535071162
535477062
535740034
535943287
536210092
536445762
536680945
536884777
537088046
537322603
537498306
537725931
537935505
538138137
538408064
538608960
538811652
539046236
539188261
539449447
539650896
539861942
540121750
540356546
540596674
540798085
541033235
541268255
541473470
541673661
541883420
542146523
542378814
542583042
542748794
543031306
543197886
543399476
543535404
543802901
543917125
544143622
544349889
544619638
544854473
545055626
545322560
545526995
545707217
545832829
546067847
546276658
546439137
546613898
546876798
547110377
547345558
547582885
547818166
548066867
548322692
548565409
548832139
549038583
549206814
549407450
549612865
549846682
550046419
550218676
550419323
550621821
550788956
550999187
551264715
551507342
551748045
551918387
552118591
552387094
552656001
552893783
553162893
553372459
553566182
553766973
553973678
554207385
554382542
554575929
554814890
555052255
555247691
555518253
555687046
555919295
556105397
556275782
556516113
556767179
557032411
557299993
557534521
557737610
557878337
558017971
558251772
558525531
558695581
558932481
559180034
559315227
559550051
559761382
559998543
560234555
560506568
560705550
560910526
561150894
561402907
561669556
561876341
562072133
562275281
562477060
562711243
562914321
563114896
563316892
563521725
563720311
563955643
564192064
564459230
564694759
564905081
565097776
565332244
565501319
565736136
566007621
566179932
566408296
566679493
566946878
567152338
567353371
567564533
567766553
567953385
568183478
568417142
568653296
568893233
569091812
569327773
569597613
569832761
570034760
570268788
570538372
570738014
570979788
571141603
571316365
571548706
571754696
571956034
572191321
572425315
572627308
572827507
573029325
573230495
573433088
573673011
573869824
574071845
574307960
574540792
574743574
574978160
575145784
575351391
575617454
575885989
576121754
576327731
576564584
576766959
577040026
577237739
577404310
577573358
577716078
577910406
578110738
578347978
578581201
578816230
579058107
579330763
579595196
579831719
580070172
580266920
580536068
580803466
581078253
581206732
581413912
581679769
581913199
582149918
582384636
582585982
582827562
583025515
583226927
583433691
583663583
583932741
584166939
584443603
584718005
584915531
585153717
585391573
585626224
585798267
585995455
586135244
586365797
586638873
586873959
587150088
587316664
587583729
587823637
588056047
588299102
588565227
588804030
589036204
589238703
589406783
589610764
589852336
590047074
590187326
590451808
590684550
590887545
591123545
591358944
591629197
591834359
592032677
592269214
592541469
592775103
592974599
593215422
593478285
593683742
593891313
594155834
594357232
594527073
594792910
594996393
595133180
595301126
595505965
595774208
596009534
596211685
596479489
596759289
596895210
597069628
597276132
597471447
597740077
597975303
598212524
598445396
598630205
598824343
599090228
599264933
599500242
599779429
599989616
600182657
600453323
600658501
600822431
601057987
601294321
601525479
601762932
