0
30017
65961
99144
131388
162504
196626
232361
268934
296247
331010
364293
398544
432682
468072
501016
534387
569579
607476
636094
669103
701331
734551
767565
802165
836815
871526
903087
940553
969539
1002569
1579590
1775552
1948262
2146140
2311735
2481094
2618372
2821112
2955924
3152771
3388838
3592480
3760100
3964986
4196587
4404444
4605910
4771227
4980805
5143661
5346320
5519497
5719296
5954787
6153763
6328760
6492535
6665208
6826959
7003654
7134416
7341324
7552975
7752382
7991137
8155564
8389619
8558876
8758820
8960925
9135771
9305927
9469562
9637495
9846425
10017111
10183044
10417995
10587829
10755211
10957333
11226475
11426552
11597042
11798441
12000899
12168679
12370028
12573134
12774189
12943313
13109487
13310690
13514431
13647553
13882254
14092706
14288402
14492715
14695654
14963703
15166365
15370326
15603810
15739768
15941713
16077279
16307798
16544210
16716342
16917690
17086002
17319107
17460060
17656850
17795256
17994182
18194526
18397089
18567384
18733785
18933673
19142103
19374086
19644182
19817140
19978485
20218304
20417659
20586430
20756085
20959849
21160921
21358435
21497985
21663623
21895416
22098733
22333880
22503713
22704866
22902818
23074828
23242418
23441651
23643061
23745249
23945831
24113772
24314632
24519137
24685629
24857711
24986096
25191957
25354893
25529253
25725487
25892312
26035450
26273177
26471313
26677836
26841794
27010795
27217389
27410141
27612421
27850108
28050228
28185102
28386572
28587528
28755499
28992809
29194818
29401778
29638958
29840180
30074503
30250229
30443932
30645250
30780971
30981643
31218426
31418855
31653393
31823361
32056995
32228115
32369103
32602538
32798328
32939092
33133447
33306703
33472018
33678207
33839851
34078639
34289549
34419061
34586626
34785856
34963094
35092175
35327884
35530210
35766352
35975108
36205201
36371724
36538824
36776732
36983309
37177319
37321112
37519282
37687292
37888310
38100158
38256665
38460498
38593719
38798123
39005735
39168781
39404677
39606172
39808236
39977706
40215410
40459729
40584090
40798454
40990324
41187961
41367577
41557750
41762871
42034531
42198040
42403106
42602403
42806807
43050421
48490565
49171046
49364141
50175685
50371171
50543446
50707938
50942655
51386295
52065880
52241397
53071699
53242085
53416456
53641758
53872525
54093247
54323384
54557119
54765187
54991596
55162515
55398712
55586418
55777399
56010036
56242420
56449736
56644500
56847088
57123824
57283399
57524469
57758687
57941508
58150164
58408783
58607589
58820657
58982157
59183424
59422568
59657520
59892200
60133112
60369246
60602798
60804631
61010081
61245671
61450644
61684260
61889455
62122661
62357307
62532282
62816771
62951058
63155747
63352755
63522613
63798021
64035441
64240275
64470093
64707030
64947862
65186130
65420842
65592752
65757044
65988627
66232396
66468426
66771101
67007398
67208090
67449843
67700978
67975119
