0
30207
64278
97541
132045
167517
201486
238756
263280
298966
331790
364803
399607
431259
467537
502624
534893
570378
600946
636335
668922
700055
735096
767702
801549
835125
871693
906828
934597
970992
1004907
1677599
1810358
2081182
2252330
2447898
2651330
2857202
3054872
3290003
3490351
3691405
3863442
4062856
4330396
4566065
4802688
4940391
5137777
5344603
5443214
5643703
5813682
6082571
6250902
6484818
6722481
6963584
7191790
7426837
7638079
7801273
8001940
8139723
8340386
8573740
8751293
8952727
9118329
9324535
9488987
9665642
9757758
9960814
10196883
10432818
10636680
10874087
11072287
11274884
11478708
11681544
11849844
12050123
12284939
12452156
12654772
12821164
13029787
13228638
13467709
13669629
13875107
14141598
14318066
14481738
14655016
14885465
15089730
15325482
15525894
15734120
15894970
16031468
16231913
16408060
16600436
16834972
17081670
17274607
17476041
17710600
17948778
18113677
18249764
18485836
18686889
18956948
19157643
19324029
19560837
19732127
19963446
20131182
20337415
20534420
20786477
20977974
21153266
21388036
21592574
21762457
21929427
22165221
22367320
22568663
22702562
22905643
23147761
23319161
23551312
23790044
23991498
24227243
24500769
24665332
24930136
25169046
25333277
25524250
25682917
25918450
26119811
26285550
26455261
26588819
26756345
26990504
27160049
27327473
27496706
27707058
27889043
28088578
28322272
28527582
28693522
28929004
29164914
29333513
29535582
29769223
30004030
30205732
30405671
30580487
30776669
30978677
31111861
31313924
31550209
31784681
31985755
32220600
32421015
32593755
32757030
32959067
33196792
33365855
33533367
33772614
34010746
34214142
34445384
34619323
34884560
35082055
35289752
35419713
35554576
35789239
35991402
36230528
36465139
36698603
36903689
37069686
37310780
37508107
37708788
37946209
38112933
38317082
38514974
38656485
38857526
39024749
39267560
39431246
39700775
39869918
40071277
40272884
40475618
40682091
40880981
41079969
41281215
41484537
41750781
41958773
42160798
42330657
42495675
42707180
42933380
43067630
43266591
43434362
