0
12949
29141
45945
63009
79935
96687
113640
130598
148053
167047
181058
198353
215226
232091
248764
266110
283406
300999
318527
337749
350633
368098
385268
402037
418542
435326
453640
469602
486747
506049
519828
536936
553782
570698
587523
604550
621934
639372
656963
674884
689029
705902
723175
739997
757233
773570
790912
807995
826059
844638
858702
875980
892830
909773
926370
943610
960603
978167
995027
1013669
1305457
1537680
1714254
1916214
2055772
2172863
2396079
2546315
2680434
2832068
3036281
3138242
3309089
3511794
3666148
3886777
4055567
4278157
4434178
4539847
4698794
4868011
5060513
5280772
5518341
5705969
5907896
6011245
6468991
6587664
6689903
6893892
7097038
7248593
7389089
7527828
7713337
7933846
8052028
8255655
8514135
8794019
8989809
9210207
9431031
9672396
9896494
10120527
10346038
10529368
10786609
11013466
11233731
11402877
11616037
11848955
12080078
12347358
12559000
12732976
12932534
13157028
13316591
13466536
13654489
13810276
14014864
14167403
14381230
14560674
14710373
14894301
