0
16568
35288
50239
66280
83560
100436
117759
134549
153129
169820
186378
204771
219620
236285
253492
270813
287822
304538
321773
339069
356370
375351
390702
406575
424012
441218
458038
475265
492372
509609
527039
546098
561039
577654
595631
611695
628971
649454
666611
680901
697456
716532
732687
748154
765421
782226
799332
816500
833418
850581
868065
888798
902962
918489
935854
952629
969739
986783
1004036
1228371
1331121
1433225
1587149
1673570
1827665
1943739
2062266
2233117
2422191
2556672
2679190
2803764
2980839
3181665
3285660
3436742
3573704
3676979
3863167
4050376
4241010
4405675
4523905
4714023
4901824
5105769
5277878
5522672
5659174
5896787
6104742
6294256
6437432
6641882
6777781
6983583
7206128
7378688
7529623
7736193
7906316
8091306
8273739
8477302
8669434
8892036
9079842
9301561
9458878
9678148
9882554
10171619
10327422
10499230
10635760
10825492
10958380
11152860
11235646
