0
17878
32207
49068
66517
82898
100217
116589
133684
151316
168204
186545
201449
218400
235238
252621
269741
286083
303108
320487
339989
356966
372005
387585
405419
421749
439621
455885
473676
490256
508360
526565
540282
557719
575162
591493
608431
625355
642421
659929
676893
695815
709734
726963
744495
761246
778653
796094
811904
829130
847062
867298
880295
896743
914054
930992
947950
965800
982185
999089
1016333
1253689
1374330
1473627
1574656
1658977
1812232
1964202
2100950
2275942
2428456
2598265
2717467
2905282
3021461
3174444
3346365
3430735
3518933
3688299
3790045
3928283
4078741
4266775
4423136
4596188
4715540
4832837
4934983
5124045
5294607
5480736
5660016
5816430
5948530
6100983
6236282
6443144
6619691
6738119
6891899
7062464
7215158
7384644
7622380
7825252
7942403
8113411
8334297
8504110
8638299
8790416
8994995
9223089
9467441
9724576
9945763
10149181
10308232
10555622
10793547
10963428
11207374
11451484
11654717
11840013
12026138
12147602
12298583
12467679
12656368
12790186
12976052
13111149
13231479
13387936
13491757
13680487
13830875
14033456
14219554
14322691
14509320
14610411
14745234
14914217
15067081
15186401
15375306
15525433
15677303
15863315
15989440
16141650
16297534
16465787
16634417
16755750
16875576
17047580
17199909
17351728
17474058
17676516
17870741
18023212
18210192
18313047
18481628
18614829
18811993
18944267
19120170
19328300
19478661
19614634
19733793
19921314
20107997
20310844
20480793
20690064
20891183
21060385
21162366
21332001
21502700
21636386
21789106
21974592
22127158
22328827
22480494
22666773
22853742
22978402
23166510
23368333
23555840
23691188
23843251
24013361
24204564
24321074
24509020
24697604
24882462
25018063
25187009
25357083
25441714
25559714
25663423
25747638
25849236
25934620
26035777
26120441
26222075
26325079
26493516
26663374
26769150
26937295
27076423
27164210
27280054
27373057
27541997
27744986
27930594
28116041
28201700
28285011
28433266
28518166
28688094
28807827
29022690
29243537
29417454
29593542
29800756
29986410
30123122
30392689
30569921
30798303
30972090
31140171
31258341
31463557
31660110
31858779
32065242
32251129
32440889
32643370
32830589
33025019
33140722
33242921
33547873
33668958
33804858
33977464
