0
5220
37483
71223
106714
143505
175155
210666
237552
272305
309082
340608
374302
406214
441038
476187
510590
545879
574838
608584
641748
675546
708637
742346
776506
811886
843527
882684
909516
944608
978988
1012242
1751521
1953095
2225113
2455036
2657557
2860257
3059656
3295203
3498654
3732413
3971225
4137138
4371728
4586865
4813513
4979762
5221561
5424125
5693351
5895846
6167370
6464735
6734857
6967629
7172205
7406199
7709111
7910820
8157386
8429576
8662838
8903041
9334327
9606186
9773324
10007960
10245659
10546699
10782027
10952343
11184155
11388171
11554830
11823009
12003482
12161894
12363740
12565404
12767205
12967648
13270343
13503986
13786252
14035396
14227115
14528719
14764013
15001633
15234418
15506688
15746475
15885271
16153723
16392777
16588087
16854437
17089762
17361277
17596570
17798382
18035566
18347475
18584175
18857481
19104184
19367715
19637543
19940070
20242792
20451327
20680481
20847668
21082053
21317934
21585740
21754070
21956973
22223677
22391692
22558299
22805977
22960801
23231086
23437296
23710991
23923948
24117277
24324071
24626988
24837328
25134774
25331460
25605048
25878863
26115448
26382685
26584608
26821189
27053871
27357309
27631693
27869368
28094538
28304965
28546672
28805355
29038126
29314089
29575627
29818706
30053052
30256521
30500415
30771515
31039675
31309645
31476971
31711060
31879327
32114465
32357795
32551620
32755392
33029639
33224497
33531058
33767460
34002059
34171473
34380985
34614767
34850845
35121072
35395361
35631582
35893486
36127522
36330443
36641517
36870286
37102845
37337700
37573679
37858242
38132482
38433614
38597209
38833717
39135221
39303356
39570328
39877027
40148382
40450147
40691712
40953443
41187540
41464630
41699216
41926501
42231140
42466405
42768766
44966520
45238230
45473243
45875648
46220593
46483907
46786260
47563511
47791191
48235307
48500311
48746573
48916451
49145393
49410914
49615068
49852322
50085740
50266252
50555411
50792317
51059268
51310480
51511122
51721531
51991963
52224109
52493369
52728272
52860500
52972617
53164100
53433123
53670972
53903588
54209785
54449020
54713671
55018785
55327030
55621875
55890390
56192366
56428123
56668420
56898012
57100489
57371353
57635837
57805002
58038590
58307039
58542735
58745169
59020454
59249964
59482004
59700449
59992038
60259778
60530576
60765616
61069343
61270538
61505047
61743152
61945116
62213039
62471391
62675545
62879513
63112684
63281972
63565191
63838071
64003131
64243855
64514081
64793585
65020811
65261783
65528843
65733515
65999194
66302247
66536625
66825255
67019055
67287986
67558047
67831690
68129832
68436306
68771428
68971952
69239126
69541809
69814452
70045352
70313516
70583929
70818527
71123790
71357024
71625172
71827285
72059861
72298232
72504493
72805396
73041962
73313944
73555126
73854069
74054283
74355822
74623504
74857788
75093274
75330197
75597312
75867266
76101707
76348864
76682385
76853255
77119216
77390779
77628446
77964934
78238869
78539737
78777572
79078924
79316360
79518957
79789747
80062231
80299433
80463555
80696368
80972649
81235376
81478920
81746901
81991091
82302340
82609070
82881500
83050081
83323520
83556360
83822627
84126266
84395651
84665140
84980811
85312327
85581482
85782621
85984104
86253484
86495849
86762616
86973737
87273655
87578220
87919702
88191290
88489411
88728842
88994303
89266679
89535424
89801608
90040438
90303965
90507684
90745123
91012383
91248196
91483958
91792477
92054382
92253417
92523839
92763358
93031005
93300631
93569386
93813043
93972126
94171870
94375983
94608571
94842695
95165758
95364283
95631234
95899848
96137253
96373391
96603403
96808185
97043044
97242622
97480521
97711244
97982264
98251303
98488328
98739260
98972090
99178560
99342296
99547930
99846683
100118791
100353480
100653811
100894683
101157355
101324829
101564476
101873295
102107899
102411831
102679042
102927319
103187331
103425357
103690831
103961566
104238887
104439428
104672474
104950715
105247744
105521365
105819189
106127483
106329810
106598742
106799233
107034135
107312708
107593099
107893640
108192389
108495399
108732570
108968511
109239091
109542912
109778921
110017461
110250087
110483083
110753190
111025853
111221875
111524430
111731902
111996011
112264883
112530852
112833056
112970186
113241827
113543918
113779096
113991008
114221603
114525293
114829203
115079880
115347417
115614572
115848194
116090206
116322420
116588269
116820696
117059338
117328410
117563528
117830811
118133905
118306880
118568963
118776666
118977725
119258827
119529294
119829003
120102713
120336761
120538314
120812563
121042273
121277521
121514353
121881152
122119758
122351866
122590895
122898923
123101583
123339020
123606038
123856111
124119248
124386318
124654918
124922354
125159108
125394236
125561971
125834174
126033121
126270814
126550261
126817040
127053387
127356146
127592879
