0
13470
30311
48844
64830
81064
100776
114956
134162
151674
166617
184053
201031
217814
234910
252435
269801
286249
304056
322403
336244
353620
370402
387806
404410
420805
437805
455578
472426
491420
506306
522736
541636
557798
572882
590090
606635
623626
641802
661313
674710
691391
708606
726992
742432
759273
776498
793556
810392
829473
843722
860314
877706
894392
911681
928437
945863
963275
979351
998887
1013015
1235570
1370401
1556613
1747563
1934818
2071379
2256622
2360767
2510322
2628647
2754131
2906136
3007363
3142635
3317815
3439267
3641395
3793245
3962961
4097941
4253187
4472642
4675254
4877501
4998464
5116947
5272177
5456173
5611195
5795803
5880512
6015654
6104491
6202300
6388104
6556956
6744686
6829163
6913276
7048376
7151105
7289833
7421859
7573311
7695555
7780814
7881298
8000087
8084897
8169195
8262059
8346096
8447630
8548747
8655133
8752666
8892169
8996205
9128204
9212868
9297005
9398349
9472233
9607535
9758895
9846512
9927873
10045955
10130852
10270078
10358437
10441183
10530772
10630201
10734325
10821022
11003793
11141295
11227148
11344708
11429839
11531084
11635295
11723987
11906685
11990196
12158556
12348796
12535379
12619884
12722439
12874756
12942692
13030330
13149024
13216156
13335776
13460857
13620036
13703248
13789284
13924085
14042177
14127569
14261940
14380037
14465535
14585566
14719872
14854529
14939091
15074918
15159783
15297963
15396731
15497919
15636692
15737972
15872189
15981034
16110832
16212364
16316656
16500598
16583995
16669405
16825046
16956745
17042752
17126687
17229416
17313435
17431496
17551577
17653182
17770877
17956133
18040899
18142020
18347834
18429022
18518409
18648424
18751925
18904217
18987730
19106392
19195097
19292552
19462327
19547618
19733411
19835376
19970612
20088695
20189607
20341710
20478863
20580665
20664431
20766160
20850217
20969452
21056914
21138096
21226752
21324810
21426814
21511238
21646518
21764934
21866287
22002762
22121274
22257459
22357901
22459694
22543650
22679187
22797156
22919519
23069792
23221382
23411867
23530244
23682252
23771682
23903368
23987815
24072452
24190684
24343178
24427624
24562855
24652974
24771949
24906712
24991476
25177733
25301360
25416129
25568693
25721316
25841602
25926887
26080312
26198270
26283712
26453798
26538509
26624714
26743025
26810933
26980174
27081584
27286817
27474258
27625894
27761403
27864497
27947077
28032701
28116621
28255648
28339914
28475155
28559853
28644387
28746639
28883015
29000566
29187548
29339401
29511109
29595660
29764688
29849340
29950668
30057961
30138431
30225835
30394218
30475567
30578512
30714032
30865793
30987323
31089906
31224258
31412978
31581746
31730859
31882505
32036777
32189531
32359712
32477701
32663265
32747934
32883791
33070343
33154940
33244894
33346621
33481764
33620970
33720064
33790443
33939151
34091169
34262487
34448616
34639462
34755581
34941904
35029158
35163899
35316445
35457187
35558226
35677404
35760861
35846577
36005555
36157935
36312264
36438072
36577379
36728882
36868499
37041529
37217566
37386649
37558446
37697382
37853259
37972218
38141236
38245636
38404045
38555731
38707871
38810274
38931939
39083860
39185628
39303802
39423457
39542154
39698352
39868346
39968697
40071663
40230679
40383674
40484728
40604559
40696830
40798073
40928922
41032414
41167905
41295900
41438214
41571728
41708809
41846828
41975097
42110689
42262047
42399421
42553324
42706657
42873251
43036511
43187489
43339921
43511164
43697703
43821685
44020118
44228941
44435513
44658520
44842619
45028560
45214126
45332443
45522930
45713382
45898209
46102212
46314991
46462968
46667617
46843907
47061131
47267927
47561778
47763946
48004740
48201978
48470210
48744275
48963121
49204517
49371137
49578871
49814211
50051424
50255938
50412996
50646773
50816616
51011841
51228588
51415768
51643424
51894847
52064546
52191027
52410136
52634114
52789651
53010083
53229358
53398830
53591169
53728121
53903074
54109531
54360971
54596899
54771360
54926547
55100564
55270049
55519156
55791431
56015393
56203612
56425873
56618648
56749496
56909938
57148495
57318002
57517963
57703396
57922657
58079851
58224846
58438255
58590371
58778735
58982984
59238391
59442414
59629012
59929071
60151123
60388996
60635923
60875127
61081726
61336346
61591826
61829703
62055458
62241317
62445776
62635083
62831794
63056508
63231852
63446453
63738420
63938757
64165821
64372736
64592642
64854557
65010946
65182080
65395937
65631047
65803194
66007963
66232454
66441592
66699163
66920518
67146565
67430561
67669328
67976124
68178742
68459655
68667357
68890309
69045066
69270076
69530661
69771992
69978335
70079090
70238402
70405410
70548234
70756056
71011980
71277549
71510224
71661667
71876430
72103344
72326144
72476958
72685789
72872236
73109417
73312834
73570427
73757547
73960792
74221311
74470531
74725341
74925756
75162538
75317102
75539960
75827899
76003630
76241237
76443298
76656271
76842067
77099247
77273747
77511479
77722384
77876198
78112219
78286707
78539038
78761171
78950575
79152926
79343237
79547066
79736476
80010491
80213922
80435889
80554707
80782471
80934965
81190453
81412652
81616808
81855132
82058766
82264347
82464526
82723977
82996938
83242076
83473860
83703786
83982802
84202223
84407199
84597050
84922951
85149737
85374857
85608121
85851880
86139842
86306884
86546445
86781965
86985099
87189260
87341278
87580352
87797394
87955670
88158958
88328400
88514680
88669013
88874583
89092023
89388786
89605382
89758704
89984949
90222291
90410011
90680652
90861773
91082023
91307220
91495498
91714894
91921184
92179182
92416439
92602521
92825193
93038360
93223796
93444562
93613204
93753736
93952735
94195059
94382047
94572476
94743872
94929198
95119319
95288286
95491929
95699484
95927079
96112893
96297589
96470408
96678660
96912985
97156840
97368246
97640089
97842250
98012607
98184272
98403952
98606785
98828707
99069523
99239803
99474488
99698501
99886745
100058473
100277511
100440231
100617829
100818525
101005576
101192596
101349307
101552577
101740311
101994460
102150593
102400360
102613238
102817490
103007513
103174009
103325643
103496100
103719770
103923662
104188922
104409392
104595614
104833146
105056906
105227692
105398342
105533979
105689846
105841531
106027490
106179000
106334671
106504619
106723586
106911669
107063371
107232044
107334104
107488098
107640740
107826358
107911248
108130653
108347332
108568197
108741292
108960711
109155159
109391649
109542194
109677609
109919536
110115191
110325620
110547147
110762820
110966837
111191318
111443944
111646674
111906480
112124403
112263486
112466884
112623549
112793862
113014885
113154483
113395848
113567163
113793398
114029793
114273036
114493899
114715568
114934813
115088934
115256856
115409155
115563041
115820437
116050315
116255434
116475285
116696274
116935672
117155664
117394090
117612800
117823944
118028834
118183663
118385939
118560606
118767791
119029901
119252038
119476453
119728456
119931045
120203225
120405480
120609055
120812328
121001466
121135195
121380612
121566451
121804211
122042933
122197911
122398317
122658239
122911793
123104574
123323538
123528879
123748829
123956681
124147093
124367026
124601197
124776166
124994122
125215787
125393994
125614366
125815035
125997531
126210355
126434373
126653084
126828066
127121646
127258874
127428739
127670286
127892365
128080179
128265892
128471853
128675521
128829449
129049204
129243580
129449154
129652664
129841258
130044585
130247932
130448977
130679654
130881110
131100902
131319550
131541661
131749365
131955962
132173915
132362483
132566239
132787288
133020020
133279670
133486753
133707339
133877212
134016185
134265126
134537978
134809550
134995802
135216915
135423184
135572337
135793156
136012371
136204769
136473826
136672614
136916519
137138277
137295125
137506754
137687190
137943773
138167560
138318090
138610462
138868126
139075390
139261550
139486101
139689258
139927482
140145546
140323188
140567672
140804548
141022776
141265375
141434816
141687588
142005723
142285612
142520985
142747745
142937079
143143643
143278977
143502973
143633861
143846746
144062759
144233143
144470542
144724586
144944517
145168951
145381575
145580953
145801229
146061759
146279277
146503874
146657631
146859917
147030796
147198673
147408077
147539089
147777231
148001026
148255643
148483323
148743310
148973424
149160458
149405345
149640832
149819775
150039606
150262634
150468405
150690113
150893707
151113000
151287638
151424605
151610382
151782569
152004242
152227454
152399412
152649775
152891516
153096275
153264887
153505980
153726716
153914308
154064660
154305769
154597858
154872522
155024638
155243893
155450410
155704672
155876349
156045310
156351687
156605433
156791415
156962937
157114051
157284590
157454234
157680599
157931476
158087219
158335179
158507026
158677116
158915223
159134755
159355985
159525031
159715512
159936663
160161835
160365798
160576017
160744442
160997604
161242702
161449694
161620031
161789239
161973452
162183198
162420954
162626096
162894250
163161620
163351916
163566199
163725315
164019374
164268355
164508677
164735363
164908055
165144804
165331575
165551581
165740252
166009494
166231434
166417489
166569662
166812074
166981665
167225261
167427935
167597779
167825500
168028247
168265284
168526535
168727945
168935087
169108172
169275873
169548525
169774019
170017722
170236982
170393275
170559047
170745617
170931361
171141193
171308959
171549659
171765657
172008933
172178928
172365254
172638301
172891385
173118237
173393324
173638274
173896577
174242607
174378470
174581279
174753580
174999916
175182354
175339260
175541411
175728223
175915466
176084807
176272211
176538784
176749986
176964434
177186478
177359362
177531437
177772296
177989037
178191970
178395586
178618637
178787630
178938966
179094921
179277747
179479353
179733636
179942272
180140939
180394463
180581201
180766069
180973978
181181550
181397314
181673858
181875659
182008604
182225376
182411492
182699649
182907787
183146159
183258757
183474481
183754164
183964268
184148689
184337101
184524797
184790299
184960600
185178782
185348266
185586677
185809546
186010917
186233431
186437123
186606383
186846745
187063940
187308252
187580085
187765886
187937245
188092090
188331307
188567023
188759481
188993119
189231856
189470215
189642567
189881419
190066180
190293374
190473684
190739017
190960410
191213102
191415727
191661083
191929482
192121350
192358068
192560733
192716628
192922228
193159683
193330417
193539093
193709302
193962636
194171826
194398078
194614089
194806853
195045209
195232191
195366415
195602056
195822934
196043825
196298525
196523382
196726099
196933972
197104254
197325398
197531557
197666782
197905740
198147766
198372519
198618140
198755278
198944016
199264862
199486918
199747693
199918321
200127824
200353512
200546705
200816112
201077945
201364554
201661980
201918215
202146163
202431668
202618727
202900110
203181324
203397758
203624099
203809813
203997760
204183515
204372934
204610527
204817094
204990978
205244205
205448041
205728112
205929668
206135601
206360600
206612697
206803456
207075862
207286248
207532100
207722321
207963195
208201453
208433067
208642036
208829343
209090276
209365120
209495562
209810020
210034002
210321225
210543818
210783852
210953029
211104628
211343097
211528377
211767477
212040734
212230825
212480547
212686002
212892350
213010016
213215002
213422461
213593381
213792237
214066248
214219356
214390470
214642352
214877881
215085106
215334278
215519308
215691027
215952614
216192382
216448239
216721842
216912839
217133435
217250605
217511491
217661157
217813256
218036230
218225438
218392148
218526280
218695885
218848278
219052921
219206711
219308455
219505485
219715150
219905100
220087740
220307503
220492979
220633040
220733136
220899820
221000722
221143720
221329169
221499411
221709911
221853318
222062262
222164915
222281092
222435255
222589595
222690087
222900543
223037268
223156364
223349182
223536156
223736268
223956918
224192678
224398534
224616179
224855663
225098968
225327745
225530518
225683062
225869212
225989586
226114463
226305765
226407422
226579676
226699520
226902351
227107078
227326505
227444295
227595590
227738001
227961324
228202872
228406643
228626470
228864266
229097651
229334924
229557437
229775398
229962441
230205684
230411262
230614069
230782766
230953152
231157219
231364737
231603026
231757803
231974460
232166716
232381001
232567155
232820156
233041334
233205632
233425261
233594782
233828208
233973203
234124748
234333509
234548237
234769588
234972469
235158643
235363133
235597466
235834965
236074580
236315186
236563375
236781763
236950826
237172950
237343019
237529854
237715492
237935061
238188170
238390396
238592212
238806113
239045289
239281468
239466226
239693280
239896248
240064725
240300509
240548688
240787244
240954406
241208904
241428759
241653408
241835421
241969153
242120721
242306603
242527994
242766662
242936369
243179081
243428241
243580402
243793780
244013915
244234074
244436850
244622294
244792087
245011700
245220809
245485383
245704891
245870022
246100193
246252644
246468639
246620759
246806861
247043941
247270989
247453195
247691666
247913903
248157501
248326271
248511554
248698248
248850951
249053810
249239241
249470710
249703383
249922895
250074735
250178076
250396303
250567304
250802784
251070700
251274187
251493698
251730881
251959214
252217848
252449084
252600719
252803781
253047872
253287564
253507148
253716022
253904475
254124765
254343840
254756029
255052006
255245425
255460509
255616983
255852561
256009158
256221180
256363271
256519620
256702549
256917189
257115214
257251790
257457552
257617147
257835933
257901614
258122287
258325718
258426611
258572217
258690344
258782149
258921332
259114741
259336301
259525762
259713119
259902768
260090502
260265276
260433032
260588551
260778657
260925465
261094987
261308419
261553796
261807559
261976756
262185181
262401302
262571070
262749188
262946502
263187644
263373837
263646037
263894488
264184699
264420731
264692036
264911890
265183820
265352426
265539456
265792292
265991837
266228915
266439456
266715715
266886610
267075253
267278656
267487940
267642018
267841656
268046903
268268663
268504565
268689475
268861039
268979684
269250172
269435634
269691783
269848313
270044998
270247707
270433959
270551774
270772801
270909262
271096566
271281216
271400225
271619208
271821948
272048449
272246118
272414990
272606289
272824779
273032412
273321484
273512794
273715733
273980127
274217373
274442321
274658072
274920158
275106522
275334739
275564916
275723359
275893666
276136003
276321797
276495280
276715434
276936262
277138283
277364966
277581464
277787700
278011886
278223242
278405102
278565887
278734659
278950742
279170388
279392108
279584558
279815488
279994191
280214467
280421526
280614421
280813118
281033576
281254786
281512437
281681509
281901937
282104971
282313009
282496094
282696716
282882745
283034960
283255697
283462678
283704691
283942306
284185126
284434650
284638157
284843397
285045794
285265493
285468257
285692067
285965039
286169419
286320750
286563313
286784930
287029447
287254154
287429257
287651127
287853892
288056944
288260933
288498179
288651330
288871684
289109263
289329238
289521455
289704306
289897031
290102986
290357830
290559520
290747496
290966628
291175655
291441109
291661848
291851915
292051370
292288946
292457603
292643425
292795546
292931458
293152466
293321035
293546057
293782847
293984869
294154597
294374492
294494130
294751740
294974101
295207053
295393755
295619579
295804556
296024276
296264651
296487697
296693197
296863313
297133840
297353194
297591402
297797444
298024548
298157441
298309484
298479293
298710925
298857251
299079421
299264487
299468403
299688733
299920515
300027143
300199550
300374898
300597232
300812349
300981183
301109927
301278368
301434064
301586674
301748482
301887871
302061363
302246671
302383472
302585936
302739431
302880791
303082472
303252966
303456578
303593549
303728025
303922109
304119349
304272666
304459717
304710247
304897720
305014286
305243532
305395815
305565103
305781130
305934343
306118324
306304610
306423715
306592810
306745922
306909300
307035708
307274373
307497174
307733867
307954982
308178932
308350137
308537155
308702730
308890795
309129067
309264458
309434333
309636272
309864722
310056006
310226085
310409990
310661795
310886840
311089840
311311044
311507128
311744976
311987735
312140529
312362514
312547937
312760012
312973995
313187311
313327813
313534633
313731808
313951857
314141850
314398647
314636208
314863220
315053385
315258311
315497183
315749293
315953280
316191502
316428571
316632488
316819241
317007868
317214946
317451158
317654634
317875403
318104363
318347171
318528473
318680962
318935872
319083015
319330428
319566026
319823128
320075120
320296016
320573027
320827108
321080325
321308903
321533201
321717175
321919190
322156408
322363890
322549817
322820671
323024938
323278935
323481731
323719350
323957092
324107439
324276766
324480709
324717661
324888740
325092068
325298379
325532937
325717810
325957373
326159125
326296017
326533910
326788307
327026094
327213914
327401066
327638192
327857550
328014577
328183938
328416766
328670579
328860867
329095873
329325980
329512065
329732391
329969706
330207518
330360307
330598140
330771297
331008374
331241198
331501835
331740888
331904093
332032244
332289178
332541726
332762856
332965048
333202275
333456776
333730113
333899516
334119544
334356862
334492664
334782148
334900339
335052819
335239453
335442036
335662893
335869832
336075161
336244290
336447814
336651547
336871801
337074885
337295204
337482281
337634506
337842601
338011002
338147125
338355078
338523646
338745202
338914357
339169098
339303044
339490394
339679547
339916796
340126424
340296203
340496460
340701003
340937457
341173317
341393590
341582631
341770256
342041756
342228049
342402492
342604960
342845389
343095878
343266207
343523324
343775162
344013739
344248755
344474230
344645192
344956746
345236645
345487346
345740969
345969864
346139586
346325410
346466435
346685539
346853118
347012432
347181747
347348060
347568883
347791791
348008970
348178011
348379569
348599448
348819674
349056033
349226829
349464187
349707092
349899010
350066435
350317921
350470787
350692650
350862150
351086835
351258145
351472992
351709920
351947708
352179076
352384568
352558973
352799695
353015763
353205740
353374717
353527603
353764518
354008228
354211345
354397382
354600270
354805390
355008295
355196110
355417147
355668368
355921738
356158503
356397018
356552953
356689433
356926631
357207072
357382244
357587449
357759207
357910635
358129895
358385445
358589995
358829696
359033615
359271734
359459282
359681402
359851360
360109897
360314871
360516932
360731233
360952601
361121535
361344907
361545915
361783044
361987043
362184776
362406812
362594494
362746527
362916526
363071754
363276821
363478450
363699760
363921304
364139790
364292039
364495935
364771114
365009111
365206784
365415168
365585371
365771898
366027957
366257643
366494983
366663656
366900414
367138557
367274057
367502561
367722868
367942099
368196569
368432654
368689409
368844597
369029459
369265101
369452694
369707196
369962493
370132480
370302336
370547759
370794220
371027989
371163161
371383175
371605465
371841974
371980434
372201181
372420651
372641731
372911034
373177428
373359627
373613736
373783519
373970230
374156653
374409447
374630771
374854318
375089338
375344105
375581142
375801489
376073190
376275798
376478656
376735763
376938497
377159848
377312724
377545538
377723578
377893852
378118169
378286005
378496830
378709972
378983849
379223830
379376667
379597340
379816949
380021896
380244326
380457837
380695856
380898210
381173436
381344091
381561872
381783438
381986277
382172955
382420738
382607563
382863721
383053606
383320125
383543127
383779850
384025720
384231213
384484221
384739903
384982954
385202948
385390469
385628174
385863803
386101587
386323100
386491348
386653681
386812549
387048314
387250383
387500585
387684052
387887993
388159897
388378984
388583035
388836419
389057833
389227184
389432118
389703257
389887071
390125004
390362870
390550249
390751664
390956192
391144238
391363789
391483559
391604283
391824247
392078387
392297387
392553674
392713501
392865565
393086706
393262370
393533311
393720006
393957859
394176647
394409896
394630845
394868776
395088107
395292742
395505171
395740676
396001396
396164994
396403301
396716918
396955446
397125499
397297502
397534247
397720821
397958179
398210488
398420563
398638866
398840631
399044059
399230913
399467795
399687823
399913669
400132929
400302878
400523986
400762972
401001051
401228276
401364407
401549434
401778615
401983833
402240621
402409986
402632034
402835511
403071052
403278387
403499198
403692686
403912128
404117179
404351948
404588928
404761447
404963359
405183245
405419954
405622966
405833049
406070110
406239670
406413218
406632869
406852938
407091380
407353322
407547827
407779704
408001232
408272624
408498705
408652432
408822085
409021580
409208902
409411711
409636389
409843454
410094770
410368638
410594003
410779317
411001692
411271451
411485167
411726201
411914613
412169076
412390306
412646667
412900831
413092120
413308614
413504590
413679565
413923924
414179345
414433203
414707601
414876283
415012161
415245609
415482951
415704115
415975469
416229301
416421390
416623373
416866950
417083497
417271606
417459471
417670036
417893302
418094142
418347019
418611353
418848302
419073022
419292112
419512779
419751832
419902754
420121383
420347308
420568325
420793444
420991469
421195121
421449274
421689729
421888154
422040745
422295327
422523265
422743291
422980731
423188945
423404333
423657652
423896999
424084237
424270079
424474070
424626194
424864378
424986635
425199324
425388107
425623654
425862444
426066903
426303827
426557444
426761647
426953354
427192338
427434030
427623531
427811490
428038333
428243194
428464606
428701017
428887332
429089644
429264350
429395830
429633089
429836889
430027828
430226986
430499117
430706897
430887481
431125499
431333131
431562474
431782599
431985068
432206369
432467808
432721321
432975573
433110563
433313462
433551162
433781307
434018796
434189681
434413572
434668127
434905637
435145742
435285054
435497929
435687666
435873368
436128555
436370499
436631854
436819394
437038109
437275506
437512823
437755371
437993153
438162470
438367829
438578611
438810842
439054953
439308889
439495887
439718769
439991852
440230025
440364162
440570534
440812825
441067210
441322470
441544888
441766262
441962196
442163930
442303141
442493619
442731671
442969702
443156517
443392464
443630642
443884698
444088478
444346829
444586125
444829955
445055897
445287169
445537686
445773148
445977344
446224893
446441602
446598181
446833807
446971025
447164770
447402751
447610334
447730322
448000739
448187680
448375678
448516451
448772887
448995782
449145806
449381791
449618985
449833113
450053544
450209783
450395998
450605920
450813741
451011097
451235702
451477890
451666471
451905314
452039839
452192363
452450873
452657149
452878571
453128800
453325151
453562332
453697848
453957376
454210114
454451435
454640275
454912986
455115501
455302137
455510416
455710556
455951083
456141349
456327929
456587481
456739745
456959880
457218224
457469418
457655730
457878644
458068677
458268364
458514674
458651140
458858461
459029342
459213585
459439595
459592250
459829851
460015565
460254473
460476070
460696913
460933934
461182527
461353791
461506697
461744582
461973887
462161571
462443273
462585976
462846962
463034401
463241041
463481958
463719380
463923081
464194070
464450341
464690569
464886022
465115745
465334480
465520447
465642319
465775461
465931887
466117571
466308874
466476290
466649733
466868192
467070152
467172711
467358796
467510662
467717027
467889167
468011640
468181696
468331358
468500756
468646191
468798103
468951182
469106585
469312970
469533100
469724076
469873653
470138496
470290921
470511318
470751232
470984310
471222354
471442402
471645219
471851153
472069115
472321864
472509551
472748180
472934293
473102948
473323882
473563314
473802673
474017785
474170893
474403796
474606214
474791657
475000589
475249851
475435911
475680677
475849870
476031936
476249753
476453816
476674152
476843180
477033872
477234751
477436042
477673148
477946425
478082270
478318394
478471025
478693824
478947918
479200980
479370203
479591075
479762160
479980824
480235224
480488619
480624021
480793883
480937186
481157348
481369612
481538443
481640434
481759004
481868085
482106660
482343470
482546034
482716094
482887930
482987512
483176760
483262223
483417196
483549300
483701593
483905564
484128490
484315127
484503632
484653113
484787506
484976070
485190248
485438546
485608065
485709888
485897259
486150666
486274499
486467371
486701949
486958864
487204690
487410571
487579210
487728967
487933228
488136429
488373723
488611944
488812835
489050080
489256377
489460243
489630423
489848966
490034873
490236933
490407786
490559308
490800254
491042043
491262991
491453081
491626107
491880060
492067775
492286615
492513648
492746555
492966328
493189537
493407275
493630363
493801038
494048151
494295974
494500878
494726739
494978128
495170441
495356297
495582357
495765048
495999459
496169138
496355280
496541487
496773940
496978963
497165821
497422880
497710623
497903230
498124809
498330743
498502960
498687196
498874007
499133340
499350758
499525059
499774639
499994074
500181309
500400073
500584741
500824536
501067230
501296425
501515743
501758632
501973730
502160049
502331158
502466537
502686367
502924955
503093491
503381238
503549801
503791374
504022496
504277422
504548938
504720678
504910428
505135996
505304951
505544161
505798607
506038699
506260861
506467056
506697294
506915227
507135550
507391604
507644320
507885886
508090321
508308520
508495026
508729160
508936517
509105659
509321784
509562813
509796969
510012457
510192521
510378193
510581497
510786851
511020265
511272716
511492775
511729316
511948086
512151117
512337823
512509045
512685571
512868174
513070607
513290349
513526514
513645680
513866548
514035223
514223978
514424902
514608816
514834084
515056332
515272055
515505337
515692189
515912815
516098685
516318536
516554386
516767145
517007158
517156713
518314536
518589552
518784251
519837745
520121612
520389595
520590668
520817963
520991214
521180650
521351587
521503895
521629787
521708236
521879658
521982013
522086956
522166087
522335930
522548437
522712553
522899177
523104726
523246989
523429746
523602416
523778517
523930375
524067318
524177211
524355177
524561535
524693594
524863147
524966657
525179764
525438620
525623864
525755278
525936231
526136187
526313194
526492236
526610678
526782358
526918730
527052941
527188477
527294124
527377158
527564443
527754433
527887874
528012958
528199839
528511959
528749862
528996118
529247609
529509043
529711765
529965483
530204613
530408571
530650694
530872437
531141848
531366201
531615519
531836237
532077664
532232347
532468012
532704675
532973282
533194515
533363241
533606710
533859911
534089958
534271081
534431704
534660866
534879986
535084687
535306601
535525257
535762074
535936201
536173407
536342325
536495900
536717781
536937302
537191525
537360085
537596028
537818464
538055567
538275109
538496538
538665097
538856449
539105242
539273947
539459803
539748157
539951589
540123971
540328178
540567813
540837944
540990791
541177338
541351303
541535343
541766998
542019041
542171497
542391377
542566408
542739512
542999594
543219979
543391262
543635625
543882918
544120829
544340692
544492925
544666698
544887308
545055328
545239648
545492099
545707844
545904460
546144245
546450496
546690091
546846984
547071437
547286393
547455900
547726743
547877109
548098128
548306674
548525915
548804438
549060027
549246249
549415141
549603343
549775618
549945230
550219604
550478084
550627978
550762240
550898917
551189885
551411191
551630974
551773894
552015191
552247629
552501291
552737906
553011988
553247981
553419517
553659144
553915428
554100007
554272924
554511560
554664209
554885724
555089358
555274812
555499996
555721342
555945227
556214950
556369111
556487014
556706630
556912236
557138251
557306498
557475450
557707398
557945878
558191175
558427540
558647146
558818964
559054420
559226101
559377003
559563624
559800439
560054748
560297755
560501654
560707076
560856379
561060600
561244837
561471510
561657644
561827806
562071597
562285426
562422704
562642424
562864712
563092260
563273810
563429409
563663967
563833403
563968373
564222232
564410605
564646668
564853993
565038382
565225122
565397426
565639126
565838944
565961130
566079250
566249110
566434452
566587627
566740921
566926127
567148527
567318374
567538154
567724727
567810044
567961378
568117290
568283272
568540124
568694154
568845230
569033859
569234077
569409426
569578644
569802182
569992032
570178935
570281028
570432232
570569492
570688676
570806353
570925834
571048967
571221893
571464311
571598849
571781605
571969747
572170866
572373337
572597842
572837906
573059775
573278209
573413858
573582760
573768984
573954562
574116559
574285606
574439241
574662583
574882289
575132986
575375695
575611706
575730101
575932993
576118564
576338335
576575874
576745077
576937063
577158386
577344297
577615319
577835801
577953140
578173436
578359569
578602194
578703591
578925097
579109911
579363305
579589252
579756255
579871070
580109801
580243416
580379817
580617337
580860614
581030114
581267598
581522511
581761527
582016369
582235232
582462738
582720064
582902156
583122672
583257131
583449164
583633405
583823231
583992836
584245447
584468015
584652263
584856329
585092477
585333271
585502066
585724620
585913053
586048410
586219767
586372961
586594390
586781955
586951347
587125509
587342957
587494463
587732768
588007071
588292798
588563350
588715580
588935716
589123625
589352612
589622283
589860264
590096312
590317290
590536977
590739000
590894740
591095436
591332846
591517811
591722787
591941864
592190521
592447794
592606027
592839714
593076457
593295245
593521512
593744620
593913617
594137499
594374151
594611868
594864981
595014362
595244326
595415749
595682656
595904086
596121741
596361803
596562613
596757606
596860230
597133960
597372342
597542742
597677765
597916044
598136745
598411166
598617991
598843846
599049987
599254036
599512270
599770265
599996753
600233285
600456580
600680540
600813608
601084467
601305625
601546539
601704747
601943720
602170523
602419536
602570930
602805281
603078910
603271548
603462415
603700065
603903030
604039562
604210829
604429942
604701836
604959041
605157641
605344266
605581805
605785755
605977472
606183165
606435529
606728991
606966790
607203746
607458834
607701882
607910842
608132249
608372840
608505099
608692874
608945386
609183856
609378977
609649482
609928236
610183117
610471357
610708269
610979209
611148868
611386260
611589976
611759641
611948716
612176938
612415341
612638594
612837009
613094469
613364393
613601646
613858589
614054012
614316011
614485423
614724228
614944356
615168774
615422656
615608468
615828994
616035055
616168930
616393150
616578985
616833757
617020126
617173410
617343237
617546678
617700411
617925076
618057229
618299902
618536163
618780770
618944552
619180745
619401259
619605666
619792457
619995644
620237307
620477882
620737320
620901957
621026662
621208745
621429999
621683766
621921044
622132328
622372665
622631952
622869551
623038230
623274819
623415514
623637397
623839981
624026847
624247805
624383128
624606741
624806407
625011186
625163169
625288600
625484042
625669517
625877676
626141684
626293269
626500100
626668944
626886736
627056076
627312167
627546148
627835390
627970014
628175594
628411898
628580939
628790601
629011665
629233522
629425928
629647575
629867416
630104634
630360468
630597031
630850879
631123389
631349207
631506521
631726169
631966103
632203521
632443530
632561823
632891042
633147756
633375245
633561878
633782492
633952156
634193384
634448175
634650102
634904486
635114571
635282847
635521739
635740990
635995328
636180293
636388299
636661366
636915206
637140477
637326729
637574931
637711035
637975398
638193026
638453058
638678997
638932717
639137139
639325384
639561941
639763640
639950096
640137611
640391453
640560132
640782279
640972781
641159466
641435685
641640627
641860703
642099727
642301047
642508198
642713064
642931053
643133900
643353833
643544371
643750801
643901040
644089724
644289822
644513771
644648980
644825297
645044794
645248605
645466805
645653735
645816286
646002922
646173167
646381743
646590625
646790366
646985432
647187096
647288016
647492411
647710502
647864056
648052807
648239440
648441757
648544460
648768033
648937120
649072284
649294660
649446601
649632501
649736093
649853158
649987842
650191134
650377211
650547157
650750865
650952024
651122208
651309101
651444608
651669738
651828304
652013411
652199906
652386101
652540686
652762696
652950099
653185071
653407471
653628608
653833737
654036722
654274947
654511545
654699437
654885548
655072200
655275385
655483486
655683602
655852077
655967861
656120965
656325679
656496352
656683583
656903522
657160038
657345730
657557875
657760396
657897407
658033077
658201651
658422612
658578848
658796380
658999648
659294160
659517129
659694551
659828483
659997841
660217522
660444584
660641507
660828079
661031672
661268651
661490889
661678002
661849952
662036108
662237160
662440702
662645418
662834248
663016863
663239228
663375797
663544510
663713792
663920441
664109350
664245359
664463740
664583252
664838795
664995202
665215389
665385516
665553861
665753493
665856243
666060417
666211505
666363059
666573564
666742417
666892071
667079977
667263661
667446365
667633435
667785928
667991455
668160640
668364629
668572568
668713314
668914202
669083027
669217440
669423573
669609406
669864002
670066827
670219541
670425294
670614055
670799629
670969070
671122305
671257013
671391914
671585993
671801508
672020199
672241042
672398229
672498858
672685347
672837544
673007012
673176269
673294617
673500161
673705848
673911541
674082028
674280073
674483525
674669569
674855155
675041174
675264753
675434169
675669657
675838116
676061914
676162904
676382841
676605542
676825101
676928549
677133466
677305489
677474410
677673584
677895182
678117741
678269121
678446862
678615109
678819172
679007857
679223459
679375847
679584468
679753454
679906394
680091946
680296020
680414559
680617609
680787265
681024603
681227144
681413426
681599600
681803218
682007126
682213557
682454573
682594473
682749908
682949943
683135374
683324740
683511171
683731889
683900893
684107185
684297827
684432525
684555598
684739236
684923772
685126513
685312781
685516439
685707935
685927964
686080868
686199417
686358072
686527734
686749366
686918466
687088454
687258560
687477941
687681714
687901895
688137972
688342378
688495409
688681086
688908458
689078181
689311791
689535387
689739329
689909234
690195006
690346510
690557195
690714259
690936939
691103910
691306089
691462292
691679228
691869123
692004946
692156734
692330847
692500722
692655930
692826690
693060270
693263383
693451984
693604382
693825484
694003018
694224733
694446072
694619558
694771620
694990954
695182290
695333180
695503645
695707415
695928468
696065153
696250309
696435641
696590930
696746365
696895600
697013992
697220919
697367150
697514970
697635959
697754603
697943168
698166495
698370222
698574941
698761231
698931003
699117396
699321271
699539855
699709361
699847330
700052497
700187093
700340508
700481829
700703229
700841458
701049275
701238142
701458965
701628078
701837272
702037143
702237447
702407617
702626928
702796540
702951297
703120639
703258220
703470695
703711024
703929418
704132736
704301337
704508447
704732694
704942188
705140624
705292580
705461111
705618162
705749643
705885686
706054671
706190107
706341693
706529831
706681849
706783024
706934555
707053882
707189539
707391381
707560684
707664377
707900741
708053047
708279337
708448924
708607587
708772774
708962579
709150823
709320494
709509835
709737763
709923251
710097645
710321025
710468458
710592730
710769268
710871326
711078503
711245683
711395290
711516551
711698587
711902725
712053923
712262450
712460368
712656841
712842129
713050050
713240421
713359737
713561380
713729996
713934481
714103422
714323108
714525841
714751368
714964877
715101024
715287702
715491392
715710689
715864345
716049653
716269797
716422983
716600724
716802852
716971176
717173963
717378662
717535634
717649693
717868742
718088870
718241007
718445047
718646997
718867144
719037922
719294698
719414953
719596669
719815753
719921554
720120757
720324248
720527447
720730904
720900384
721097359
721316021
721502241
721688333
721824248
722026978
722229134
722433102
722602031
722788436
723008064
723212455
723414369
723586814
723790790
724002116
724198118
724367540
724557114
724723054
724845183
724978164
725197422
725299650
725506657
725680790
725901276
726052627
726256289
726459264
726682453
726878430
727147934
727316592
727502951
727706889
727912737
728082462
728289692
728475797
728693010
728913796
729134712
729338089
729580058
729789617
730009364
730228830
730398125
730603062
730814211
731023842
731261060
731467362
731694390
731876949
731995508
732215123
732385587
732541228
732762896
732983450
733208900
733383369
733583811
733807771
734050012
734237281
734472878
734607690
734811297
735015658
735226100
735436236
735690026
735911530
736098818
736335685
736555810
736741831
736927970
737131399
737333547
737518947
737688725
737875564
738097940
738250169
738422006
738646381
738853561
739024607
739274519
739476596
739648509
739794545
739897323
740052837
740222548
740392017
740624904
740827270
741049017
741269251
741454935
741624568
741828670
742067042
742257431
742475238
742613829
742783571
742985012
743183168
743318245
743522521
743725318
743893756
744080937
744303794
744453313
744605894
744818228
745034669
745220632
745414245
745602749
745752946
745889574
745989606
746159290
746249291
746453210
746654571
746821905
746962141
747046188
747219646
747372279
747545134
747626060
747801082
747983685
748185661
748381654
748585916
748688602
748821579
748956855
749128225
749268603
749448930
749619395
749804873
749963335
750177062
750366694
750545241
750726044
750925286
751112793
751331129
751534289
751706577
751909991
752131680
752335393
752500966
752685690
752821331
752955786
753160862
753380197
753583291
753769682
753973047
754177092
754380795
754588411
754763422
754984438
755119550
755271905
755460923
755631946
755804012
755987338
756126667
756330727
756481684
756701581
756857849
757010506
757181804
757367938
757538303
757723126
757893390
758115554
758266076
758434372
758670745
758907276
759026253
759211466
759413636
759638947
759854133
760090436
760260503
760445896
760652746
760837563
760993593
761209952
761412713
761632205
761840994
762045124
762247965
762435476
762672030
762866966
763065196
763268001
763403136
763541770
763659054
763882881
764031139
764135574
764304204
764490633
764660032
764862043
765053395
765269318
765438324
765556641
765753431
765944904
766147640
766349186
766519073
766732054
766937927
767086774
767258247
767407570
767559888
767745202
767953984
768140231
768374912
768577054
768780564
768931840
769152602
769288198
769478570
769650989
769811355
769979505
770187822
770422225
770575050
770709825
770828410
771047963
771233582
771386283
771525919
771656086
771842373
772084651
772304657
772545645
772744423
772968729
773139827
773361157
773585022
773804356
773990239
774255458
774422597
774622928
774774858
774992993
775179062
775398980
775569517
775721141
775945371
776094286
776300781
776422291
776658138
776877168
777081587
777266616
777436113
777589779
777758995
777894946
778047578
778198841
778343672
778568073
778718708
778938660
779158284
779344330
779497118
779634660
779753302
779973372
780177671
780384916
780583174
780786058
780990167
781176089
781654259
781961282
782169465
782396900
782482284
782647525
782842957
782997378
783171057
783371624
783544214
783710170
783893754
784063789
784232678
784390161
784571687
784742974
784890743
785029442
785179610
785333158
785453136
785578273
785765035
785886499
786050190
786185931
786236282
786329325
786490811
786678888
786871681
787003711
787188780
787352672
787539207
787749075
787932689
788156340
788360044
788533239
788757466
788962376
789164464
789301650
789417118
789523449
789675162
789866598
789997473
790271531
790491185
790715884
790891742
791039266
791261704
791416411
791584530
791753616
791923028
792043810
792214686
792383794
792609751
792842737
793080751
793305355
793424501
793575634
793778689
793982611
794202130
794426870
794607965
794846724
795033579
795235564
795472389
795642259
795831669
796050468
796252862
796455830
796612622
796797448
797001203
797191392
797388796
797574370
797676503
797897570
798102645
798256444
798491755
798677988
798837240
799005771
799140188
799361647
799530690
799738476
799954649
800174971
800394412
800615171
800768505
800952037
801109412
801297177
801463967
801667120
801835509
802055630
802258371
802450127
802607710
802772590
803002562
803220928
803458517
803627942
803797440
804001211
804157521
804355131
804524087
804760012
804930221
805099878
805321014
805545577
805748589
805916651
806136518
806324679
806442964
806612121
806854515
807027495
807263492
807449145
807652647
807873211
808076687
808232268
808429638
808631705
808835532
809037727
809189760
809439076
809661805
809899118
810085233
810235380
810456902
810658691
810896594
811050737
811276340
811472279
811602333
811809710
811924563
812043234
812174649
812382675
812551083
812756892
812944395
813164634
813368899
813570148
813773191
813909372
814082220
814234079
814419848
814639341
814811352
815014526
815220398
815419490
815639639
815858858
816065365
816197433
816353602
816474540
816625416
816788263
817008112
817126296
817328861
817531066
817718605
817944663
818112386
818347070
818550858
818737060
818961927
819178262
819384543
819503397
819688661
819841855
820048907
820201618
820340657
820507786
820676545
820811053
821002794
821202086
821370771
821574466
821777283
821971861
822168428
822327794
822549181
822770769
822991492
823224631
823445921
823649189
823834961
824026825
824202545
824383379
824553020
824704899
824899705
825121686
825337878
825506941
825645351
825803123
825935297
826088089
826241731
826413097
826547643
826718540
826855851
827009712
827162610
827332787
827483972
827636902
827791292
827993240
828131336
828267025
828436312
828609194
828799827
828925078
829052347
829224991
829345359
829512928
829691934
829863345
830055668
830141327
830326742
830515252
830670915
830873793
831044120
831202201
831357206
831543812
831729058
831831124
831982609
832151047
832305419
832429441
832627946
832799795
833005229
833142425
833240231
833375686
833527540
833681819
833840913
834047401
834243992
834430064
834626374
834888321
835142477
835293665
835513691
835734797
835889326
836097681
836284575
836405664
836611792
836845850
837050293
837258117
837489171
837692072
837881851
838034557
838221241
838407277
838559008
838730122
838915679
839050250
839219099
839422372
839629471
839801729
840005752
840184974
840370303
840589695
840792575
840894762
841098801
841233732
841445447
841575334
841760787
841881098
842051948
842220551
842406924
842611158
842804761
842991481
843134303
843303260
843524308
843694578
843896395
844089101
844321359
844530313
844766364
844921836
845091752
845259747
845429643
845562695
845781750
845938298
846124965
846310427
846429263
846648239
846868422
847071265
847257731
847479996
847616807
847820837
847976777
848230646
848442493
848650408
848833691
849068653
849254421
849482413
849615391
849819369
850006604
850176444
850395512
850571405
850786738
850924505
851131820
851352055
851521831
851725439
851915301
852152830
852338428
852541985
852711681
852899599
853086391
853212766
853466120
853683419
853885660
854091025
854281143
854499758
854657084
854825133
855043799
855246347
855397748
855601398
855788822
855976078
856111657
856298746
856521336
856637604
856824817
856994837
857201253
857423260
857643746
857830302
858034153
858222935
858439820
858642353
858844722
859032901
859237931
859441080
859678151
859812335
860001603
860207657
860433234
860635168
860811708
861015264
861191855
861396694
861599310
861802349
861993098
862210225
862331692
862532039
862719485
862904378
863074139
863276720
863429904
863616156
863827760
864048213
864204315
864421255
864658261
864838552
865062999
865213349
865417094
865637075
865809066
866012093
866207501
866393269
866612678
866815447
867002004
867154474
867357449
867547979
867755255
867946183
868114880
868334733
868486176
868690053
868913162
869116442
869325640
869560363
869730451
869848293
870009977
870192279
870413766
870617332
870785843
870971713
871209424
871364043
871615415
871801229
872004412
872226724
872484614
872702717
872922825
873041021
873175800
873399204
873515068
873703627
873873097
874078159
874277983
874505327
874658537
874861018
875065035
875287970
875490923
875626072
875747521
875956734
876125778
876281529
876434095
876619437
876757748
876950653
877137731
877326581
877497408
877596527
877817227
877951743
878140471
878348102
878563943
878740384
878932522
879150132
879356392
879509007
879643879
879813198
880016674
880168379
880390268
880524322
880695743
880881021
881033478
881185066
881303542
881506846
881693660
881862531
882035205
882240994
882409865
882550091
882734716
882922609
883156850
883376939
883565509
883751973
883939861
884157871
884361831
884563674
884751117
884987320
885157913
885312298
885487235
885719455
885922978
886143397
886363651
886531705
886738428
886944988
887161661
887423781
887626662
887847801
888069259
888223548
888443285
888669197
888804060
889008200
889193659
889363323
889586079
889756437
889893116
890104229
890254252
890442820
890641357
890782180
890963742
891134900
891320439
891459056
891659002
891862376
892048563
892217631
892336369
892540378
892726309
892880768
893084723
893256472
893423804
893572090
893809356
893980015
894200629
894419769
894631488
894836708
895106704
895311513
895514817
895700697
895851948
896088053
896262117
896484560
896670665
896890727
897120927
897260405
897475305
897627923
897797954
897984813
898119286
898322465
898509114
898711834
898832537
899035431
899255695
899425558
899644128
899800835
900017133
900169335
900356765
900536610
900773855
900997824
901215995
901386489
901576268
901730671
901883693
902079248
902248528
902384629
902603912
902789824
902992207
903149879
903354351
903513691
903737705
903906702
904038758
904209020
904395327
904614445
904800921
905004312
905224620
905443034
905647883
905870925
906056804
906230147
906404921
906591565
906778105
906995989
907220508
907410465
907598015
907785338
907971813
908242536
908478828
908685933
908905609
909012004
909251307
909472248
909658557
909825659
910028897
910269272
910454930
910658416
910810084
911003329
911232843
911452770
911655891
911841557
912003173
912223641
912461202
912696397
912832336
913035654
913153782
913339790
913542699
913763937
913983377
914204926
914425689
914598123
914768106
914957908
915143318
915345396
915514271
915637187
915859728
916080871
916251323
916477499
916699454
916882800
917085792
917272808
917476659
917678982
917883464
918087232
918306475
918492885
918646312
918867473
919073765
919224912
919394997
919616268
919839606
919990116
920160992
920397019
920567561
920785675
920993291
921208838
921362375
921564663
921800302
921920530
922089192
922248548
922402925
922589956
922813509
923048289
923271655
923509810
923728010
923947669
924100174
924311644
924518116
924707022
924947164
925117595
925320314
925505807
925733363
925951554
926104597
926244581
926487594
926657077
926842007
927012175
927251267
927367879
927609169
927825419
928013659
928218199
928423823
928576941
928728622
928897559
929117349
929253939
929405628
929594103
929800361
930019402
930264356
930467575
930687183
930842166
931059645
931247826
931450169
931602075
931753788
931922452
932144412
932369152
932538671
932722607
932940581
933110845
933297528
933468459
933739702
933908087
934106845
934260744
934395217
934614536
934760816
934909970
935113668
935281535
935503884
935690182
935859491
935961276
936164962
936333276
936553634
936722511
936874671
937083443
937234874
937404472
937613520
937819459
937990784
938190585
938394490
938566659
938735423
938971364
939225538
939412960
939632638
939783781
939932881
940073442
940294516
940538423
940756106
940924271
941164107
941385417
941538238
941656161
941860057
942047961
942269203
942473172
942712657
942900329
943121887
943306492
943476693
943662168
943865416
944105979
944257500
944391399
944543048
944746527
944898623
945123142
945260948
945415100
945602117
945770802
945957028
946163943
946322311
946488840
946624178
946758966
946876073
947061515
947230850
947399701
947587331
947794498
947987618
948209449
948445775
948648652
948854010
949057904
949279878
949500320
949702696
949923961
950164458
950402042
950638584
950826059
951010901
951180411
951419325
951640377
951843175
952029311
952232297
952456755
952673458
952923537
953177753
953345780
953584330
953807187
954026108
954215931
954436440
954556084
954758563
955015959
955198395
955335183
955538008
955726092
955966736
956172208
956393272
956549808
956770285
956996568
957167940
957369576
957539310
957744943
957995416
958165153
958354631
958527079
958747954
958967942
959123851
959293526
959480477
959683130
959852712
960038695
960262543
960515377
960684762
960887882
961041882
961271279
961502005
961718977
961922696
962058348
962313495
962449335
962672619
962863891
963094373
963298324
963521425
963760566
963867059
964124889
964294089
964483882
964730658
964900246
965068541
965257938
965481224
965685368
965853433
966056246
966260505
966449395
966617170
966768147
966902316
967114746
967319758
967560035
967731218
967909680
968118944
968287508
968523956
968693977
968862910
969001877
969172886
969306696
969519754
969736882
969956763
970121081
970322124
970525044
970677306
970829998
971000294
971134101
971304398
971456413
971642714
971849849
972050056
972240214
972495862
972647852
972802707
972992504
973212604
973382409
973589567
973707844
973928496
974155571
974360930
974580924
974786656
975004954
975192194
975372603
975592030
975812010
976035733
976175872
976307238
976475660
976696792
976899159
977111269
977332019
977517921
977738487
977942655
978111391
978298026
978528971
978714819
978849845
979073264
979243326
979427003
979630985
979855482
980047341
980226094
980450686
980652050
980905669
981159181
981362741
981566410
981769423
981974264
982226526
982464340
982638570
982845199
983046107
983265994
983487129
983722808
983878222
984079239
984236866
984437477
984647859
984881049
985080586
985249490
985456329
985659695
985829484
985998798
986185475
986408557
986578863
986811795
987032124
987200986
987440092
987609792
987816526
987983831
988203706
988390302
988575228
988761640
988972198
989158686
989361204
989582669
989786298
989958115
990160205
990371867
990557478
990727835
990882627
991018427
991240808
991461140
991631302
991833669
992023205
992172652
992325394
992476882
992664196
992870041
993069483
993189198
993344948
993515492
993723605
993894475
994092713
994312759
994414470
994634522
994803444
994955850
995113760
995282281
995422751
995590917
995740604
995942868
996146856
996283515
996507415
996612502
996794638
996965113
997083579
997272102
997372834
997543961
997766134
997934307
998155297
998358764
998580402
998715471
998835791
999037106
999222496
999426248
999594660
999712773
999909891
1000112822
1000283408
1000485680
1000620875
1000860471
1001093626
1001296586
1001449569
1001567672
1001687114
1001837907
1002043262
1002175546
1002362621
1002514804
1002720279
1002919853
1003140890
1003344460
1003600233
1003824034
1004043609
1004299675
1004519321
1004710631
1004934840
1005154722
1005363103
1005552158
1005738128
1005961897
1006193655
1006362757
1006552881
1006756597
1006961307
1007094930
1007251846
1007417305
1007593023
1007759179
1007941166
1008042999
1008229661
1008298172
1008466634
1008621829
1008789699
1008942169
1009060963
1009212410
1009330986
1009483294
1009635085
1009782152
1009951890
1010130684
1010303603
1010492148
1010647695
1010789593
1010978707
1011147583
1011319966
1011483345
1011680959
1011816227
1012003732
1012139753
1012312685
1012498902
1012683847
1012902776
1013009631
1013240961
1013387822
1013574291
1013709044
1013829308
1014016608
1014204428
1014414755
1014603273
1014789626
1015027629
1015245853
1015415900
1015550473
1015669930
1015893301
1016082651
1016222064
1016407845
1016614460
1016776034
1016898929
1017083344
1017217859
1017421756
1017624155
1017825839
1018045204
1018214088
1018419858
1018638750
1018842108
1019062631
1019267692
1019468464
1019671127
1019874371
1020093233
1020284725
1020501396
1020722601
1020963137
1021146257
1021380965
1021601345
1021854370
1022007460
1022242477
1022414991
1022618305
1022803886
1023040587
1023259580
1023465625
1023617568
1023828449
1024054897
1024198353
1024412555
1024615010
1024851794
1025003342
1025217937
1025332529
1025509738
1025751921
1025954246
1026091259
1026245052
1026428090
1026528549
1026731903
1026925639
1027097497
1027312245
1027498045
1027751360
1027942432
1028090360
1028326866
1028448584
1028641384
1028870536
1029074180
1029317125
1029535404
1029704466
1029891910
1030044253
1030181664
1030298817
1030511304
1030748647
1030914012
1031123271
1031326197
1031517775
1031736944
1031940793
1032149528
1032318599
1032454566
1032673062
1032790983
1033019261
1033222922
1033415163
1033633259
1033835381
1034021413
1034224372
1034444517
1034601032
1034798328
1034967530
1035140727
1035330933
1035517886
1035739655
1035942450
1036134504
1036343532
1036553079
1036722107
1036908708
1037111553
1037297573
1037504649
1037704680
1037922454
1038126962
1038353067
1038569360
1038789073
1038991701
1039199262
1039348507
1039551683
1039744338
1039883533
1040098558
1040303846
1040506645
1040624681
1040778910
1040963968
1041165982
1041319046
1041471458
1041673200
1041845221
1042101751
1042270944
1042471483
1042608109
1042724751
1042947227
1043147209
1043810578
1044071542
1044353130
1044582581
1044701727
1044893288
1045080847
1045197661
1045352171
1045488955
1045669265
1045792414
1045980073
1046167934
1046289895
1046472108
1046576752
1046753548
1046950013
1047069873
1047135382
1047262911
1047446867
1047600491
1047741371
1047938513
1048127878
1048229553
1048397991
1048568698
1048742896
1048926683
1049021126
1049196846
1049389579
1049612109
1049782829
1049953126
1050016601
1050155408
1050257128
1050406913
1050602452
1050755729
1050933017
1051111735
1051324468
1051510878
1051767169
1051944552
1052132099
1052317944
1052529890
1052756364
1052987941
1053225083
1053378709
1053631688
1053771917
1053987908
1054174229
1054359580
1054545768
1054737396
1054962050
1055181424
1055385820
1055574166
1055800131
1056014394
1056183791
1056406786
1056594708
1056796344
1057018280
1057202588
1057389664
1057558826
1057761467
1057981221
1058167100
1058386454
1058571729
1058709412
1058927151
1059147043
1059319751
1059436897
1059656807
1059825112
1060030085
1060130624
1060350543
1060536620
1060763470
1060966926
1061206545
1061380423
1061563598
1061717135
1061925349
1062055004
1062264329
1062448962
1062582332
1062717713
1062940730
1063124387
1063325997
1063477601
1063670638
1063885887
1064110031
1064334824
1064557191
1064723460
1064942614
1065163813
1065385867
1065505699
1065622319
1065757580
1065929006
1066034164
1066203400
1066341126
1066489929
1066642618
1066794866
1066946546
1067117316
1067268870
1067437899
1067573619
1067726400
1067896250
1068036030
1068188061
1068329198
1068489906
1068642054
1068799343
1068951344
1069087911
1069243068
1069390530
1069560589
1069664807
1069850886
1070036357
1070275176
1070512482
1070680721
1070885889
1071060349
1071178215
1071414103
1071622431
1071753546
1071992316
1072228633
1072435558
1072642219
1072815580
1072984332
1073166716
1073351432
1073553022
1073755868
1073942296
1074174510
1074379253
1074564102
1074784746
1074955874
1075123148
1075329322
1075494788
1075613573
1075836840
1076051708
1076286351
1076437645
1076560314
1076776182
1076978617
1077147078
1077353383
1077556446
1077700615
1077927170
1078178561
1078401072
1078551128
1078704203
1078890729
1079077040
1079283796
1079459564
1079674788
1079879170
1080072603
1080274976
1080484862
1080710448
1080934207
1081121265
1081330866
1081518996
1081741420
1081895225
1082117005
1082303206
1082523616
1082641647
1082761333
1082981235
1083150246
1083353471
1083579197
1083793036
1084002208
1084209762
1084395744
1084603199
1084773357
1084987342
1085174142
1085325846
1085452590
1085584408
1085740061
1085908618
1086085869
1086256459
1086458868
1086651053
1086850860
1087055119
1087257029
1087462098
1087666162
1087815919
1088007071
1088103395
1088362719
1088562030
1088758362
1088894195
1089114898
1089321056
1089540530
1089708902
1089881550
1090050920
1090241408
1090326261
1090513400
1090614292
1090768295
1090937485
1091073222
1091195130
1091321036
1091450770
1091619903
1091790550
1091959027
1092143935
1092306705
1092438801
1092613624
1092811873
1092946611
1093068889
1093219331
1093355422
1093460716
1093661498
1093812796
1093965779
1094206956
1094308208
1094460723
1094646998
1094817336
1094985498
1095088386
1095258315
1095427013
1095603700
1095721243
1095909530
1096081230
1096253880
1096393586
1096651066
1096857966
1097040813
1097194851
1097415281
1097634898
1097836375
1098005433
1098142311
1098311906
1098446027
1098598187
1098851996
1099004624
1099177442
1099348505
1099521127
1099706982
1099861072
1100125307
1100355285
1100625451
1100870970
1101086889
1101255509
1101457886
1101682406
1101919041
1102171671
1102290672
1102510322
1102735360
1102971112
1103171513
1103413339
1103613264
1103850216
1103951784
1104176039
1104297768
1104483480
1104707852
1104911398
1105117290
1105290577
1105507641
1105711621
1105968805
1106188373
1106406475
1106628391
1106817792
1107043836
1107267186
1107368945
1107556296
1107779204
1107999960
1108117238
1108303851
1108559605
1108747329
1108972902
1109194324
1109363919
1109552844
1109735509
1109939557
1110159017
1110430012
1110667401
1110870795
1111058228
1111276584
1111400016
1111551145
1111720824
1111906912
1112098484
1112281381
1112501596
1112661381
1112846938
1113063071
1113315761
1113474911
1113644243
1113843662
1114063542
1114324148
1114526875
1114710731
1114883058
1115102660
1115307514
1115513070
1115746894
1115917864
1116139032
1116326435
1116496405
1116630779
1116799672
1116987070
1117211141
1117325306
1117476547
1117700679
1117938058
1118158192
1118379777
1118601691
1118842540
1119046149
1119286973
1119523599
1119729545
1119898264
1120052338
1120325297
1120511678
1120714621
1120900480
1121105426
1121239563
1121448898
1121667757
1121836318
1122056005
1122277194
1122450471
1122621749
1122836201
1122954035
1123178099
1123362798
1123602407
1123840067
1124060548
1124248402
1124451448
1124637063
1124840950
1125079192
1125300507
1125470854
1125629336
1125850388
1126037046
1126258650
1126414562
1126546563
1126716883
1126927231
1127128546
1127298021
1127517744
1127720657
1127873376
1128083786
1128270204
1128526740
1128730649
1128936654
1129089301
1129328263
1129483698
1129705270
1129903476
1130108042
1130309593
1130529893
1130631272
1130768556
1130956295
1131126249
1131267359
1131418687
1131605228
1131777017
1131931997
1132160249
1132313548
1132498149
1132668349
1132871212
1133093818
1133347571
1133533998
1133770749
1133975396
1134194609
1134431541
1134651614
1134890960
1135076067
1135228219
1135329533
1135448533
1135603342
1135787932
1135942122
1136076159
1136227903
1136312352
1136431756
1136600514
1136788996
1136922443
1137057418
