0
33775
60820
94780
133868
169582
193017
228229
261819
297694
335681
363225
395456
435017
464432
500999
534616
565553
597553
634378
665445
699777
736886
772920
800047
838662
867192
900734
935406
969759
1005718
1679982
1915364
2193700
2385039
2532252
2791804
2995562
3168780
3430164
3601584
3879780
4114952
4355265
4562496
4725586
4866977
5068727
5277107
5483841
5617777
5791211
5959609
6163558
6397111
6635811
6869355
7075799
7254509
7415804
7651200
7888970
8057646
8297206
8567553
8736285
8972657
9173440
9407757
9648420
9849498
10054601
10261490
10499803
10704631
10945326
11148923
11356632
11620863
11866162
12066162
12303500
12575324
12841456
13076786
13253463
13494184
13735483
13971832
14206508
14379160
14646629
14881119
15091788
15316523
15486033
15690096
15901239
16108559
16342869
16578053
16848035
17050381
17251050
17459695
17586168
17758405
17990305
18189621
18393551
18627104
18864370
19102067
19338464
19541914
19746801
19951133
20185450
20387713
20630200
20836485
21003070
21234746
21441396
21675895
21877257
22010250
22147430
22350374
22548740
22716828
22889228
23024850
23159332
23400640
23572709
23703204
23841223
24079534
24316771
24489438
24722600
24898329
25123557
25331329
25568556
25829538
26066227
26310899
26477777
26748541
27020643
27262859
27455780
27660572
27823384
28063266
28274624
28502591
28669256
28947611
29178757
29385991
29624744
29890646
30132599
30336473
30439789
30610936
30808261
31009241
31248927
31386505
31518144
31761992
32009352
32258218
32492864
32701889
32962911
33106775
33273992
33479870
33722500
33951706
34154574
34398986
34530117
34764036
35001873
35234379
35469886
35678181
35915591
36184597
36321618
36521531
36798077
37068176
37301605
37537819
37708511
37909126
38140456
38379415
38614366
38849695
39087854
39327744
39529615
39762856
39998699
40237086
40478239
40678646
40948597
41216729
41420917
41652817
41920736
42125556
42329164
42560875
42803750
43038266
43205916
43450636
43693443
43893829
44094728
44331025
44570127
44772367
44972964
45107250
45312799
45557941
45761375
45963707
46200147
46400641
46567461
46770424
47043031
47285546
47512000
47750458
48014376
48223276
48458704
48692833
48829764
48996625
49165857
49435415
49644177
49873415
50005142
50218186
50449983
50658677
50855845
51022469
51270047
51436592
51651000
51851677
52116425
52354674
52559955
52805839
53036980
53236723
53473197
53709661
53944328
54145623
54348884
54486536
54753744
54993943
55201174
55474459
55711306
55946387
56143233
56353252
56586384
56823054
57064756
57228303
57399017
57630495
57737429
57968010
58236286
58415631
58596610
58834780
59076550
59315331
59453598
59684881
59917222
60122376
60222128
60426039
60593600
60836477
61076003
61275468
61481831
61723270
61930546
62208572
62333953
62509727
62776716
62981637
63223263
63386121
63588624
63828535
64032320
64269026
64524310
64754952
65027931
65294014
65502498
65714165
65950951
66141477
66374692
66576496
66711430
66887052
67019555
67256468
67457536
67727107
67893784
68097209
68331978
68534515
68701895
68910065
69109196
69279215
69480572
69612261
69783224
70059677
70271167
70476889
70690795
70847015
71094270
71370540
71597955
71841982
71985729
72253716
72424987
72659199
72892351
73075238
73295957
73536691
73773938
74008120
74195329
74432054
74628778
74795869
75032596
75213368
75453219
75677994
75888408
76120966
76347432
76572114
76807875
77036947
77273929
77487782
77707342
77849509
78093546
78327823
78507525
78732839
78966038
79212883
79341685
79587466
79866892
80058604
80206155
80442987
80652771
80847981
81010454
81223131
81386314
81527221
81664355
81900285
82130624
82336259
82500029
82682218
82844958
83077226
83281052
83490034
83698580
83864944
84129710
84335208
84606187
84775067
84978374
85178807
85414060
85585423
85784499
85961464
86186007
86358808
86558470
86794755
87029362
87201264
87474171
87676632
87914049
88114820
88349957
88471978
88683361
88876051
89079075
89314451
89484643
89725264
89975135
90208447
90411780
90649470
90786879
91844698
92499050
92734824
92939528
93142778
93375161
94184358
94423976
94865997
95094704
95267166
95432411
95673639
95919492
96079916
96320626
96485775
96690304
96904924
97098438
97331985
97580235
97738911
97916556
98173600
98344798
98545814
98764837
98967784
99165940
99367191
99502956
99700945
99905086
100239783
100450669
100585897
100755995
100962767
101158395
101363712
101501629
111811355
122414416
126049682
126164024
128522762
129363700
129456990
132641048
135881406
136207442
136484154
136709697
136889278
137141827
137279686
137348063
137452492
137561780
137683089
137751830
137864908
138035236
138187401
138368633
138524332
138638813
138799342
139010950
140186358
141379162
142086207
142624489
142863921
143387397
143539822
143695888
143925125
144040022
144127524
144297315
144396035
144514393
144707675
144834848
144946905
145118234
145340380
145441222
145568515
145716912
145843261
145911726
146091817
146279865
146394755
146554229
146664536
146914083
147102377
147337601
147546839
147694438
147762142
147878700
148031096
148145284
148315651
148468274
148597005
148704132
148889247
148972781
149073605
149190110
149343720
149458041
149625713
149749825
149866548
150031246
150201024
150366822
150539843
150877684
151027539
151095197
151162594
151289273
151431294
151551237
151700701
151815362
152119272
152277034
152387165
152543722
152656384
152812634
152914215
153028742
153196632
153350556
153465469
153587024
153699807
153869762
153992934
154059924
154126584
154243917
154360828
154428620
154496019
154564998
154675664
154832340
154934320
155081281
155201708
155271688
155383046
155551352
155709161
155777539
155845005
155912704
155982572
156092861
156265573
156382205
156497429
156618019
156685148
156751629
156819976
156887243
157013910
157204218
157370418
157540569
157694686
157796340
157910769
158082734
158248192
158415381
158584801
158711312
158853018
159011747
159120368
159242603
159311292
159423324
159593188
159747444
159861739
160083281
160305795
160454219
160568710
160722506
160790864
160905128
161059686
161174169
161296535
161367106
161476921
161650884
161800272
161868173
161983755
162137278
162204486
162306593
162418700
162574417
162680141
162778283
162903459
163055816
163165979
163321609
163422461
163522366
163625013
163729147
163824553
163929312
164029840
164130689
164242715
164401942
164498042
164566152
164686039
164835455
164903902
165022282
165139335
165252093
165412297
165522535
165678951
165893194
166046961
166147247
166400805
166565249
166722380
166902109
167072790
167206610
167362049
167472613
167629407
167911143
168034809
168214830
168371526
168482677
168652849
168782498
168888144
169044195
169114492
169225045
169380071
169452247
169560497
169733623
169884032
169953278
170067460
170220333
170335115
170459969
170570824
170741656
170872579
171029172
171134109
171230193
171331442
171447670
171600415
171715632
171868854
171983979
172167485
172427351
172588824
172746818
172845170
172960183
173116631
173261790
173419859
173529872
173700296
173854681
173969567
174187281
174339854
174465255
174562344
174630202
174745415
174899134
174965546
175033337
175135456
175248301
175403206
175535055
175718322
175885108
176009333
176077035
176146060
176258001
176425431
176662267
176818672
176930899
177098760
177220498
177288599
177400996
177568856
177691972
177759762
177828982
177957192
178094950
178164400
178230705
178331829
178445158
178600645
178715817
178873413
178983108
180005279
180096719
180165034
180231077
180299007
180364613
180434510
180547931
180701743
180815537
180971589
181083993
181252414
181420089
181590103
181757902
181893276
182043774
182195162
182381448
182484480
182552524
182667697
182820626
182933552
183090651
183158408
183390745
183527442
183595750
183729278
183879019
184001947
184112581
184235806
184304373
184418384
184572271
184686341
184852812
184975874
185049830
185158720
185312504
185385588
185491224
185664809
185821600
185929151
186100366
186266588
186396461
186501257
186670779
186826608
186937790
187096849
187196812
187297200
187405056
187509944
187633739
187702192
188702062
188922494
189110814
189258627
189446986
189584805
189697499
189853346
189921303
189988753
190117105
190308095
190435617
190563163
190698978
190772295
190878010
191047259
191216249
191383182
191569776
191972668
192096118
192165007
192236265
192358490
192500408
192573286
192696316
192835634
192907595
193028702
193171268
193244371
193345100
193440527
193541458
193641828
193752820
193941871
194080430
194194242
194353868
194459728
194589118
194713256
194864032
195050817
195155000
195223287
195333701
195501457
195626086
195698004
195803693
195974915
196163437
196295211
196432231
196501027
196567623
196678771
196836246
196942521
197042461
197151619
197306472
197379931
197485486
197656086
197822548
197973111
198114366
198182125
198309528
198450025
198597519
198753318
198820717
198889041
199001516
199167505
199295766
199418896
199567129
199694708
199762894
199830650
199896617
199971009
200089385
200232853
200304405
200426856
200581763
200762164
200951666
201106182
201219439
201376146
201487687
201671966
201813774
201881601
202226967
202463592
202635882
202799956
202972382
203137498
203294509
203394433
203466951
203574775
203743457
203910242
204035176
204147516
204316180
204484757
204657492
204808671
204875853
204991934
205115704
205246142
206043539
206384454
206502903
206626595
206697954
206818149
206962490
207037678
207141495
207309836
207466368
207579691
207746453
207838454
207986397
208163624
