0
16330
33295
52438
68073
84021
101242
118205
135273
152457
169355
186502
203764
223476
238081
254117
270966
287970
308161
325317
342828
359696
373286
392411
407735
424024
444346
462144
475821
492378
509019
526089
543295
564587
577761
593749
610704
627873
644764
661801
679057
695604
716992
742870
753417
764852
781373
798066
814911
831994
852279
869002
886721
904670
917660
933926
950779
967904
984994
1001724
1427670
1551571
1720072
1872121
1956761
2042558
2144425
2228701
2380616
2464968
2532731
2684879
2823997
2945582
3081265
3165600
3385485
3487701
3626929
3762754
3884088
4089718
4294579
4463997
4667753
4834853
4949505
5034534
5118838
5220058
5357319
5439777
5541335
5681310
5777898
5848039
5946920
6048602
6116393
6251890
6336122
6471106
6555597
6639757
6774750
6864008
6961581
7079932
7250235
7435562
7572102
7658947
7828105
7980170
8066790
8149056
8220398
8301549
8388934
8453449
8538901
8622913
8690442
8774705
8842152
8911397
8994114
9079858
9180878
9265173
9383750
9503020
9605885
9725226
9874690
9976085
10154483
10290164
10475043
10597199
10728722
10864654
10965740
11134753
11235787
11388229
11576391
12408015
12601763
12781066
13630267
13801139
13988251
14125328
14313460
14485712
14654088
14805328
14954503
15114019
15183180
15303600
15412506
15473220
15611267
15747194
15915740
16080142
16229636
16400028
16572456
16741600
16895461
17089891
17259015
17392603
17548353
17632348
17753823
17922803
18038896
18123587
18195048
18287253
18405424
18570525
18671014
18781394
18941960
19070264
19188761
19341512
19494813
19633993
19791408
19974817
20085518
20167571
20236099
20353362
20492380
20573402
20691842
20846927
20935677
21030980
21171693
21254292
21359246
21513345
21613847
21716119
21799312
21934456
22139019
22318024
22438947
22572034
22674569
22896439
23099072
23306480
23455302
23607042
23742367
23879139
24050932
24219849
24423452
24578198
24677783
24779167
24917286
25016884
25193171
25327875
25497080
25683145
25801232
25903154
26021591
26190722
26343704
26513331
26597874
26749679
26834006
26940378
27071288
27142949
27257138
27358843
27463781
27578451
27730662
27834776
27901929
27975487
28121677
28205809
28290858
28426402
28527690
28611798
28696226
28780565
28882047
28966807
29069132
29156089
29270846
29343257
29442809
29561016
29645725
29763479
29865281
29966621
30068005
30152960
30288309
30440359
30609369
30695142
30811815
30913556
30997846
31066124
31149840
31285270
31470758
31543828
31627044
31728525
31812987
31902536
32021116
32105844
32190778
32291546
32379503
32477694
32563153
32646822
32732419
32832636
32917387
33018685
33120621
33206363
33289789
33374267
33492789
33594708
33678610
33781128
33865858
33966994
34034854
34119197
34240675
34339221
34424525
34508461
34594686
34677396
34778998
34897334
35032294
35134363
35235466
35320610
35425020
35556434
35691850
35860342
35931354
36012762
36100098
36198296
36283808
36383948
36468629
36569636
36688327
36791951
36874347
36978019
37062752
37214829
37300861
37383851
37469632
37570173
37655322
37739833
37841220
37925331
38026714
38111211
38212861
38300663
38381183
38470863
38550339
38638820
38736062
38809063
38888410
38975925
39074263
39160068
39259922
39435279
39520040
39587828
39722554
39807460
39874697
39959000
40043717
40128019
40212397
40296781
40398355
40502245
40600746
40675573
40790231
40859424
40926467
41015144
41128757
41203677
41269452
41360688
41457136
41575013
41659154
41743968
41828244
41946839
42034894
42149729
42234118
42319057
42504514
42605931
42690742
42812650
42884750
42998315
43083543
43184336
43268734
43353258
43437663
43526323
43695596
43780413
43949413
44070427
44168684
44254734
44337673
44440233
44541246
44659715
44749040
44862545
44932021
45014453
45101461
45255647
45354082
45451586
45552154
45654222
45755816
45879811
45981175
46118754
46217951
46304013
46386450
46539224
46628575
46742277
46894863
46985154
47072049
47158446
47258685
47328458
47417148
47504576
47604801
47689532
47811828
47929689
48031049
48132409
48223149
48308331
48392176
48494374
48630739
48765806
48868160
48952891
49054176
49138572
49225107
49296363
49381787
49515909
49617166
49735300
49840606
49942216
50026675
50145168
50263874
50348558
50433161
50518502
50653343
50739460
50855897
50940843
51024624
51159670
51278025
51362754
51463926
51570546
51650039
51740459
51854001
51989332
52091996
52175456
52260946
52344688
52446548
52530727
52716158
52885241
53023440
53094194
53192532
53278800
53362385
53447715
53531120
53649803
53734365
53870526
53971935
54039728
54192703
54314353
54452897
54568017
54652487
54753929
54838117
54922916
55074899
55159581
55260921
55380290
55468207
55583134
55674641
55758666
55843755
55928214
56113502
56215088
56282972
56367503
56470094
56570785
56658656
56842404
56943783
57028856
57165940
57337320
57434581
57520652
57603458
57690638
57808441
57902385
58004268
58106170
58173407
58343370
58444524
58531105
58615821
58750347
58853544
59042141
59175156
59361712
59518053
59635125
59688121
59754431
59864493
59963129
60115475
60217413
60284682
60419781
60556195
60708082
60878072
60979424
61115913
61236037
61353004
61471447
61590531
61675757
61792755
61862477
61947999
62015020
62150292
62286272
62353643
62420665
62488709
62610722
62743662
62897558
62964864
63031897
63101311
63168122
63303998
63472331
63557752
63679343
63780599
63952096
64059261
64197225
64298524
64471375
64607133
64776504
64929400
65081558
65237811
65389311
65542608
65612466
65781034
65950683
66069452
66173938
66362851
66545987
66731969
66835012
67041067
67208917
67341189
67527204
67716363
67815658
67916438
68019698
68171768
68343750
68513925
68665933
68868173
69054433
69172500
69309624
69444645
69576417
69764954
69863106
69964631
70102631
70289948
70442904
70611243
70794129
70928323
71080303
71232520
71350696
71435240
71553266
71722026
71794016
71893307
71979014
72079491
72180879
72267456
72368613
72453831
72572211
72657608
72724654
72826791
72982660
73098578
73202411
73352903
73426347
73511725
73578575
73665491
73764243
73866028
73950706
74038535
74156966
74241223
74326437
74411243
74495859
74666791
74858689
74958009
75047946
75192588
75328758
75516788
75651364
75735691
75873940
76042544
76126904
76216968
76333799
76436368
76587394
76742432
76943691
77147703
77267141
77351395
77540483
77675173
77762353
77844829
77949242
78073572
78225940
78412401
78498281
78635785
78788724
78870921
79005983
79107499
79192643
79278205
79432087
79586084
79686988
79855397
79991201
80160555
80329863
80431305
80582968
80720808
80805701
80958144
81071317
81240475
81392971
81562202
81646615
81748483
81918598
82098541
82221374
82320629
82455693
82607296
82759887
82899321
83067173
83200075
83352362
83475387
83644482
83830371
83932718
84052441
84208024
84376598
84494713
84698265
84868014
84986429
85155555
85278209
85412901
85529638
85688798
85841481
86047326
86229900
