0
18061
35800
50227
67612
85116
104089
117891
134997
151566
168600
185748
202472
219186
237585
253907
274533
287465
304560
321343
339026
355435
372242
389384
406700
423369
443388
457315
474471
490738
508067
526173
541813
558791
575523
593858
611852
626427
643213
660936
678384
695172
712041
728635
745743
763189
781650
796572
812885
829849
846878
864365
880731
897497
915728
932236
951390
965240
982724
999671
1016690
1526784
1715116
1920811
2091453
2296629
2463404
2604109
2794086
2947833
3104307
3272096
3442634
3628902
3798005
4007424
4161121
4328476
4485199
4570486
4723996
4893142
5064999
5250649
5453657
5742159
5912589
6070721
6240329
6422928
6579117
6769310
6891622
6976655
7163189
7315868
7486831
7657244
7863874
8064648
8327937
8554344
8760620
8929356
9117003
9298405
9470132
9659329
9853893
10021826
10262678
10521475
10719236
10937849
11178033
11333277
11511085
11723644
11837338
12000955
12156057
12362898
12575883
12728742
12897479
13092326
13246058
13454163
13655338
13864495
14034535
14219613
14406776
14611493
14813954
14986938
15209392
15402917
15601923
15787145
15961095
16134709
16272974
16479403
16648308
16868944
17041080
17241129
17435635
17649836
17825806
18025137
18163477
18315954
18505822
18673383
18776877
18945570
19081896
19250393
19389250
19554931
19691141
19867877
19987840
20091500
20161720
20310910
20463348
20573125
20666192
20802023
20952872
21127883
21268410
21369030
21542429
21677668
21863911
22025810
22228849
22431630
22584098
22720010
22907378
23059062
23219968
23382677
23502035
23645265
23744460
23903521
24079177
24271519
24426829
24596949
24765204
24971196
25145393
25365462
25588108
25796006
26018450
26244476
26402822
26639528
26875635
27032441
27238481
27425424
27661424
27842504
28069407
28220408
28447955
28619354
28807823
28976184
29185166
29371026
29529292
29727250
29965489
30168663
30358230
30534427
30703617
30882264
31039481
31210864
31386876
31543014
31716658
31909277
32095364
32238867
32426706
32637140
32857834
33034687
33239155
33443166
33649425
33819601
33973647
34196923
34397262
34601343
34769396
34972040
35225596
35388523
35605471
35808447
35994159
36214957
36383613
36607277
36796875
37038366
37227010
37399870
37635999
37910639
38120204
38339998
38523714
38661714
38849966
39056533
39235911
39442041
39600016
39772598
39997357
40236193
40355728
40598374
40756720
40962720
41168261
41349945
41544417
41749242
41989304
42206034
42401379
42535181
42694532
42917772
43103407
43312454
43498878
43685991
43869557
44040135
44193541
44380059
44602328
44851500
45018868
45233160
45403164
45617272
45837641
46050446
46220186
46391876
46589064
46795721
47018420
47203899
47416173
47635534
47773750
47984552
48157319
48394649
48607326
48777084
48946700
49156948
49311151
49527315
49752724
49939871
50131277
50302395
50529318
50735017
50952650
51140628
51312222
51506405
51698112
51893374
52127633
52297405
52470920
52640529
52795157
52985985
53147458
53303384
53445617
53611304
53820831
53974648
54145707
54332569
54554470
54903650
55142905
55351354
55518849
55697514
55890788
56042898
56228927
56386716
56534928
56669313
56787963
56965593
57121353
57284589
57409125
57584976
57731716
57836223
58005992
58153636
58274230
58477377
58685915
58752163
58922921
59028628
59199512
59386674
59573151
59708594
59859770
59985188
60131486
60265919
60444386
60578828
60728490
60902272
61062584
61186753
61371570
61540835
61692932
61830340
61949565
62085479
62277652
62467826
62616696
62735197
62804629
62924257
63097820
63363480
63557004
63751044
63954259
64149136
64377493
64578474
64802479
65013820
65188856
65399629
65590644
65840391
66035071
66253036
66479271
66730245
66916273
67125253
67296933
67490050
67677400
67847931
68091770
68312504
68496641
68704733
68949484
69122303
69341806
69516465
69745855
69933239
70154235
70397241
70593280
70811993
71015345
71239042
71460487
71718229
71878079
72081943
72284756
72497828
72725285
72911560
73065617
73237625
73457398
73647119
73889083
74145802
74383766
74524195
74698744
74890162
75059012
75250821
75398232
75596651
75802677
75988827
76218173
76456279
76696462
76882966
77035922
77246801
77456586
77668625
77922353
78116665
78287086
78509017
78714693
78890576
79100415
79273489
79433041
79619007
79771653
79991436
80217646
80473584
80727641
80963456
81221892
81373426
81544959
81696246
81907925
82106502
82348417
82605299
82808432
83026243
83215284
83420798
83680016
83883550
84070091
84258229
84494681
84717458
84888615
85083058
85321970
85576866
85802490
86029504
86233435
86487923
86730939
86918612
87115794
87321611
87550536
87723939
87933330
88068922
88287812
88474412
88695614
88896238
89137460
89361672
89517449
89725405
89950395
90248200
90492416
90649593
90769208
90924848
91142154
91370443
91610472
91851038
92096197
92276360
92456523
92628296
92766794
92972561
93199643
93422060
93679779
93909403
94119209
94335851
94521085
94727305
94875758
95087382
95328388
95495277
95739955
95970425
96157600
96402942
96625289
96862740
97124981
97380008
97628720
97828445
98047388
98278070
98503449
98721228
98998898
99247443
99457167
99634639
99817927
100057006
100249689
100437158
100649566
100823344
101059068
101288930
101491757
101678207
101880687
102051007
102273563
102407713
102579442
102720754
102859192
102997715
103183978
103372366
103574866
103728508
103899272
104076180
104274107
104426520
104616642
104749390
104889386
105076833
105214704
105316900
105487079
105621677
105742335
105948870
106069004
106270135
106414211
106629517
106719782
106851363
106975752
107129776
107316315
107486749
107629321
107863214
108068491
108295865
108510588
108684912
108938303
109174886
109395692
109632284
109854544
110040624
110261358
110499782
110723675
110945370
111133708
111319453
111543682
111844655
112091706
112232805
112434530
112712372
112893280
113074753
113265551
113440553
113677668
113883269
114072100
114267255
114495794
114711270
114882969
115113022
115284378
115482452
115672587
115897791
116155617
116411397
116582314
116789668
117038665
117265624
117518597
117706048
117985865
118222825
118467346
118696684
118935214
119175950
119361201
119586564
119812818
119993206
120262456
120485154
120636345
120817049
120936294
121092752
121241931
121464402
121651335
121795467
122019846
122240717
122484363
122709696
122937058
123174331
123428553
123637290
123873563
124153469
124411854
124639061
124809199
125035523
125209763
125377236
125537844
125722259
125917835
126221518
126490716
126692328
126914698
127084957
127286468
127541972
127764590
127968246
128183867
128389468
128575195
128829205
128994816
129233756
129423383
129612109
129834967
130089010
130304756
130509487
130752296
130976028
131195401
131428129
131597237
131841796
132079319
132253337
132438728
132639920
132866188
133045068
133264478
133489099
133691400
133874962
134088288
134348574
134539128
134750469
134941927
135112370
135368239
135615385
135844529
136090988
136242894
136415244
136641038
136803375
137040287
137227682
137471130
137673717
137913973
138117853
138342365
138543363
138765141
138983854
139223902
139424200
139631936
139804026
140009536
140228041
140499871
140727317
140876915
141024596
141261612
141487924
141673421
141845374
142036398
142268095
142477238
142667097
142936941
143092562
143247867
143460843
143650663
143883349
144095473
144297644
144536818
144726745
144964113
145137443
145345488
145673730
145943340
146225579
146518828
146823562
147155015
147356027
147530355
147723296
147950295
148154468
148386935
148598174
148758593
148935360
149159350
149365894
149572899
149811975
150001549
150262989
150456704
150660233
150904228
151143995
151361683
151619789
151858857
152047357
152237346
152475917
152643964
152886036
153129297
153316623
153569272
153774524
153969422
154138877
154309739
154541590
154752203
154986510
155217937
155370507
155561964
155795341
156051299
156330262
156556873
156759536
156911273
157123131
157287799
157494515
157697594
157901010
158054683
158280543
158454830
158607176
158849420
159062071
159247694
159470745
159664759
159840868
160056069
160246293
160480396
160699478
160916034
161066749
161308990
161543748
161734781
161934772
162171965
162393779
162626638
162854054
163069983
163257355
163496668
163733793
163988272
164145675
164370017
164605945
164825867
165044734
165254999
165436642
165660572
165865558
166094818
166319568
166561770
166772116
166976500
167160787
167370760
167519921
167743907
167965925
168170590
168343413
168546069
168776073
169013136
169209317
169394188
169595781
169814126
170001960
170206156
170431846
170655078
170870991
171067632
171292132
171522590
171728749
171901230
172150313
172313703
172534121
172776704
172962676
173136751
173282079
173468575
173697114
173934044
174163736
174436109
174632715
174807556
175011440
175249326
175510526
175762216
175964619
176135417
176373666
176576972
176822115
177060048
177284466
177453757
177683425
177905470
178093274
178264284
178447488
178684379
178890820
179100760
179349820
179570929
179788923
180004573
180209208
180450820
180653949
180896568
181102034
181341242
181564859
181802576
181996336
182234477
182458426
182662140
182883123
183143014
183295735
183553869
183786231
184045377
184251194
184499600
184705925
184895719
185152117
185383434
185572853
185705827
185928270
186118464
186300402
186495780
186756097
186954170
187144806
187297151
187484417
187694128
187934413
188106369
188312218
188557140
188805901
189003445
189207972
189418522
189651951
189842454
190069316
190291252
190513577
190752611
190928082
191152370
191353513
191572934
191728525
191956948
192196362
192427629
192597776
192836834
193025459
193278433
193515902
193709557
193938413
194162773
194361319
194574258
194759452
194960246
195198015
195418539
195659863
195828960
196024731
196218733
196459193
196732750
196902587
197132555
197315478
197555969
197745772
197994288
198231172
198418739
198659489
198897400
199104706
199344213
199598498
199828912
200013976
200201378
200438935
200685934
200950073
201141068
201337291
201565300
201780525
201965448
202167397
202406122
202609594
202866140
203117061
203376882
203613825
203841871
204069770
204269488
204447917
204652646
204856489
205027845
205218397
205407811
205615435
205789767
205963415
206154557
206355945
206561010
206765620
206990895
207175070
207380110
207622487
207854852
208072597
208294701
208481176
208633059
208863975
209069712
209312310
209541488
209724364
209931926
210154187
210324946
210493388
210670418
210891092
211128565
211364939
211604052
211756472
211929172
212168746
212376287
212558499
212769516
212979035
213231419
213469364
213685052
213901014
214123132
214337143
214523907
214749267
214967233
215221524
215438978
215675842
215911430
216163950
216405207
216641683
216798453
216988059
217196911
217367738
217633573
217830322
218060293
218284605
218490911
218667030
218873084
219111242
219301719
219445358
219649276
219879078
220086265
220297613
220479171
220702844
220906248
221075403
221212789
221457669
221667683
221850904
222116972
222359893
222498109
222705393
222865181
223034157
223290132
223479340
223686629
223890749
224102400
224336123
224597275
224767805
225022553
225228439
225435133
225613322
225850403
226109535
226366577
226588533
226809365
226979447
227152602
227361350
227583802
227806277
228050272
228235889
228433926
228602786
228807069
229041252
229269693
229438648
229657406
229807961
230030424
230233395
230421413
230643348
230767922
230974832
231199562
231393298
231587208
231834407
232040578
232279361
232484065
232691108
232843985
233030460
233272333
233490992
233697284
233929967
234116734
234356789
234578415
234752639
234989758
235177631
235397704
235660888
235851863
236075410
236245569
236478172
236649838
236880946
237094605
237279670
237502913
237706827
237944877
238152824
238369605
238515589
238790546
239008619
239162134
239322117
239508049
239705072
239928999
240165393
240355272
240547015
240698498
240936373
241123837
241313988
241501462
241722396
241929443
242054418
242291327
242500594
242748806
242989390
243196816
243387657
243647097
243864753
244038334
244212452
244460097
244695709
244848752
245109231
245325463
245551750
245796866
246020262
246189468
246380712
246560050
246804204
247048086
247247753
247486151
247653842
247883838
248104694
248296298
248470237
248667736
248905475
249101626
249327973
249585308
249772732
249959708
250231344
250454490
250697641
250870301
251108807
251286327
251487779
251761331
251983471
252221553
252426985
252643242
252872184
253006269
253197841
253418468
253644995
253831443
254052677
254314632
254534019
254741441
254991957
255246902
255433991
255693803
255896871
256069363
256227535
256431629
256664922
256885200
257055939
257275282
257552430
257764938
258016712
258183941
258422986
258615072
258846885
259004090
259200742
259428877
259687784
259872913
260077336
260245727
260437074
260552595
260760289
260930268
261155270
261379595
261589005
261806839
261980959
262185497
262396386
262630642
262860192
263059860
263251566
263467637
263637393
263846073
264022528
264265517
264527814
264711622
264890131
265122770
265349016
265553411
265777077
265966058
266157169
266371724
266596342
266816233
266980603
267207307
267429834
267633425
267843113
268049981
268297744
268518831
268725578
268932135
269166329
269377938
269597533
269833408
270047194
270250732
270505771
270693498
270898945
271107845
271277113
271504893
271682665
271859933
272049329
272224749
272465083
272654722
272841493
273088631
273330113
273531177
273698038
273888043
274091150
274332069
274523710
274774852
274975829
275180505
275392872
275611177
275832430
276051824
276227764
276420443
276592131
276768404
276936793
277057265
277282199
277482807
277677993
277893293
278082131
278263285
278415205
278634450
278845774
279015240
279234934
279439093
279643723
279900157
280122233
280277456
280515075
280731453
280927928
281134729
281376586
281561561
281785735
282026739
282186710
282398061
282606134
282815259
283008914
283169205
283348311
283537366
283636611
283771148
283923191
284112334
284320621
284488271
284608718
284744370
284932947
285054652
285224427
285398386
