0
16277
33095
50040
66996
84045
104665
118873
134694
151712
168709
185633
202766
219699
236843
253949
274181
288811
304810
321806
338782
355830
372799
390129
407196
423829
446342
459309
474456
491182
508315
525220
542402
559319
576120
593662
615993
629139
644043
660799
677746
694812
711852
728858
745639
763231
785831
798743
813813
830454
847501
864501
881703
898318
915269
932593
956439
968374
983366
1000130
1422780
1526592
1770288
1958893
2130669
2265302
2367088
2489154
2692017
2793085
2895778
2980614
3131799
3318553
3508696
3606963
3692277
3847807
4016196
4232839
4385115
4555038
4774613
4979333
5081623
5166839
5342000
5446974
5554548
5700598
5818393
5905865
6038440
6173457
6275967
6376935
6478033
6600757
6701518
6787132
6870778
7006457
7175497
7262238
7480376
7632778
7734671
7869616
7976682
8164351
8271646
8384572
8494424
8595388
8799202
9001104
9103131
9238397
9357491
9498265
9616673
9823178
9923177
10041980
10249137
10469327
10641470
10795810
10917910
11120308
11289360
11441562
11644443
11796595
11898304
12050518
12252706
12388331
12506377
12660046
12783797
12872666
13087976
13210773
13341560
13477170
13578222
13679659
13781177
13865805
14055804
14271412
14474563
14577189
14731445
14880987
15033117
15219082
15336870
15424799
15542925
15679566
15780173
15967179
16135701
16220693
16339362
16508921
16596342
16746065
16863832
17067142
17253423
17409742
17489791
17643786
17844956
18030595
18216930
18319131
18538778
18708438
18859690
19012819
19207865
19427448
19597039
19765697
19901629
20010616
20162000
20300114
20465598
20651862
20837333
20973451
21142013
21277505
21447419
21603843
21752572
21855602
21990576
22108001
22212216
22380271
22549608
22751567
22920460
23073167
23191200
23342859
23519952
23681915
23851677
24022077
24189211
24378284
24528951
24714960
24900986
25021017
25139464
25292057
25444512
25599172
25768286
25953001
26139007
26324831
26445166
26662688
26831777
27035096
27220489
27406633
27593442
27798739
27981955
28167353
28370295
28557958
28760505
28962717
29183321
29402910
29554295
29757713
29910287
30096249
30283924
30492502
30695961
30899567
31104367
31241195
31445190
31783779
31935751
32104894
32273562
32493212
32717474
32831753
33034934
33203745
33423338
33643461
33812788
34005833
34224566
34428001
34647960
34851100
35054982
35206823
35410374
35631625
35834286
36003616
36191100
36311155
36530100
36619326
36823317
37042947
37262401
37363785
37566812
37736739
37949571
38158332
38374813
38570503
38783004
38969139
39159315
39260956
39447020
39651888
39804788
39940055
40159608
40346694
40565697
40751726
40957218
41178942
41382342
41570376
41686358
41838435
42059912
42194465
42384371
42603207
42758910
42891919
43079350
43268233
43418416
43587398
43808027
43958986
44096252
44216154
44434889
44637272
44807237
44994444
45180521
45401830
45604521
45759270
45931923
46099744
46323311
46511394
46681028
46888718
47009921
47209692
47413343
47616672
47838901
48013726
48198412
48417367
48621362
48841123
48977047
49162583
49297622
49501323
49704260
49826133
49965232
50175445
50362849
50547975
50742980
50929226
51133255
51334424
51554737
51706616
51843017
52028068
52163475
52324159
52492443
52681299
52884849
53053523
53174089
53360883
53514126
53698875
53905416
54091136
54311887
54516952
54702369
54904325
55107750
55282961
55486101
55638414
55832288
56000697
56205502
56408094
56593060
56796985
56999991
57169588
57388975
57588374
57761178
57961182
58164035
58335926
58522039
58641237
58861050
59014202
59184404
59319268
59490163
59683766
59853456
60038648
60260761
60379068
60501019
60701234
60904302
61107959
61310708
61498670
61668389
61885609
62073233
62275896
62480080
62699351
62902917
63005878
63139628
63359720
63613673
63832706
64056125
64256815
64477568
64695789
64780544
64967185
65170862
65392779
65565223
65694533
65901135
66037088
66158215
66346487
66503901
66724509
66826539
67046328
67198958
67401919
67623673
67758239
67877888
67963747
68184710
68378094
68599949
68827493
68986734
69191908
69393483
69596663
69816725
70005024
70210267
70428141
70614395
70801741
71021979
71124092
71326400
71508130
71602448
71704209
71926356
72133152
72301698
72488393
72691566
72894846
73098403
73302726
73458871
73575086
73727065
73935795
74155057
74359544
74494238
74649479
74849876
75018069
75204266
75409963
75578137
75767549
75974339
76109780
76313472
76499541
76671209
76893643
77095770
77284712
77386147
77591573
77793609
78016118
78185656
78319959
78542598
78758739
78979124
79199558
79385165
79522548
79709484
79919846
80106890
80277326
80453251
80633619
80840190
81044710
81233382
81437231
81649448
81868983
82033561
82239502
82426097
82595240
82748098
82934855
83127698
83318095
83523675
83725849
83880769
84014745
84166978
84389630
84606506
84810165
85012833
85237433
85420198
85590058
85745272
85896256
86030838
86234477
86335906
86505280
86708488
86878839
87067025
87257687
87392727
87580000
87732662
87918487
88124501
88260545
88447328
88618031
88805011
89022313
89225971
89412691
89549057
89720846
89874211
89997795
90190088
90417719
90621124
90789581
91010575
91165774
91315673
91502520
91710211
91909019
92096141
92265367
92405360
92622536
92758708
92979960
93165649
93336489
93522692
93729409
93948940
94151884
94354714
94525652
94712948
94894103
95063527
95183164
95385244
95588529
95690653
95859955
96062336
96282663
96472056
96588354
96742777
96949545
97135892
97324352
97441452
97672452
97815720
97933582
98091374
98226561
98445976
98632055
98821410
99007020
99226809
99412631
99632916
99836106
100039467
100192191
100386581
100591219
100811238
100997468
101150322
101336529
101557965
101763505
101948373
102168099
102367002
102538220
102729273
102931700
103137393
103323187
103540978
103649491
103823470
103992907
104176405
104361655
104481538
104701022
104840245
104972856
105178245
105310642
105517682
105719219
105846174
105964936
106131754
106300720
106461620
106679815
106849630
106950503
107136531
107340507
107509305
107695111
107883273
108018505
108171606
108358317
108475952
108612041
108814360
109001886
109188666
109391592
109562212
109749063
109935197
110125138
110305947
110509900
110695225
110868607
111006623
111212533
111408492
111563708
111766975
111987918
112189823
112325518
112551772
112704918
112911280
113103703
113208459
113392268
113579025
113782235
113968466
114120437
114255687
114463297
114580059
114800775
115022556
115225939
115427815
115582667
115718835
115871957
116041152
116243365
116381288
116602931
116803244
116990949
117143011
117345889
117451028
117687202
117824801
117994291
118131717
118320136
118523426
118725876
118879451
119065440
119184085
119369962
119538827
119675338
119884394
120090430
120303699
120472994
120695058
120898658
121102297
121289576
121501504
121688000
121857378
122064110
122231907
122364704
122551224
122720849
122911851
123111561
123314575
123517860
123737715
123907002
124062842
124249289
124467014
124670603
124877823
125083522
125287194
125490811
125711068
125879798
125983970
126133707
126337869
126493343
126643687
126834018
126984961
127121030
127294332
127498542
127687037
127856796
128074878
128211480
128413446
128599390
128810587
129004966
129124499
129309511
129479698
129666140
129869956
130075194
130292372
130444878
130583353
130800233
131014817
131218001
131425879
131614226
131765282
131866308
132068742
132238909
132442280
132587987
132774927
132981962
133130380
133271490
133457486
133626302
133813567
133983704
134134650
134320279
134489534
134709771
134878670
135084403
135271485
135456435
135642204
135831072
135998405
136168022
136353976
136574992
136766703
136986616
137108016
137262973
137463952
137683600
137853690
138056991
138277258
138481147
138700112
138886814
139021471
139124006
139345931
139548430
139743512
139931069
140120904
140335702
140522116
140741680
140943638
141096724
141299812
141468422
141569582
141773866
141927587
142113324
142320969
142405726
142590957
142778171
142931383
143032599
143194888
143293835
143463569
143683329
143892343
144113718
144299668
144487152
144710819
144888514
144973231
145193162
145380657
145589701
145772372
145928886
146112333
146289023
146430607
146654425
146890604
146992210
147179641
147382305
147584289
147754867
147839567
148059525
148254965
148441138
148644858
148797381
149003542
149237451
149426691
149611964
149781377
149984920
150190511
150391992
150579121
150749243
150952918
151172420
151392215
151613010
151832335
152019063
152188860
152324256
152475714
152647170
152850390
153052871
153273607
153424998
153584737
153800419
154020419
154209206
154412840
154547991
154734402
154886601
155073006
155264017
155481754
155621879
155790419
155991647
156178628
156392412
156613005
156799046
157000822
157239044
157408252
157544207
157730618
157916729
158087692
158255648
158425447
158632615
158820922
159006105
159203358
159384681
159520942
159740754
159927118
160130794
160266763
160454003
160656654
160860040
160995765
161182902
161403807
161622511
161842248
162045897
162232657
162418352
162570386
162708361
162916540
163136810
163339644
163542257
163645137
163814832
164034996
164153059
164326819
164462951
164652729
164811795
164981702
165099447
165287819
165461493
165666754
165885351
166054886
166173711
166376045
166562585
166765559
166969209
167153812
167341162
167513178
167699464
167918315
168140645
168309995
168497236
168683924
168907725
169107587
169276999
169457674
169644927
169830986
170000193
170105367
170304824
170443550
170593405
170830289
170998889
171168648
171388819
171576251
171797942
171966938
172183800
172353683
172576133
172797192
172948392
173084004
173235884
173422197
173574494
173796173
174000960
174219576
174406895
174580018
174765262
174967309
175157614
175353418
175547506
175745431
175964831
176117538
176302868
176524393
176694482
176935717
177111360
177279747
177413665
177565134
177751952
177904136
178040581
178262541
178415433
178639242
178822281
179059601
179232515
179436658
179622853
179759544
179932846
180102109
180296940
180569074
180738636
180924517
181108863
181311410
181497682
181683678
181871250
182041236
182246504
182433019
182659058
182777177
182963966
183169173
183356065
183564490
183751133
183919870
184108934
184309069
184530689
184755591
184907267
185129797
185346783
185550233
185753242
185939635
186145366
186328761
186497528
186700883
186852760
187023513
187209651
187418960
187621912
187845497
188048792
188236441
188404870
188557610
188743403
188949498
189119476
189306063
189493093
189682499
189890337
190107571
190264251
190450568
190602381
190788228
190975308
191149480
191268652
191470366
191656271
191841812
192027686
192230695
192437783
192636954
192856910
192991861
193177323
193363046
193515378
193599551
193803943
193972322
194101917
194254220
194461615
194684709
194887161
195072567
195225208
195428971
195598901
195801487
196007987
196191298
196394140
196597539
196799839
196986395
197173478
197313093
197501534
197721494
197933935
198143855
198315340
198467570
198688342
198882597
198949848
199156086
199308661
199460597
199614173
199799250
199936745
200070669
200253045
200408969
200578343
200781863
200976307
201099913
201269068
201439446
201613641
201781688
201919177
202056313
202230261
202432812
202619603
202805961
202963016
203094886
203281012
203432292
203618759
203788795
203978042
204172748
204357884
204527633
204734853
204949998
205122434
205309766
205514007
205716880
205886354
206074120
206248386
206417664
206621243
206822724
207042952
207245426
207462500
207677540
207880610
208083659
208235579
208422300
208636348
208841532
209043920
209179640
209333896
209482874
209686884
209888582
210075498
210244594
210447558
210616365
210785170
210971069
211140779
211309387
211513194
211664746
211875875
212005912
212212435
212361501
212551507
212767510
212919456
213088933
213291146
213460000
213598963
213772401
213948258
214102010
214260287
214442534
214627644
214728862
214935727
215050835
215236381
215407616
215628665
215846928
216049360
216218503
216439271
216607715
216725532
216946130
217136144
217304700
217419314
217588692
217775550
217948696
218172412
218356765
218564407
218766813
218938569
219159031
219350267
219565233
219759025
219864475
220033369
220251638
220419856
220588940
220805929
220991645
221212504
221363760
221570883
221701752
221843220
221983067
222135052
222287399
222506954
222659286
222855057
223009764
223215152
223400833
223603853
223792818
223873965
224060102
224212022
224398374
224609465
224819520
225016652
225155420
225286671
225455734
225668006
225855395
226040378
226243745
226463581
226617645
226742504
226944732
227130686
227300441
227485838
227672171
227881989
228014525
228223131
228461816
228655362
228824430
229010304
229179571
229382300
229500787
229703405
229905950
230007047
230176241
230329588
230566442
230787604
230988925
231191419
231394411
231546103
231767863
231987305
232163780
232333330
232518819
232738192
232936838
233088778
233309635
233516977
233700551
233839224
234038576
234224006
234661539
234875060
235029822
235248039
235419958
235599005
235785431
235954278
236123847
236302196
236464336
236621579
236785715
236904281
237057317
237138992
237292001
237428661
237513928
237632343
237816495
237921078
238057350
238207872
238319046
238477416
238600916
238726605
238906743
239074996
239232910
239412077
239591883
239771905
239940207
240098351
240264981
240401795
240506467
240693095
240865447
241044900
241205402
241289051
241463104
241600996
241736900
241848848
242001777
242155842
242266822
242418926
242597774
242786582
242992590
243178959
243392110
243615222
243771928
243990951
244093360
244266009
244433885
244654016
244810221
244993475
245163752
245400907
245571584
245759577
245980318
246188858
246390213
246575884
246745522
246899545
247000533
247136689
247361018
247490141
247642783
247846351
248057061
248142267
248310972
248479921
248700741
248926414
249142517
249363584
249607989
249807640
249976977
250153420
250307580
250544735
250766185
250986821
251188663
251340490
251493745
251593967
251819372
251969501
252161154
252328467
252526691
252680332
252763346
252983600
253186848
253389468
253493703
253666145
253885266
254104838
254274313
254409213
254595030
254701927
254871730
255070168
255255934
255425774
255612771
255798402
255984516
256120377
256326811
256462593
256631720
256834635
256990605
257177210
257379729
257514627
257734985
257835537
258055379
258251841
258441386
258627937
258813007
258951583
259121703
259320108
259522605
259725440
259877638
260046473
260249059
260472799
260688646
260874496
261076688
261212203
261414985
261635415
261786794
261922138
262091979
262277592
262481241
262670721
262869408
263061208
263246524
263449172
263618134
263822374
264029314
264212569
264381053
264574021
264743144
264964485
265083302
265286083
265488494
265691721
265877845
266081765
266284479
266486963
266673482
266893241
267129783
267349108
267484308
267690550
267876516
268099584
268333237
268523035
268679763
268866774
269052588
269170878
269339972
269509576
269733530
269883791
269987721
270189209
270391431
270527100
270616603
270825870
271009835
271163469
271336396
271549300
271770040
271954959
272157951
272349320
272568918
272771396
272991710
273202976
273408011
273585714
273771853
273958235
274161314
274364710
274556068
274776403
274930017
275131049
275319540
275538904
275663744
275835644
275970757
276142170
276345572
276531423
276720037
276930079
277083499
277235905
277405144
277591477
277743481
277863840
278008935
278195993
278398729
278606731
278815155
279023126
279222978
279409717
279595753
279765394
279913883
280116019
280258727
280460676
280589726
280763986
280939753
281112054
281280133
281395288
281565505
281756104
281960440
282112728
282281664
282454035
282620404
282796472
282958450
283127542
283290836
283459386
283645986
283738658
283909961
284097758
284256829
284407951
284601716
284824820
284999772
285107838
285287951
285457314
285589075
285719452
285925989
286062619
286179232
286349893
286520178
286690155
286880278
287049521
287238623
287423819
287542025
287694055
287904823
288040524
288222467
288425657
288650289
288748514
288901989
289054820
289224186
289393099
289546301
289751805
289965301
290191260
290388959
290608086
290767577
290938997
291091288
291228393
291446497
291649236
291808539
292018702
292170631
292391238
292564992
292784756
292987266
293208088
293433391
293649027
293818444
294025839
294211213
294413939
294583151
294754408
294975102
295094792
295280444
295475544
295680524
295886762
296080339
296304293
296474694
296627287
296760996
296947370
297102598
297311680
297460868
297666850
297852791
298008667
298195685
298347472
298534433
298655008
298806826
299009727
299128464
299266989
299422341
299639409
299824676
300027567
300230740
300437753
300636956
300841075
300993233
301128690
301314196
301540192
301731677
301951771
302140171
302323235
302509392
302678572
302884058
303070332
303272326
303409285
303601295
303789600
303992986
304181701
304353658
304526749
304709507
304930836
305123702
305325662
305530093
305698425
305886993
306071600
306273809
306478412
306671350
306863029
307067946
307186500
307406673
307543194
307746779
307951984
308139770
308346513
308553947
308739920
308909274
309131432
309337325
309563823
309750124
309910201
310108274
310260823
310414201
310583386
310822959
311037082
311239768
311459398
311631385
311834914
312004233
312139763
312330123
312544449
312775088
313008228
313194938
313363263
313549080
313754262
313942057
314130515
314263914
314486149
314697877
314837118
315041083
315227494
315429792
315615969
315784846
315971164
316123826
316226117
316428520
316515878
316666432
316801380
316936330
317054902
317229923
317417481
317587821
317773602
317976318
318163282
318386097
318604735
318792557
318996492
319147904
319358682
319564005
319752983
319969623
320145821
320353836
320525773
320664054
320865899
321068728
321205398
321341814
321511009
321675002
321860952
322037385
322190075
322392830
322596099
322766481
322884734
323087606
323308193
323459087
323629558
323831701
323934340
324119396
324306364
324459086
324679453
324899712
325119298
325342232
325579248
325791623
325992035
326201425
326370558
326574446
326733058
326883975
327018914
327223130
327426989
327627854
327815165
328035282
328236977
328441601
328644325
328848000
329051140
329237478
329357701
329582805
329787474
330000878
330184186
330387237
330573925
330732950
330902093
331106349
331325923
331477306
331684013
331889621
332072432
332232331
332443815
332646380
332833077
333036023
333240467
333475392
333678232
333865840
333984002
334153774
334329885
334508505
334677928
334864073
334954070
335123070
335327870
335546244
335766399
335874234
336060119
336247617
336416006
336585053
336754936
336975840
337183009
337384869
337605464
337808125
337993833
338197889
338402998
338606129
338815282
338984041
339187592
339373666
339562094
339747800
339950228
340087627
340275675
340492913
340683632
340886787
341056446
341175040
341377173
341583990
341771546
341977768
342110126
342329014
342515745
342719841
342922619
343110009
343331483
343531245
343735253
343921874
344124561
344260017
344428848
344518979
344733684
344938281
345141313
345366150
345538214
345707145
345837362
346025047
346219173
346360457
346565422
346727281
346929967
347116495
347200536
347303059
347522648
347726145
347895135
348064299
348199914
348317221
348472397
348623427
348816511
349019622
349255974
349424890
349612316
349781909
349969657
350140037
350338783
350559437
350745514
350879953
351099338
351287169
351492571
351590726
351711899
351914109
352117225
352343116
352491308
352695157
352898786
353102064
353287552
353473335
353661715
353846979
354035387
354235521
354439520
354590957
354744492
354887905
355093279
355296350
355485160
355682420
355902172
356077164
356265301
356434566
356585281
356787078
357006835
357176360
357379063
357557575
357743490
357929767
358030886
358252047
358426864
358613234
358800487
358934988
359090363
359293850
359479445
359648515
359837121
360039374
360190095
360394046
360478873
360596810
360748953
360918964
361121586
361242066
361373012
361522802
361726609
361946068
362151105
362337353
362560902
362675857
362880082
363098892
363309125
363446308
363632738
363800980
363904045
364106833
364277115
364446254
364667359
364878173
365080804
365269210
365489370
365692445
365844960
366049139
366252318
366370531
366540852
366742876
366965881
367186298
367390247
367604708
367775083
367960846
368170274
368374457
368582616
368802613
369022186
369175470
369327065
369495993
369716396
369885552
370037383
370241691
370451404
370675889
370844723
371033310
371235697
371395360
371581196
371700301
371914135
372047592
372254175
372406515
372543293
372729335
372864467
372967482
373191803
373390490
373593805
373745972
373881767
373985147
374124199
374328101
374552884
374751582
374925725
375111590
375339458
375578246
375796142
375998733
376202959
376426322
376642684
376819050
376940535
377161930
377285638
377488264
377694216
377830754
378063594
378278112
378447135
378669763
378786577
378973554
379180092
379313192
379448867
379567148
379689255
379841207
380011381
380212909
380368775
380585444
380789191
380991105
381199339
381388295
381588924
381775282
381961092
382151134
382286287
382472756
382659890
382862623
383066170
383234237
383403287
383557145
383677290
383813320
383952454
384051367
384154090
384275901
384487176
384707274
384825768
384927518
385131001
385231288
385320888
385491800
385622886
385808939
386012084
386214227
386400014
386603336
386806591
387012609
387181552
387382191
387551169
387737980
387924448
388110154
388313537
388499789
388706228
388838357
389045248
389279970
389416693
389601637
389791420
389909896
390065292
390265747
390467851
390670639
390874450
391081893
391214822
391421868
391637368
391807648
392010444
392213680
392400339
392605092
392738879
392957807
393150193
393318843
393522613
393660161
393862069
394081267
394285557
394473404
394691512
394816504
395000886
395106322
395293404
395444653
395647920
395850775
396036649
396223034
396391888
396544500
396756241
396942107
397114158
397285234
397379788
397478642
397653652
397847477
398053163
398240965
398458348
398645189
398737855
398929152
399084293
399255479
399443391
399576208
399712356
399847878
400034589
400256865
400425233
400633220
400800066
401017324
401219932
401441694
401610225
401815929
402033524
402224641
402404147
402589884
402814003
403024233
403198590
403387462
403541729
403710813
403861061
404049347
404220807
404427893
404580354
404735442
404935724
405121698
405245073
405452990
405676305
405901843
406002144
406222812
406426346
406629293
406749704
406936551
407137199
407337583
407523767
407743936
407948043
408135175
408335819
408522654
408744092
408862738
409014570
409218385
409338772
409573376
409775834
409877948
410081245
410251026
410453031
410673268
410842977
411012027
411213174
411396085
411599083
411785146
412005848
412209293
412399655
412530257
412735871
412936290
413102869
413326757
413549070
413736555
413954510
414141880
414360992
414530615
414733470
414939512
415110958
415298679
415432665
415584709
415752025
415976311
416130180
416350650
416536426
416689597
416874542
417044553
417264101
417382477
417528449
417738838
417959769
418170553
418357932
418509542
418716544
418884990
419054621
419243648
419345519
419464998
419603642
419823095
420005904
420225987
420377273
420531080
420705073
420908092
421095163
421280981
421449851
421602070
421759694
421928771
422099729
422299229
422399034
422568382
422740915
422944196
423147462
423316294
423502886
423705298
423874615
423975931
424180119
424369361
424537332
424754866
424957636
425110988
425313096
425482976
425685325
425895468
426081664
426301245
426471005
426658912
426879135
427048689
427199913
427318850
427521281
427724865
427931358
428110403
428283323
428469239
428639338
428737672
428957927
429177818
429329934
429550618
429769838
429938661
430091533
430320466
430522588
430743509
430964102
431065715
431246486
431415385
431584515
431788311
431957156
432160525
432348031
432518101
432722930
432940343
433160850
433312043
433464598
433673015
433826148
434011263
434207992
434429957
434599035
434816635
435003122
435155029
435350627
435555150
435741441
435946493
436115006
436285185
436486550
436689431
436892720
437095528
437300055
437492451
437694207
437863817
438067192
438253857
438372925
438576838
438712365
438915303
439068159
439270882
439456921
439660712
439811733
440002161
440209266
440392501
440563498
440766526
440986385
441210179
441395141
441616783
441734598
441973118
442158977
442361647
442565108
442718091
442887175
443091316
443309739
443512430
443716232
443938186
444126648
444309727
444480037
444636483
444733569
444953309
445124587
445343495
445465463
445684067
445870791
446073747
446286204
446456137
446642878
446848133
447064347
447267220
447453224
447666954
447853263
448023314
448224246
448410711
448631245
448851104
449037396
449240174
449477320
449665220
449834306
449952492
450138643
450273975
450400218
450555929
450776164
450996755
451132003
451335243
451554268
451711251
451849421
452003854
452172984
452346578
452499131
452684711
452887777
453089968
453293731
453513276
453682824
453902602
454039655
454226354
454412176
454580710
454766604
454952761
455088640
455175762
455324718
455476700
455685126
455918337
456138165
456323779
456530684
456732352
456936288
457101596
457223770
457408038
457592457
457778357
457914616
458084121
458202687
458338705
458547455
458753100
458937694
459156882
459328269
459434073
459633121
459804175
460007234
460192919
460347170
460503226
460702191
460870747
461072887
461243870
461418312
461573044
461727498
461914268
462049667
462188441
462360103
462495778
462648546
462831223
463008925
463179603
463362052
463551520
463703731
463911176
464080698
464242596
464380614
464446356
464516503
464584050
464734670
464903916
465082427
465263510
465430412
465581409
465783237
465969938
466138192
466307983
466510835
466713470
466918450
467105249
467298493
467481293
467652412
467852331
468040296
468266836
468490351
468679662
468777678
468912647
469118637
469338589
469507208
469686366
469866119
470070847
470175323
470344258
470496234
470665382
470873118
470991225
471195028
471396722
471498125
471700497
471886632
472075045
472264606
472463483
472650137
472853117
473056683
473259828
473428667
473617612
473715963
473936232
474140440
474310504
474510957
474730425
474950013
475123767
475309669
475461719
475670453
475846743
476030336
476214713
476400749
476591592
476783212
476968809
477121261
477292804
477446452
477589188
477791784
477960608
478185129
478370051
478556134
478776488
478996411
479216071
479401961
479554326
479722838
479918343
480069940
480223622
480357261
480560337
480763662
480881493
481085105
481237286
481390179
481524951
481730312
481915798
482101751
482287532
482457687
482677031
482816465
483033692
483135825
483340459
483557574
483778458
484001742
484218553
484403839
484573103
484760805
484946214
485115286
485334492
485557168
485711703
485810633
486030546
486249389
486452525
486638344
486847841
487069913
487286828
487438661
487628789
487774396
487958807
488178666
488331207
488534447
488635667
488839846
488975243
489178746
489381670
489499749
489702805
489871444
490060138
490177470
490380009
490548662
490735311
490904156
491039091
491225070
491414000
491616837
491825433
492046183
492232504
492383952
492522671
492620013
492792590
492977966
493164064
493370188
493554290
493722525
493924377
494066237
494258318
494465184
494570390
494759323
494960449
495149799
495269373
495423681
495607247
495791497
495977736
496146721
496365986
496502434
496982721
497225218
497381458
497568605
497771329
497940653
498110274
498244572
498449604
498557661
498720592
498889038
499042599
499212806
499385005
499555538
499688881
499860678
500028971
500094052
500197632
500301113
500459714
500643491
500784345
500883228
501050086
501218876
501371547
501483100
501659832
501812429
502000987
502138606
502298024
502479704
502654361
502817161
502978874
503153086
503308612
503458738
503627209
503816159
503985425
504154461
504323375
504475174
504644522
504771209
504925904
505093696
505259679
505479693
505666680
505819313
506018556
506221871
506392613
506593553
506796337
507018738
507225759
507425742
507634054
507741054
507931123
508064736
508268233
508439061
508641096
508826686
509029250
509181756
509300370
509441045
509638315
509841256
510012197
510117784
510285464
510470598
510687197
510908074
511064781
511216982
511422305
511646825
511862463
512081827
512284959
512471580
512622989
512829607
512960570
513082028
513267682
513470052
513656552
513757599
513960678
514150194
514302287
514488156
514695456
514893550
515062184
515201393
515315345
515467732
515687640
515856807
516029650
516257400
516478589
516647026
516768177
516983056
517188946
517408437
517526410
517747902
517983544
518154622
518375636
518548305
518730288
518881782
519054518
519273652
519495258
519649390
519884004
520086304
