0
30168
63560
100026
130782
164082
203978
232438
264729
300414
332684
367510
399636
432337
466287
500121
540377
569086
600424
636258
667553
700914
734386
768625
802422
836069
876384
903737
935744
970532
1004134
1173119
1349045
1516929
1718078
1858669
2093821
2293862
2460833
2663853
2832383
3065413
3301568
3503220
3671023
3840772
3975993
4175670
4380196
4551575
4719356
4926041
5120698
5291123
5489028
5699510
5863089
6062703
6197372
6363266
6567534
6737025
6872367
7071068
7278931
7443649
7579634
7848611
8091884
8296757
8528326
8764622
8968682
9201562
9399884
9604605
9778321
10017369
10185806
10423544
10629652
10890192
11096125
11362294
11534353
11767175
11971880
12168295
12345712
12538110
12705647
12918766
13118916
13220856
13389481
13524996
13700076
13892485
14096308
14299764
14464373
14666552
14866478
15038104
15204691
15408587
15652887
15887378
16120479
16327249
16496984
16666209
16901816
17134470
17302098
17504192
17641836
17874297
18011768
18176800
18380204
18511859
18715731
18916577
19051349
19254495
19451146
19689397
19892060
20099868
20295883
20499359
20701999
20902106
21139516
21341826
21580920
21785862
22015909
22182520
22422909
22687837
22899376
23103216
23306404
23476465
23672860
23874611
24084814
24282363
24453573
24668757
24904902
25114798
25314894
25523675
25655123
25793235
25960527
26125703
26294992
26562695
26762806
26998304
27205497
27437025
27641991
27840675
28076521
28309984
28481512
28680666
28818025
29084726
29223571
29387472
29597502
29835489
30069967
30271863
30510460
30674257
30876665
31112189
31346468
31549079
31784266
32017708
32186084
32386900
32554343
32755725
32956995
33094029
33263537
33394774
33601383
33763577
33964366
34167895
34368648
34538354
34775098
35006732
35212247
35413550
35645474
35848516
36050381
36252398
36418953
36591784
36754663
36962373
37125470
37363647
37601950
37836319
38038225
38207115
38338362
38542362
38706194
38915056
39112243
39315019
39519379
39722503
39928074
40158009
40397615
40635045
40834367
41014827
41210157
41378448
41515149
41686684
41882387
42050294
42253526
42488315
42623099
42792303
42992990
43199201
43432341
43667936
43835733
44041579
44236338
44437115
44674070
44875237
45075151
45280086
45478252
45648178
45815421
45989572
46152767
46355492
46522787
46763288
46999238
47200789
47404066
47604507
47838391
48038938
48275139
48479707
48610893
48815375
49019043
49185364
49450095
49618245
49819389
49958409
50162191
50365187
50531195
50700737
50902507
51114006
51312088
51479924
51651991
51822775
52023694
52226672
52431973
52598454
52804561
53034694
53270806
53476594
53707486
53940434
54114214
54344534
54544905
54715231
54950053
55119822
55329458
55560780
55761656
55962310
56131127
56332129
56533768
56736866
56956436
57152084
57420615
57632020
57863098
58058584
58260595
58432411
58634692
58764086
58932071
59134536
59334836
59469390
59673434
59880672
60072982
60277470
60478664
60715536
60920877
61084899
61256045
61455671
61623643
61791345
61998840
62196661
62397072
62601204
62801084
63013851
63242323
63406589
63683975
63877860
64111215
64256297
64480433
64686314
64929714
65121443
65321223
65487674
65698230
65892951
66126147
66331450
66572053
66772222
66946199
67142838
67346587
67550459
67683342
67853088
68066324
68256925
68457370
68661832
68895978
69074958
69273089
69506699
69709506
69913212
70113837
70325087
70517176
70718066
70919800
71096319
71257499
71462885
71696289
71830709
72002930
72166403
72370630
72602203
72808464
72980937
73179559
73351496
73516545
73722256
73923206
74092832
74225604
74365552
74598267
74764128
74968614
75180230
75351156
75586149
75830204
76069614
76233392
76469023
76704632
76907055
77082895
77280570
77518757
77717800
77916257
78092502
78288511
78490615
78658671
78866574
79063748
79267000
79467681
79665913
79873410
80037317
80270716
80475139
80674008
80881534
81044201
81219995
81413001
81612583
81850898
82017174
82251437
82520885
82727047
82923754
83057802
83260545
83470722
83630345
83807160
84033501
84243025
84437244
84637781
84841023
84973502
85149011
85377070
85545872
85679080
85882172
86116744
86318248
86553327
86687377
86857055
87057428
87264190
87460615
87695782
87896883
88103482
88278700
88473511
88711529
88912519
89150218
89383130
89626371
89820302
90024036
90262814
90465051
90698663
90900270
91103053
91271981
91507482
91711442
91910771
92112259
92319084
92516756
92750896
92922719
93086826
93329752
93593669
93758628
93971225
94170167
94348393
94510157
94709126
94945485
95149569
95381290
95597800
95791345
95991699
96196175
96366840
96565183
96703228
96941306
97135130
97376333
97538972
97740759
97913326
98142914
98385096
98549180
98751537
98961230
99223105
99394602
107142187
107411059
107646702
107846916
108014541
108250366
108468194
108834567
109103586
109842843
110079290
110283566
110486562
110618389
110789575
110995735
111206797
111362383
111539616
111764156
111966498
112176581
112441177
112696643
112918028
113108028
113249402
113341595
113542995
113746372
113882802
114046577
114256411
114457973
114691934
114935719
115162414
115340658
115542634
115778376
115955997
116180520
116350525
116584062
116756589
116967253
117161115
117362496
117563329
117764957
117989940
118207833
118375372
118614579
118752179
118880499
119080611
119323054
119554640
119719267
119861645
120097358
120273320
120445060
120655511
120892974
121092509
121294562
121526965
121729418
121970372
122202665
122401179
122637483
122906141
123106244
123347222
123590221
123860618
124068469
124333844
124598628
124833346
125105688
125309933
125574388
125815696
126029875
126196556
126366083
126668501
126969386
127235765
127537778
127739862
128016480
128283151
128552431
128793648
129028830
129262999
129470188
129634367
129900142
130104219
130374184
130606971
130812356
131008661
131176396
131380094
131648601
131898308
132100305
132302455
132534564
132774804
133010796
133280295
133450913
133683018
133858733
134085256
134352876
134556095
134755453
134957105
135159675
135328760
135566386
135805600
136004705
136239366
136476752
136712065
136981370
137245696
137447222
137651236
137853515
138054120
138290376
138525539
138726425
138960376
139129597
139362546
139570008
139800451
140035269
140240387
140506576
140775459
141016845
141185749
141419161
141630030
141831210
142065679
142311727
142511362
142745544
142979437
143217446
143483217
143718524
143964360
144156166
144389788
144630935
144829681
145061724
145267018
145465692
145701391
145972742
146169412
146370467
146648350
146843770
147113027
147320325
147516667
147786256
148055201
148326194
148524472
148726758
148930060
149127884
149334308
149531945
149732549
149970364
150171100
150413612
150650602
150852385
151050897
151254747
151422601
151556417
151758205
151961396
152161330
152365865
152597679
152799590
153002347
153134225
153338902
153539462
153747325
153914356
154081841
154284106
154422626
154659744
154859781
155028217
155265022
155464548
155666543
155836608
156002814
156203076
156408995
156607820
156807543
157009808
157178354
157384044
157614124
157850950
158050282
158220911
158433576
158628743
158829762
159063222
159266724
159468196
159667962
159869992
160039172
160237945
160409155
160575543
160785863
160978550
161144065
161353573
161590197
161798551
161962757
162162755
162365119
162600665
162835207
163035545
163204067
163408078
163640858
163840961
164076665
164277691
164484219
164646780
164824729
165050134
165285568
165495385
165722084
165924018
166094054
166293659
166462492
166661239
166897664
167064358
167236718
167443739
167638838
167811899
167943895
168180737
168377564
168578728
168781046
168981928
169190220
169417131
169623358
169787042
169987430
170225302
170395956
170565771
170764520
170934193
171168876
171304587
171504387
171704333
171841096
172039700
172217650
172443703
172613476
172822799
173022585
173235267
173400105
173574068
173769850
174015061
174171696
174351038
174541433
174775697
174978054
175213790
175447556
175692639
175886124
176121423
176323994
176491543
176699382
176906106
177139546
177340700
177546162
177780054
177981337
178149265
178352990
178553582
178754567
178964503
179156161
179359527
179560548
179734533
179971615
180128733
180303877
180499342
180737960
180934958
181135245
181310893
181505081
181746255
181981362
182177670
182378724
182550151
182720887
182920572
183155972
183329608
183457317
183666648
183862004
184068587
184238205
184447748
184710074
184943642
185143959
185316693
185581521
185788518
186023968
186252675
186459140
186695255
186827534
187095521
187332613
187563499
187764877
187967631
188236479
188436933
188672097
188839574
189009297
189175379
189345322
189511333
189718925
189912975
190116075
190351418
190585384
190853037
191022147
191290472
191457474
191658574
191898240
192132814
192333705
192467922
192669361
192938269
193178990
193346507
193614658
193858274
194053354
194284603
194486394
194725408
194956795
195164876
195365510
195566205
195775730
195971152
196217225
196473655
196709070
196943789
197178061
197414199
197647898
197893150
198127019
198423071
198622332
198824830
199060257
199261409
199467690
199706158
199942212
200110961
200316330
200552761
200789066
201022987
201268100
201459547
201630166
201898707
202135060
202368136
202610349
202808138
203007990
203244310
203445338
203712717
203881067
204083482
204315601
204550968
204788201
205020743
205222734
205459215
205691672
205894440
206128576
206364460
206598749
206835611
207101113
207335818
207572755
207738890
207979677
208214867
208444005
208679408
208814755
209050019
209251322
209452606
209720602
209957181
210161064
210391265
210595299
210796693
211002584
211198812
211466170
211676067
211908829
212105549
212344929
227064641
