0
17603
35529
51801
68842
87199
102353
119393
137891
157149
171104
186622
203370
221739
237615
255868
271516
289879
305707
325606
339697
358069
375109
391579
407385
425775
441539
459584
475586
496983
509919
526779
543785
561945
577501
596259
610728
628450
646123
665228
680587
698095
713367
730028
746392
766153
780875
799430
801111
815594
833993
849477
865843
884335
899529
917857
935240
951335
968897
985233
1006267
1177838
1361442
1516843
1736699
1959835
2129128
2334078
2473460
2679731
2853129
2995890
3206203
3416538
3571898
3691515
3880943
4086153
4239354
4450492
4638721
4828049
5049174
5251912
5463603
5687367
5830468
5963602
6161030
6349950
6501217
6641560
6780861
6916026
7068922
7157432
7334712
7454731
7661135
7849259
8058337
8283156
8384836
8554932
8761178
8940368
9071075
9260680
9463279
9653618
9839769
10026841
10196089
10333555
10524915
10663794
10844426
11002159
11190152
11292627
11480974
11651809
11855822
12045844
12201059
12389365
12541178
12762341
12916244
13138601
13360293
13547294
13752756
13906691
14114698
14270297
14422294
14566418
14761070
14877273
15046836
15256513
15472734
15657982
15791739
15989328
16170788
16374866
16576205
16799376
16953200
17074139
17193055
17366837
17590542
17693481
17882550
18052181
18261179
18482887
18703253
18915294
19033402
19203577
19340598
19485235
19608460
19823935
19996004
20149741
20342226
20492671
20613060
20765709
20921977
21134704
21333589
21557848
21744378
21951672
22123092
22260558
22398945
22535313
22702493
22914077
23098309
23251995
23458265
23611337
23834161
24041314
24210644
24401974
24592634
24755488
24891281
25024839
25198604
25407333
25558996
25765256
25953247
26143027
26356087
26507746
26649021
26818408
26989033
27181030
27368584
27470110
27671225
27792662
28031360
28290828
28552485
28782584
29007676
29229612
29475810
29652788
29803211
29973885
30211516
30363693
30516972
30719141
30857305
31074265
31265247
31397182
31601179
31801611
31948267
32174817
32344867
32500227
32704284
32804712
33011820
33148657
33353742
33488925
33700672
33870433
34047977
34295168
34528064
34704296
34904027
35076689
35246578
35407369
35611674
35799687
35952558
36123871
36337210
36559466
36727046
36866676
37099202
37290398
37492633
37697009
37866776
37976554
38144577
38365663
38504274
38676840
38843398
39063068
39256526
39476992
39611824
39782884
40008172
40162030
40336987
40538536
40761365
40952152
41157970
41405952
41624775
41776453
41934181
42050605
42238153
42476698
42618785
42787482
42920310
43025945
43215691
43382847
43590946
43726497
43886735
44072443
44225284
44378865
44549162
44753141
44958377
45130818
45288285
45456061
45625423
45761517
45931187
46138286
46359763
46583997
46756716
46998315
47223093
47427044
47586667
47865388
48054695
48282912
48486293
48630750
48874306
49026220
49237250
49436419
49640840
49769200
49889910
50061826
50221817
50373425
50544579
50702589
50887047
51111964
51342718
51531407
51725145
51915737
52048790
52256108
52391096
52642692
52816181
53059302
53293701
53545682
53755237
53965603
54138871
54383993
54592203
54811042
54965435
55102469
55323305
55476739
55682651
55784213
55972417
56218718
56397156
56595494
56768467
56971151
57177535
57348634
57449690
57685825
57871746
58101820
58290829
58526779
58746242
58935501
59130693
59367952
59531393
59764828
59921861
60042919
60253118
60408060
60651160
60802182
60990008
61180143
61369067
61507322
61683003
61929652
62120868
62292367
62449428
62641664
62825989
63034800
63248786
63486384
63692315
63878749
64019841
64241591
64384263
64572036
64746486
64967156
65122784
65257630
65382598
65615006
65821386
66060468
66264888
66485838
66705300
66894165
67028407
67257991
67432236
67602024
67863927
68066766
68238290
68429932
68648138
68821854
68977996
69134653
69372772
69612982
69797199
69972782
70176350
70337064
70557787
70798465
70984686
71190536
71363221
71550078
71772268
72008664
72250780
72489980
72659119
72832797
73047240
73237414
73459357
73684316
73925951
74111356
74352616
74490947
74728484
74902236
75054335
75258749
75388608
75609433
75832829
76089076
76190749
76360167
76570401
76687033
76789525
77034646
77206919
77414014
77638398
77753529
77925965
78155607
78423514
78630412
78903754
79164648
79417751
79557043
79696202
79916699
80126169
80322500
80534457
80739874
80925023
81104790
81343216
81609706
81812444
82055041
82222411
82460462
82634606
82768426
82967843
83137709
83374289
83589579
83709355
83933709
84156360
84310445
84521957
84724464
84981278
85168617
85375412
85517085
85689442
85891220
86068148
86261642
86480001
86736923
86909533
87105547
87258538
87501093
87707560
87901282
88054178
88247314
88363727
88517007
88709707
88897613
89102823
89233972
89406346
89527807
89702232
89889494
90128697
90235879
90459206
90659418
90818102
90972438
91135753
91359205
91553768
91688551
91859164
91965141
92152318
92324769
92443917
92628033
92798879
93007960
93144154
93314074
93553584
93740292
93927282
94148342
94271943
94494976
94615292
94802240
95052422
95245891
95418278
95603309
95842598
95959348
96165995
96301536
96469922
96673386
96897023
97086799
97311531
97480775
97701521
97942082
98095545
98301515
98498083
98722813
98879985
99108985
99299978
99487032
99625279
99831803
100036349
100250084
100431129
100570352
100806210
101036639
101223822
101383831
101504489
101689618
101882246
102020730
102208437
102467543
102708409
102914035
103103809
103292895
103467256
103697463
103934637
104105682
104326521
104556522
104736917
104955925
105196252
105426678
105576533
105781162
105937445
106172940
106328179
106538919
106797460
106932359
107066825
107308854
107441499
107594085
107749662
107888981
108094903
108315911
108555780
108795715
108932199
109159646
109294571
109449370
109653347
109877189
110083231
110316497
110527396
110747098
110969027
111214412
111456912
111675632
111857089
112009113
112148999
112354605
112563099
112716372
112889235
113124913
113329383
113549490
113785333
113904382
114043587
114218299
114437861
114607408
114823013
115048631
115219211
115406932
115526039
115680057
115899157
116136238
116384077
116517559
116620103
116826394
117053520
117270720
117456732
117728972
118007612
118270135
118511790
118702471
118874494
119168746
119363716
119539068
119776464
120032350
120316629
120518091
120741020
121014777
121220503
121469901
121740282
122000001
122237726
122396879
122566662
122688167
122877770
123027758
123144934
123386559
123610112
123747471
123918133
124088580
124229816
124428951
124635964
124814482
125005905
125175306
125365925
125576215
125804320
126051849
126192915
126399672
126585310
126806863
127049015
127272951
127479511
127651197
127807866
128028913
128156078
128343264
128496248
128649271
128871870
129007568
129149250
129352376
129524086
129760859
129918378
130127320
130297069
130529838
130638450
130847870
130939870
131126836
131308381
131549129
131755631
131932018
132153618
132300554
132506602
132734514
132869334
133078893
133232245
133471031
133673405
133853354
134028872
134199879
134400986
134649911
134841347
135042792
135162153
135390250
135645017
135838196
136026230
136200355
136351997
136527403
136661595
136885495
137058578
137251052
137433771
137610273
137749590
137987169
138156320
138383661
138568713
138753320
138888153
139060484
139229258
139420440
139626954
139763884
140003811
140174466
140412260
140584178
140788679
140995731
141218060
141423405
141584566
141770866
141975511
142144906
142368506
142562819
142714009
142868140
142980198
143207980
143451552
143621340
143775604
143998212
144155976
144329561
144461541
144650510
144813453
145000631
145154836
145371414
145574597
145754444
145994010
146112630
146324774
146532229
146683953
146853991
147109746
147300261
147492849
147715646
147921562
148091896
148288169
148493761
148649964
148859303
149050340
149225121
149460300
149618242
149824891
150028477
150186009
150391827
150588872
150705120
150928454
151100104
151340747
151464075
151668518
151825283
151994478
152201773
152386769
152592405
152710925
152848204
152966796
153084791
153275944
153519545
153701416
153803532
154038976
154260233
154399310
154570270
154702325
154870633
155079159
155278319
155465284
155636464
155857438
156085180
156294592
156469420
156689821
156831730
157048870
157201236
157303070
157565183
157782904
158008266
158260774
158412602
158666991
158857997
159027403
159183149
159358216
159523813
159693182
159800070
160022110
160160408
160313559
160507735
160629987
160786171
160985996
161208748
161363633
161484698
161602920
161811380
161959664
162170479
162345361
162537007
162693136
162876436
163029375
163187651
163356891
163506123
163678052
163813711
164001618
164171339
164341286
164443147
164669861
164874425
165008561
165214633
165369065
165483905
165691047
165867032
166070312
166240178
166433584
166520522
166725772
166894556
167016763
167200599
167278353
167412550
167583498
167756796
167916881
168093773
168236502
168400276
168562291
168730545
168856596
169073620
169261229
169430507
169517708
169652410
169841007
169979466
170118389
170288129
170491894
170666404
170800754
170974447
171180652
171296697
171452347
171588684
171762790
171921049
172111774
172320110
172521616
172706856
172877121
173084882
173203226
173424975
173634679
173770450
173986442
174210349
174355608
174573321
174788434
175011236
175150185
175338143
175565167
175765071
175886637
176022971
176251616
176466138
176608530
176824957
176930903
177136010
177295395
177496053
177736130
177962499
178147326
178366563
178539639
178738496
178840160
179079089
179248581
179440787
179610826
179745233
179884225
180068689
180205322
180427175
180632758
180806350
180942192
181166620
181392810
181591264
181831627
181983500
182137097
182288314
182512952
182712839
182869243
183072606
183285459
183487043
183759258
183982787
184121827
184316094
184517482
184673829
184841643
185044901
185260438
185449217
185605467
185792852
185995303
186238456
186429534
186565508
186754484
186887973
187077305
187304337
187548813
187650806
187792585
187974422
188178567
188348906
188535790
188628355
188826995
189048995
189167426
189388588
189575129
189794071
189982488
190218301
190441652
190679426
190814175
191058816
191275825
191478268
191633112
191756955
191968086
192191660
192326737
192478927
192634261
192794316
192942707
193067126
193236493
193423496
193581413
193787530
194001819
194134317
194342953
194526758
194730606
194950351
195053184
195209669
195439021
195661723
195803293
196028058
196216141
196421476
196581262
196729827
196902571
197157998
197396061
197531242
197740898
197857659
198046384
198225583
198430179
198669657
198871915
199028029
199197792
199403255
199590201
199812567
200004812
200209317
200444654
200617155
200767354
200990086
201216643
201430798
201557219
201756158
201959843
202131888
203429155
203692901
203869767
204956642
205153675
205317340
205521876
205751787
205960089
206153200
206256696
206344794
206464942
206653051
206773192
206948513
207102695
207228702
207362236
207495966
207684733
207821028
207976802
208160491
208360084
208500469
208606858
208723287
208819782
208981033
209141894
209300061
209490166
209678779
209846837
210040646
210216612
210357085
210454990
210626134
210798730
210974039
211125876
211242428
211317775
211511901
211679123
211785259
211913152
212026444
212201829
212338101
212486968
212636886
212770258
212961745
213114613
213287339
213505733
213743381
213878111
214048273
214208213
214432094
214619264
214773653
214955998
215145791
215372252
215598555
215787811
215923585
216092877
216213166
216349819
216486719
216677579
216812352
217001910
217226554
217458848
217614795
217741723
217940392
218096076
218333194
218568506
218720637
218928047
219081146
219311081
219445563
219682817
219808853
219959638
220132888
220384889
220609078
220833922
221004679
221118436
221304562
221438212
221627058
221814639
222024384
222155832
222308851
222463422
222634742
222821744
222989984
223180958
223351119
223527086
223715063
223883315
224093191
224211918
224437360
224657007
224897061
225086642
225283548
225458105
225561340
225802567
226010317
226255248
226476353
226683034
226890375
227047766
227179132
227336398
227558331
227776382
228029398
228182181
228319889
228532102
228735042
228988845
229164455
229400851
229539839
229727112
229845275
230016098
230231030
230419222
230623537
230775113
231020449
231195457
231343365
231536732
231772078
231925811
232114029
232267110
232490050
232692185
232918607
233143496
233314404
233501416
233726162
233938483
234108908
234281072
234450680
234633991
234844675
235066967
235205387
235402919
235560397
235749764
235904332
236108369
236352291
236574292
236748637
236935227
237072196
237291047
237444147
237647375
237787819
237911518
238082551
238286344
238509086
238669439
238895601
239080179
239217704
239370393
239590821
239797259
239970981
240206560
240313098
240443725
240654802
240889857
241123467
241350518
241500668
241654997
241808295
242015670
242208378
242460901
242622105
242810614
243004752
243123526
243285608
243474600
243683685
243886108
244041844
244262863
244451081
244672082
244826743
244961745
245188744
245328850
245537124
245656958
245893539
246097676
246216451
246335810
246570099
246743723
246861110
247092528
247282311
247513609
247718499
247895760
248105565
248292459
248394170
248546551
248684408
248870244
249080865
249306127
249559816
249726765
249933086
250071932
250212272
250330307
250535883
250756754
250963707
251135060
251239493
251327408
251516658
251616675
251735744
251890300
251972020
252182829
252304642
252412095
252598970
252788898
252911194
253010674
253183125
253387586
253512123
253715505
253839936
254007964
254171354
254280916
254375151
254496596
254686562
254828920
255021070
255143154
255336940
255504513
255695225
255867166
256037262
256191374
256386067
256467512
256665291
256872509
256959561
257153422
257307336
257503914
257675629
257794529
258032039
258254480
258469783
258601113
258790303
258898343
259100380
259303960
259405388
259650870
259823971
259978408
260206531
260430156
260646417
260857352
261033262
261224123
261341187
261564083
261785366
261971810
262177605
262366232
262589998
262818508
263075740
263210704
263363597
263585840
263792295
263986529
264120501
264344282
264460241
264598017
264734283
264956018
265112520
265334175
265528622
265643562
265796870
265985246
266171550
266325747
266529958
266753160
266982807
267199183
267372673
267524241
267678045
267853844
268028312
268254979
268409116
268648944
268867073
269025104
269212332
269445067
269687505
269841049
270015984
270170090
270310493
270531098
270719521
270861067
271101067
271355810
271525852
271745432
271989136
272194801
272406513
272579486
272831785
273048263
273203762
273358216
273545840
273719897
273981233
274095697
274270277
274422705
274643211
274839843
275075727
275258536
275427294
275631174
275856356
276008822
276158722
276384191
276554802
276726499
276844029
277000695
277226609
277431678
277669544
277896611
278099014
278321667
278543578
278785035
279021902
279244304
279436072
279605663
279861820
280086665
280255497
280504511
280678126
280795183
281017204
281172221
281332066
281519495
281696029
281948829
282183699
282355225
282577842
282831242
283019420
283207071
283362120
283533090
283718197
283924690
284060824
284229943
284399891
284568836
284789315
284996137
285185789
285323077
285523635
285644224
285866689
286022550
286127967
286281516
286458212
286660367
286897595
287098212
287289793
287411347
287565413
287743270
287896529
288067387
288254928
288393861
288548507
288715894
288956534
289093854
289245029
289433524
289658599
289893440
290030848
290162582
290333914
290523897
290663744
290815863
291002836
291243761
291418349
291589526
291771729
291891263
292009385
292187017
292406875
292648649
292802622
293028329
293277870
293514646
293719936
293943827
294097059
294219417
294440947
294633431
294851658
294953811
295208479
295380368
295480905
295680772
295941008
296122461
296342044
296607658
296852988
297111258
297327728
297475084
297695786
297884944
298122119
298350547
298516732
298670116
298864547
299031422
299183874
299428380
299639794
299860585
300050956
300273682
300512832
300754891
300923938
301160867
301280760
301503387
301707136
301913639
302098455
302324117
302528058
302738996
302876775
303028793
303235184
303454975
303699126
303925097
304110986
304263470
304450640
304589052
304710378
304881949
305001856
305211769
305365621
305523010
305640341
305846394
306083523
306239857
306391575
306528523
306686261
306860894
307084054
307273881
307500633
307652860
307896126
308101340
308299742
308501606
308733442
308956413
309147614
309356232
309590707
309750026
309902024
310127961
310228536
310431009
310600831
310773975
311010029
311162369
311368746
311536811
311743327
311930352
312124934
312292571
312427136
312665116
312802615
312991279
313212767
313404050
313591626
313761442
313951395
314168981
314408819
314526739
314754908
314980147
315167450
315373485
315594092
315808570
316014227
316202762
316322012
316477423
316718157
316938619
317109069
317280568
317448507
317604811
317813681
317980823
318170427
318372474
318574278
318782495
319022315
319163290
319348456
319567959
319738357
319942830
320131395
320389893
320602064
320790790
321013718
321221968
321495343
321632470
321735683
321930278
322079280
322249586
322409873
322543861
322788544
323027273
323217178
323344915
323481021
323692039
323860894
323995356
324204959
324354204
324578526
324734981
324853742
325097299
325320504
325540519
325692008
325916658
326034799
326241719
326410500
326602211
326819224
327040607
327158352
327329446
327519304
327709591
327847527
328071963
328247850
328476971
328648785
328842347
329060390
329281724
329419101
329638574
329867395
330068910
330289621
330495458
330647950
330822508
331048728
331177547
331382620
331552006
331776223
331948193
332122776
332306433
332479551
332599374
332770359
332907308
333083933
333238043
333398927
333614539
333771136
333974363
334197111
334392226
334538984
334776635
334898557
335140480
335360996
335567906
335807651
335998415
336238883
336484209
336705305
336928938
337138348
337358832
337512363
337727875
337897082
338085113
338240523
338422864
338622345
338807964
339011841
339148180
339304426
339525220
339750197
339919943
340148015
340305012
340526542
340682235
340816280
340936828
341186266
341341069
341579349
341806747
341996669
342251093
342393949
342613673
342819414
343050024
343302434
343527269
343680917
343853901
343972587
344109253
344333601
344520560
344757249
344928173
345149182
345323252
345524497
345748265
345920493
346142800
346363135
346550496
346656281
346805787
346925093
347070535
347256272
347480102
347653243
347804177
347978369
348134020
348327666
348516077
348763255
349007221
349232649
349421661
349573274
349713409
349886359
350076985
350313654
350482713
350705426
350962432
351134997
351351967
351579601
351801881
352039352
352261750
352369108
352537561
352745618
352949749
353108935
353342446
353476426
353598026
353854159
354061513
354301062
354536726
354776072
355000510
355187466
355393637
355638207
355759876
355876328
356021683
356262333
356451375
356673198
356894366
357122659
357293842
357462299
357639737
357742982
357888623
358123836
358349812
358486585
358593929
358725975
358918525
359092429
359265591
359450214
359655702
359843158
360033024
360226248
360400091
360623902
360842495
361064468
361220020
361444108
361614465
361835158
362014474
362287751
362478436
362701233
362837380
363049071
363293376
363466832
363657273
363829950
363947371
364104206
364340628
364534670
364658071
364827287
365038787
365175378
365382980
365586803
365814329
366004502
366139127
366384938
366483520
366636569
366878052
367116109
367272608
367476910
367649786
367805134
368054219
368275032
368492858
368701058
368923983
369105889
369346142
369567978
369790080
370011783
370217285
370385113
370541966
370729184
370940340
371110156
371244232
371443597
371597045
371800412
372026771
372239179
372387977
372543072
372650966
372888804
373077570
373270435
373489818
373713388
373921990
374178827
374368600
374609980
374833449
375020888
375263650
375438025
375626013
375745645
375898355
376090863
376274362
376430767
376600156
376753789
376972088
377175983
377416110
377597300
377789927
377975880
378200076
378356449
378617124
378850602
379005462
379199057
379402766
379645062
379803119
380018951
380174843
380277458
380516809
380771620
380926894
381095045
381200853
381426086
381632869
381801554
382026590
382216307
382383621
382590020
382828105
383069716
383305107
383511102
383734236
383938932
384192960
384403287
384592464
384832835
385038249
385208011
385413715
385608406
385728151
385954951
386173272
386402885
386591687
386762673
386914046
387117967
387271675
387497238
387616666
387791638
387946721
388084281
388290256
388482389
388688463
388894478
389114289
389285561
389508819
389714113
389869087
390055428
390241718
390402940
390590271
390733262
390958090
391092281
391234948
391479810
391681724
391922397
392149078
392340557
392489931
392658906
392888383
393126337
393295889
393520523
393675793
393865649
393967405
394144282
394351728
394560501
394722874
394895224
395085600
395278135
395415091
395656849
395855336
396064819
396237303
396459234
396647111
396892820
397117595
397338713
397577314
397814325
397985248
398172381
398416300
398565858
398702984
398871317
399058216
399230493
399419355
399618355
399817383
400005534
400179130
400401622
400554444
400777379
400969622
401125415
401338141
401576247
401809594
401997454
402157567
402364403
402483638
402688924
402934829
403122613
403244738
403448261
403617838
403805440
404046071
404166062
404303037
404427268
404651302
404856637
405080453
405318918
405495336
405682462
405922381
406091909
406318930
406506515
406756440
406927522
407159421
407387242
407521281
407693637
407820159
408011010
408204526
408439318
408608789
408749298
408966289
409187515
409364081
409584131
409807755
409919193
410124159
410259423
410417857
410654367
410805180
411032519
411203040
411424215
411544226
411750830
411928927
412077420
412300442
412550994
412672552
412792822
412998170
413184862
413390029
413632351
413802281
414001588
414205723
414413596
414614126
414837427
415074762
415244910
415435139
415655546
415827600
416082813
416286523
416438458
416614959
416769597
416957102
417125198
417248908
417403754
417622227
417792189
417923800
418177944
418389872
418549212
418772945
419009952
419271629
419526326
419735604
419875624
420033190
420171549
420439118
420665995
420908986
421138836
421359681
421523936
421795941
422015921
422189491
422396488
422551063
422713738
422851720
423009393
423228740
423418363
423623611
423777470
423915273
424103068
424309182
424510912
424663471
424831568
425045490
425228906
425328663
425516034
425732378
425953231
426091419
426291043
426463243
426687047
426935979
427082249
427305012
427511203
427714536
427874131
428077721
428263731
428488237
428664346
428842371
429036953
429240414
429466753
429618949
429793093
430003056
430170749
430324405
430497862
430683468
430827389
431033359
431270479
431493553
431714548
431903482
432069089
432272776
432490062
432712280
432904428
433075554
433161664
433283617
433453856
433639009
433710971
433880660
433964875
434165714
434373177
434479649
434611868
434767298
434894288
435028399
435240357
435455766
435640515
435819143
435969854
436127695
436335269
436503239
436690967
