0
6870
17799
38913
75134
100422
135859
166846
202255
234002
268658
300338
337461
371612
407574
435481
469062
504643
537699
570672
607294
639761
674683
707186
745784
770675
806090
838801
872627
906941
944980
974826
1012047
1888912
2118596
2402968
2609330
2809095
3046652
3321457
3589548
3970026
4292980
4659780
4843219
5106629
5340219
5608927
5862076
6162012
6398612
6668003
6901945
7140943
7486563
7939968
8238657
8596166
8867895
9071573
9345374
9553545
9816736
10087942
10428170
10811729
11359221
11599800
11903528
12202130
12506486
12740071
13049599
13285261
13660572
14095329
14397673
14708878
14978018
15221867
15495379
15703198
15968886
16233692
16436706
16803166
17107975
17390847
17616965
17885985
18187953
18457006
18659627
18893914
19194826
19376016
19543466
19776845
19946218
20218861
20428410
20622045
20868022
21082028
21349851
21651271
21885945
22152903
22355970
22627321
22809698
23004909
23207241
23442286
23610660
23781168
24013724
24250442
24452886
24619885
24825661
24989324
25161925
25426015
25661053
25839373
25999138
26303847
26518970
26781663
27048795
27250811
27488787
27721495
27957252
28226474
28393353
28665123
28932986
29068979
29336027
29570525
29741303
29940559
30177936
30385932
30662293
30944839
31216060
31449617
31684358
31986543
32223157
32465332
32630344
32834925
33072691
33341017
33512154
33781822
33957287
34217881
34424705
34597105
34830204
35032120
35267838
35504040
35708634
35985780
36184256
36453738
36629765
36828014
36999925
37199259
37471701
37688192
37981527
38153098
38450019
38690678
38924693
39224989
39463515
39740023
39978193
40244446
40550670
40790226
41066967
41340848
41612631
41860840
42135145
42338852
42573913
42807040
42976827
43180443
43454553
43686823
43819155
44089090
44294332
44526891
44806950
45072676
45269249
45438393
45709507
45973515
46212260
46417057
46622911
46787318
47053896
47263141
47500909
47765958
48033236
48300379
48515683
48788379
49049258
49292467
49484712
49753690
49988485
50204257
50392811
50596999
50797827
51072577
51282822
51517469
51752046
51994532
52159853
52426503
52695399
52904785
53167128
53368633
53641516
53878281
54113398
54318823
54521848
54721761
54961220
55158156
55394524
55610407
55810508
55951742
56215637
56456126
56635786
56892579
57129059
57307092
57567817
57836991
58076969
58293607
58562898
58775489
59015727
59240741
59512474
59747625
59947093
60223032
60431972
60710035
60943535
61154014
61390570
61652440
61920556
62176425
62371302
62636935
62848693
63139695
63344006
63542673
63781594
64099933
64356161
64559733
64799706
65002069
65169684
65405432
65575654
65841234
66044222
66349450
66577641
66811040
67039333
67273868
67546460
67784398
68015384
68317028
68592059
68787208
69033243
69175083
69372307
69673649
69953132
70146986
70450262
70682909
70958399
71194248
71455481
71635295
71870783
72138491
72317176
72611443
72890778
73089001
73338073
73529818
73731094
74010684
74171441
74345901
74642578
74878410
75112234
75319581
75596838
75857415
76098380
76306243
76540462
76815117
77057469
77261371
77558867
77758368
78073280
78263523
78500422
78767526
78974475
79237208
79473240
79745989
80016017
80285636
80556382
80760277
80957645
81192112
81392250
81667170
81896319
82130828
82399432
82636922
82871593
83010284
83275924
83509622
83712246
83952299
84255680
84488126
84695327
84925179
85197366
85436006
85708609
85972636
86147273
86407165
86581960
86822241
87089127
87289113
87560341
87796424
88079416
88274333
88519237
88753914
88948667
89190187
89388735
89654112
91258690
91498806
91699602
92153682
92400203
92668270
92906949
93131992
93377951
93855977
94048511
94861067
95059676
95234245
95501824
95706494
95835878
96036593
96217171
96434340
96649476
96873291
97108939
97377762
97510486
97680017
97923552
98116077
98354971
98486282
98686222
98855585
99029420
99190162
99431536
99702148
99944137
100205780
100379147
100622187
100828834
101033251
101312833
101470252
101719446
101854077
102089744
102256767
102459665
102636791
102865202
103067477
103201205
103403070
103603475
103804525
103948975
104149739
104324856
104565460
104809549
105010855
105245090
105456808
105625371
105893100
106097954
106265006
106468266
106752384
106946749
107213471
107484798
107724734
107973096
108206688
108476356
108748080
109016609
109187320
109422278
109724342
109926168
110201408
110504757
110676106
110879831
111083820
111290114
111498751
111763832
111966123
112133764
112366851
112608250
112881868
113049751
113286097
113489080
113754819
113988979
114258813
114495280
114729151
114969640
115173390
115376221
115576009
115848310
116116482
116385148
116587696
116859492
117059003
117327549
117570620
117844506
118075915
118346210
118516852
118783589
118986530
119221815
119424213
119657620
119896932
120131354
120302289
120538035
120741161
120944759
121142007
121380015
121550199
121818050
122055884
122252580
122419867
122622528
122857460
123028451
123195894
123401067
123605782
123844249
124016330
124248237
124518899
124751808
124954529
125188606
125390731
125592666
125796987
125972754
126138487
126343413
126542864
126777049
127020383
127218646
127455062
127693588
127791258
128029201
128225600
128461286
128595525
128798098
129002469
129239829
129440228
129655225
129856000
130056820
130198517
130399671
130569407
130733965
130934564
131173639
131374493
131575457
131743392
131946344
132122749
132315147
132551041
132755659
133022259
133221000
133426363
133594523
133828936
134030350
134198917
134367825
134569579
134776543
134974792
135176186
135379915
135587797
135825073
136026909
136224457
136429532
136627042
136832542
137099698
137304092
137539224
137772527
138015141
138211104
138451292
138683972
138917066
139051579
139290425
139456077
139629013
139862757
140128271
140300630
140541639
140706953
140943683
141142791
141343798
141548973
141712325
141953967
142122275
142429161
142631162
142768482
143002408
143203866
143371049
143603538
143806254
144005567
144209250
144344470
144549089
144745550
144947646
145115181
145281788
145453684
145653200
145820527
145987654
146192165
146424172
146624621
146795539
147029409
147230463
147398930
147566448
147767429
147967314
148170002
148339081
148539561
148742578
148911661
149111720
149349019
149582759
149818569
149956618
150154078
150392550
150598168
150763174
150968127
151165545
151399812
151570718
151839177
152037891
152174640
152380045
152587319
152816311
153052544
153297304
153532169
153732941
153937614
154203650
154405977
154610906
154842354
155049831
155288494
155558011
155799847
156033863
156229357
156465223
156666813
156932781
157145429
157303553
157505169
157739570
157907658
158078437
158310329
158544882
158721314
158948162
159159760
159395578
159586035
159789188
160038930
160305473
160542718
160715857
160951329
161122068
161354084
161539175
161730739
161965461
162209514
162440767
162683653
162852531
163087482
163288672
163491109
163693395
163830058
164029643
164263350
164472414
164667866
164912117
165070290
165304266
165480208
165644390
165846704
166046540
166281696
166449143
166618081
166826483
167018818
167222274
167388045
167622285
167830749
168093894
168295305
168503215
168698854
168909095
169109265
169283642
169480272
169679530
169881998
170064227
170266641
170436670
170672965
170905776
171142612
171341869
171548234
171779481
171987752
172220867
172418486
172665566
172859670
173026592
173260784
173461900
173631285
173869059
174102092
174242234
174405427
174642105
174811391
175021859
175285112
175420582
175653470
175856088
176032128
176192042
176400921
176607751
176836456
177003253
177204904
177380992
177542431
177742500
177956815
178148761
178352025
178518727
178756416
178928683
179166879
179334198
179567623
179838547
180081839
180245802
180424949
180682820
180916649
181153066
181326596
181554253
181723916
181857611
182101251
182335895
182563967
182807770
183015034
183208690
183350235
183547118
183714861
183921332
184130257
184326262
184560602
184729678
184930320
185136287
185373293
185603417
185876489
186078788
186247408
186416788
186616104
186784774
187020487
187190839
187401992
187592940
187794530
187996558
188170901
188368571
188638674
188872686
189141080
189346391
189647847
189855708
190092479
190322032
190528049
190763505
190993251
191226891
191542422
191707594
191939832
192142720
192410679
192645306
192887281
193051852
193288462
193461162
193689549
193925863
194202847
194439456
194676100
194916468
195155835
195348266
195548955
195752910
195987302
196264185
196524239
196691501
196933478
197129952
197269967
197504592
198775485
199012909
199178165
199380256
199589957
199725832
199951594
200462487
200656900
201469069
201665047
201904482
202107355
202248876
202455032
202653507
202829893
203061619
203295777
203533527
203700158
203899954
204069731
204303074
204472710
204640799
204847318
205074892
205276509
205446064
205679442
205855446
206015567
206189314
206351650
206529480
206735878
206807105
207013867
207220690
207349908
207451450
207651590
207817826
208021859
208188708
208356246
208490190
208657499
208791271
209000550
209162783
209237124
209362983
209580773
209839242
210012208
210207700
210443174
210644763
210848335
211047323
211222144
211452515
211619372
211758595
211928114
212124204
212369585
212638278
212844643
213116816
213351550
213523922
213756614
213961660
214162118
214397789
214565433
214765719
215000406
215237001
215372385
215581544
215781271
215986691
216183733
216386234
216554717
216721862
216889193
217124618
217360537
217630902
217831861
218033890
218204429
218470894
218638658
218838717
219012614
219174897
219410489
219646642
219845144
220018733
220249645
220418763
220657242
220823815
220961195
221192119
221394649
221631649
221837061
222042716
222240623
222445749
222613667
222821172
222987207
223220651
223459522
223663542
223864612
224068109
224268223
224500138
224704580
224870262
225104396
225313612
225514184
225754294
225952511
226154225
226321791
226559518
226766169
226962736
227128758
227372008
227572511
227806721
228042294
228309046
228513170
228679837
228850563
229056246
229321122
229561320
229732058
230012049
230213961
230446460
230714571
230948882
231220437
231497857
231688765
231926257
232179570
232481757
232747587
232981373
233252492
233527175
233723655
233992770
234261651
234495824
234697473
234964788
235211075
235442662
235677729
235912934
236113836
236315760
236556737
236786544
237024833
237190536
237359159
237568929
237797363
238066748
238237790
238400662
238601534
238770923
239006292
239206995
239441487
239677067
239947851
240182358
240382657
240591384
240785437
241054150
241268052
241533964
241698855
241900408
242104531
242305746
242472622
242717132
242959001
243221808
243427238
243604550
243805783
244044690
244290539
244493455
244760632
244902242
245070523
245237568
245437705
245643270
245880274
246079890
246249958
246427991
246598594
246799905
246968624
247103239
247337346
247535741
247710779
247912566
248145904
248351294
248585835
248818809
249020920
249253467
249523590
249790508
250028696
250261803
250461064
250698523
250937770
251206287
251429636
251660283
251893647
252100442
252296613
252565040
252800994
253004472
253175934
253408487
253576478
253882569
254123674
254353194
254625222
254862011
255098503
255371521
255638864
255941579
256113362
256410344
256612906
256882856
257116725
257387605
257654835
257924952
258192744
258430709
258705648
258973444
259243116
259519696
259781874
260017344
260192372
260420694
260620736
260861228
261025473
261263501
261502547
261802983
262074654
262380175
262584897
262853190
263123174
263398467
263672352
263941990
264251396
264518745
264755440
264989981
265294304
265564827
265871157
266178533
266395593
266639782
266908196
267117973
267254695
267524566
267834357
268115127
268379080
268690421
268914509
269156444
269327710
269560414
269865925
270105467
270390696
270651142
270954157
271188207
271397334
271694805
271934622
272138906
272304728
272538462
272748129
273008676
273244767
273419292
273613688
273815864
274018995
274285792
274489360
274764506
274990728
275205344
275441713
275602503
275838043
276073394
276343009
276580436
276790645
277020694
277228952
277422072
277658701
277902772
278098274
278333750
278575954
278814835
279041471
279348497
279593517
279853877
280019796
280222583
280503956
280728778
280999505
281279298
281511453
281739750
281946580
282190616
282496573
282762915
283065396
283367673
283673241
283949300
284289360
284575855
284832097
285134048
285435715
285740298
285942472
286174240
286443065
286689120
286920170
287152130
287358762
287697595
287989140
288225073
288526255
288795622
289042211
289301984
289540404
289783986
290020303
290258803
290559728
290827125
291077466
291338479
291608347
291880984
292182507
292484193
292794090
293064807
293337682
293636008
293907091
294115462
294351240
294578442
294883259
295146662
295385936
295654468
295922818
296158864
296370133
296632112
296901506
297203485
297481722
297741333
298010075
298276183
298516507
298827074
299086653
299369695
299629119
300000745
300302156
300670579
301006767
301344509
301587058
301898946
302240483
302579164
302912981
303250733
303548969
303927504
304223164
305451040
305757502
306035560
306309620
306614751
307157004
307381198
308168073
308391402
308662501
308934519
309189687
309483452
309718169
309986413
310255923
310500596
310778135
311046253
311259969
311573599
311865741
312132704
312411895
312665768
312999188
313327468
313629821
314023745
314328613
314597066
314797904
315100761
315368641
315648683
315913170
316149229
316387190
316657692
316888724
317122831
317350455
317612193
317914783
318184158
318452457
318692691
318922229
319159004
319392304
319669485
319973402
320281587
320556063
320823203
321063671
321293014
321565398
321903059
322172980
322438328
322619475
322920181
323261855
323529380
323834487
324113392
324384316
324655701
324924925
325258536
325560361
325963420
326267162
326605286
326913194
327245156
327550058
327855039
328194710
328529729
328840256
329137388
329475297
329810400
330213806
330584475
330928763
331276460
331645284
331975152
332344847
332645301
332982554
333352332
333688330
334023998
334430488
334801482
335072055
335409232
335680167
336058953
336397498
336736080
337085087
337384435
337723121
338024909
338335832
338629446
338978496
339283286
339623935
339958809
340295889
340661523
340940996
341241944
341579129
341898909
342268878
342579862
342885850
343150347
343455736
343792710
344142371
344477754
344850853
345187252
345523597
345804658
346139179
346480655
346814087
347119769
347491794
347856472
348129110
348481104
348854629
349156883
349425086
349694861
349926618
350216142
350411041
350689674
350992271
351244136
351507375
351785033
352055389
352357435
352598289
352830503
353064333
353332931
353612812
353873265
354115990
354384744
354652090
354922078
355156607
355360904
355633885
355898620
356130687
356370173
356606662
356906260
357221324
357532825
357835830
358104540
358372637
358574817
358844942
359147065
359463801
359768307
360045516
360341050
360643714
360947512
361179615
361455001
361736053
362028022
362295196
362529443
362764116
363036856
363308815
363507212
363776404
363976260
364280644
364481316
364720221
364987443
365289569
365553987
365790424
366059787
366335933
366571411
366907170
367175183
367450607
367712700
367981551
368225973
368524162
368802464
369065441
369338090
369604908
369873231
370179305
370451123
370720388
371022576
371366580
371569340
371846846
372180762
372442867
372710835
372954449
373259348
373561354
373828643
374031886
374265106
374466575
374677271
374917025
375151824
375404406
375706819
375977729
376177563
376478814
376687779
376882897
377119498
377364026
377600194
377932881
378059371
378308731
378574780
378842419
379050429
379284066
379513326
379721032
379920266
380184227
380418758
380654340
380888656
381066496
381260395
381527663
381796193
381974534
382201162
382411037
382668566
382875162
383042347
383244389
383478330
383715541
383916364
384187552
384432566
384626195
384859943
385000668
385297441
385531544
385800146
386069360
386304849
386571673
386779893
387015621
387277356
387511838
387746963
387982618
388217592
388420336
388654257
388889762
389156857
389392682
389667390
389933845
390174474
390383702
390609804
390823378
391013998
391215433
391496662
391756963
391956524
392223129
392402821
392693029
392968007
393174102
393410686
393673712
393939068
394181554
394422004
394648066
394883033
395151643
395454468
395720838
395956391
396199876
396395429
396634251
396801062
397036302
397271725
397445944
397707892
397941492
398223932
398413648
398580842
398714843
398916142
399086658
399319473
399588137
399855468
400159232
400328197
400495781
400730026
400998853
401166086
401402411
401637291
401911492
402108695
402307305
402580840
402843983
403080321
403314538
403592023
403854908
404121618
404323311
404524315
404728389
404932529
405129463
405252818
405533055
405792433
406026820
406235528
406476941
406712116
406947841
407221273
407482945
407726514
408000037
408297678
408465245
408699861
408938129
409204055
409439231
409678939
409876637
410144001
410382015
410659581
410938955
412964894
413204646
413414039
413872064
414071181
414308350
414548129
414740044
414942000
415181190
415560449
415717350
416560258
416725537
416903676
417092225
417259138
417494283
417702935
417909188
418063550
418240614
418442644
418593087
418751212
418820525
419058307
419267690
419459467
419695062
419897867
420099247
420238637
420442575
420676218
420878753
421048492
421249987
421452543
421626925
421820854
422022420
422224279
422390560
422593419
422828272
423062744
423305357
423467945
423605949
423838695
424040156
424273943
424409952
424611832
424778263
424988968
425214926
425328850
425483494
425659695
425888495
426096095
426337232
426533549
426736202
426871744
427014123
427181098
427442619
427745092
427914135
428152076
428359834
428588672
428824111
429036528
429263576
429467206
429732639
429900412
430170903
430438611
430680661
430913125
431181495
431416298
431686211
431887490
432068769
432296915
432498415
432703029
432973371
433209733
433416774
433647882
433885568
434151808
434388509
434657466
434857334
435126113
435396031
435561463
435798163
436009254
436241968
436449679
436711538
436982232
437225532
437495627
437696317
437930250
438142375
438437518
438670000
438873505
439146965
439412805
439643593
439877902
440015075
440251834
440454045
440720108
440921206
441125445
441324797
441558633
441796353
441965274
442198391
442468436
442773267
442971383
443207493
443409393
443644119
443879242
444046694
444253247
444421247
444625088
444892689
445227038
445463231
445764415
446034190
446335314
446604901
446876811
447142744
447376572
447578629
447746511
447947750
448184166
448451167
448686378
448893383
449089536
449256487
449492050
449659935
449829154
450032142
450237284
450465116
450700144
450870242
451139446
451338324
451578638
451847469
452047750
452254075
452483759
452751295
453020008
453264959
453461294
453763639
453966019
454201018
454402109
454606509
454875863
455142574
455410089
455616136
455847933
456081540
456253050
456451569
456624072
456857576
457025532
457263903
457493586
457661003
457862708
458067781
458233425
458507104
458709645
458845559
459044160
459321260
459586516
459855064
460091774
460358558
460636049
460801326
460970381
461169904
461370565
461539994
461683444
461977027
462183948
462419986
462694871
462923178
463157135
463331455
463675009
464060513
464403050
464625865
464894422
465261934
465599611
465945388
466291386
466594411
466829499
467141283
467469960
467907563
468211019
468447892
468759566
469096496
469472982
469772074
470041158
470312429
470552409
470784435
471024044
471239598
471472655
471707584
471879267
472274623
472601982
472873395
473075873
473343774
473589650
473835180
474032784
474268414
474503834
474751049
475145608
475523871
475827964
476058814
476230020
476495599
476776339
477012830
477283385
477666127
478012425
478230241
478540498
478776365
479046770
479279620
479549614
479864223
480207232
480539452
480778563
481075008
481374675
481609749
481851555
482128991
482422530
482703073
483152128
483416188
483652021
483891553
484167549
484443615
484645717
484858133
485079111
485314282
485501657
485970841
486280194
486555221
486849562
487116518
487385195
487620507
487924689
488162883
488437145
488742493
489091853
489525387
489860177
490164599
490375288
490637520
490904434
491207399
491408962
491645871
491926267
492317732
492690631
492996111
493267000
493498921
493770045
494103427
494341405
494610273
494922899
495338624
495629438
495899748
496202819
496476578
496746012
497026549
497293351
497526154
497738063
498093102
498462795
498745502
498972453
499241907
499522879
499779376
500020704
500325397
500573534
500908090
501283313
501519180
501800401
502060916
502298225
502578642
502868193
503170974
503404198
503678949
503982690
504321702
504656083
504889596
505173455
505436487
505707578
506009990
506245907
506522638
506789794
507190794
507579439
507869993
508103781
508379196
508603016
508862997
509129724
509399944
509635271
509882799
510268072
510532305
510835842
511088313
511381452
511588004
511851412
512130305
512364539
512737434
513190817
513488896
513757954
514046321
514345210
514654869
514955770
515268160
515667907
516077707
516349066
516546710
516815710
517090934
517359809
517627703
517870214
518113643
518607394
518942349
519231892
519523213
521556776
521910710
522075898
522251913
522483823
522723572
523274790
523537301
524283823
524479223
524692266
524864964
525094032
525279628
525473514
525668683
525944679
526184099
526489955
526826047
527063741
527341701
527566766
527802524
528009935
528238423
528441904
528775887
529044310
529425072
529639895
529866314
530075696
530284595
530492896
530688667
530896739
531169129
531389164
531598455
531808730
532076019
532343027
532514165
532847270
533085679
533354440
533561239
533807927
534054453
534346688
534579506
534751292
534951353
535224327
535600094
535912666
536185749
536483074
536718811
536987257
537255875
537504811
537768437
538044985
538247035
538562000
538925457
539290216
539530810
539770402
540037961
540271278
540482423
540718711
540950615
541208160
541483940
541783006
542106151
542410940
542679985
542984307
543248866
543451851
543685132
543934871
544146095
544454476
544698056
544999151
545334880
545645159
546017702
546346759
546514661
546819636
547023873
547400036
547703994
548006977
548270134
548674230
548976596
549282646
549523771
549790716
549998047
550167289
550370703
550569523
550781035
551040735
551242240
551377399
551612585
551812247
552015476
552217774
552455788
552755516
552990105
553259678
553466355
553696549
553999972
554269100
554536002
554820162
555087541
555386700
555654571
555924902
556169495
556463615
556699974
557214708
557416504
557651466
557890300
558128345
558398040
558634320
558944194
559231531
559423221
559697856
560041776
560274737
560610095
560927066
561149165
561561835
561865685
562167124
562466977
562849514
563225506
563494033
563826353
564094983
564434809
564677154
564908829
565178716
565411768
565616605
566053563
566345740
566551660
566823189
567100983
567392626
567597863
567815331
568083755
568321155
568607651
568915104
569181379
569437896
569733812
570135671
570384435
570686855
570920387
571089339
571256631
571428140
571575761
571786991
571988502
572224052
572389968
572628268
572792831
573062075
573297534
573503871
573769176
574035163
574270066
574474510
574674720
574847403
575076886
575312310
575484276
575750386
575919712
576155354
576388888
576635236
576837185
577071255
577304126
577507518
577775026
578010447
578244898
578450114
578614324
578853325
579020603
579192895
579425328
579659773
579899364
580168778
580403928
580603275
580773074
581043106
581252593
581479887
581680292
581882537
582051262
582258892
582522632
582721057
582933416
583097808
583331452
583573058
583738071
583974260
584175734
584311741
584550150
584812741
585082220
585290529
585456685
585698076
585934304
586168721
586411408
586648171
586877220
587110704
587346291
587513918
587684976
587889063
588100966
588331406
588593587
588797108
589037224
589235750
589448446
589641509
589840301
590043270
590275986
590411398
590652505
590818977
591087138
591292026
591523464
591759744
591997226
592298136
592531628
592708166
592971129
593174470
593343356
593579261
593820649
594082211
594284604
594493418
594687924
594886998
595089621
595359459
595559154
595840881
596068946
596231310
596434128
596668582
596870970
597106811
597306599
597575684
597852277
598047566
598250130
598527960
598653968
598888285
599103972
599325511
599560400
599805362
599937683
600213171
600409577
600577545
600811537
601079699
601280746
601455312
601721239
601921159
602128790
602392439
602592537
602800911
603037155
603205228
603338902
603592255
603887555
604024520
604268239
604504555
604699662
604942932
605207269
605457459
605599046
605872813
606168195
606404469
606660201
606816814
607056712
607298075
607513577
607749018
607950489
608116579
608318232
608485586
608654215
608858876
609093370
609329318
609604697
609832293
610042249
610278288
610541388
610808775
611057482
611249093
611448891
611685527
611922029
612223294
612460230
612637026
612899007
613167520
613408453
613569982
613743517
614006590
614277685
614486032
614738836
614909022
615115092
615274891
615450762
615647883
615855575
616059183
616294589
616563562
616863976
617037687
617300495
617473547
617709258
617940551
618177479
618415486
618549914
618723200
618985903
619220910
619455367
619626802
619791236
620065543
620367992
620637441
620842943
621111669
621280077
621522421
621763749
621990699
622196336
622366288
622567198
622775732
622938303
623210642
623374394
623552520
623714277
623984539
624185034
624459572
624656544
624858321
625062589
625294073
625500824
625703819
625943622
626184282
626416834
626662529
626899573
627107951
628677054
628915504
629181018
629666326
629919807
630123578
630365575
630555367
630827677
631369397
631495159
631663838
632374112
632603399
632844615
633072030
633274772
633516617
633747019
633981527
634219860
634453277
634590998
634825170
635070545
635266233
635526696
635696173
635931622
636137259
636303238
636549245
636749312
636983423
637185897
637421817
637588755
637809820
638063815
638300961
638479485
638709132
638949280
639115144
639315789
639548689
639717540
639954503
640121697
640324517
640499987
640662023
640833121
641061539
641269073
641466597
641636149
641818599
642053230
642194417
642471806
642707692
642942656
643180900
643413897
643647787
643915675
644085170
644321370
644526811
644763281
645031037
645306329
645512596
645745491
645977836
646188723
646388920
646600352
646900812
647167558
647440307
647706165
647949487
648174217
648344180
648617811
648848854
649118084
649354510
649555461
649756172
650022467
650260256
650495911
650695512
650864481
651069676
651271276
651473757
651672173
651840637
652043562
652280177
652481786
652656325
652883592
653083860
653288477
653453992
653630485
653828219
654000025
654167186
654365065
654568323
654769309
654971671
655170595
655373399
655573891
655775118
656014718
656178047
656350021
656581049
656784749
657025322
657186423
657421630
657625518
657794494
658057929
658296318
658461706
658700978
658934014
659100110
659275190
659509806
659714814
659945006
660115710
660356338
660554980
660759948
660996890
661264856
661476114
661644898
661886974
662058923
662224570
662430634
662628369
662794731
662963135
663198490
663402227
663635322
663869247
664043753
664211329
664422636
664589469
664826324
665036797
665170640
665369841
665571221
665778341
665976296
666148529
666309856
666544847
666748845
666952076
667160222
667355919
667554658
667791740
667963150
668134442
668365593
668534393
668736132
668971869
669179445
669343948
669514947
669710793
669949119
670152582
670351643
670527937
670694418
670895074
671101112
671334057
671569412
671704793
671905922
672114645
672317352
672519409
672721194
672893621
673093714
673326344
673495357
673727877
673963568
674131915
674332712
674576085
674805673
675036517
675208020
675441384
675675391
675846639
676081393
676279245
676482705
676648658
676828583
677060892
677264907
677496599
677631736
677831997
678068004
678303927
678504535
678674427
678875289
679075250
679311284
679479311
679714505
679918196
680150791
680353715
680486217
680688067
680893267
681089987
681297568
681529826
681768789
681906598
682072192
682240923
682472254
682707440
682876880
683116479
683322172
683552645
683787708
683958154
684126202
684390323
684595472
684795446
685068954
685343838
685509886
685776341
685945963
686212150
686413913
686616311
686851865
687024356
687186213
687425591
687659830
687894158
688034399
688197005
688374858
688544696
688811778
688980400
689215850
689418710
689653013
689853988
690064460
690290897
690490672
690731768
690895219
691032270
691233174
691404985
691602201
691841865
692045650
692282831
692526408
692723196
692924402
693161925
693327795
693535698
693779143
693937513
694172710
694376670
694508337
694676395
694884217
695078911
695282818
695515243
695717404
695891218
696088445
696321662
696531124
696732063
697000542
697242569
697437960
697705061
697939783
698175237
698344270
698512678
698713431
698947605
699155063
699286118
699520872
699720213
699890248
700055634
700225350
700392146
700563244
700730041
700943268
701181193
701307978
701514730
701742995
701950395
702079013
702254504
702423549
702557106
702729718
702931839
703134764
703368477
703647403
703877923
704072497
704242858
704474479
704652456
704847044
705013234
705182054
705382764
705564824
705789119
706002862
706192974
706393907
706531454
706696578
706907154
707098981
707342975
707539195
707736676
707910592
708112143
708322028
708490010
708660541
708829754
709040633
709273682
709503596
709743730
709914250
710116018
710359524
710595222
710861687
711095909
711366355
711499993
711741909
711985133
712182111
712350518
712549757
712820172
713063194
713303788
713449735
713640018
713840147
713976585
714211973
714380761
714615296
714789680
715029693
715253344
715463585
715696547
715890787
716159141
716396604
716631042
716830244
717067124
717234564
717375357
717603050
717871520
718074685
718242363
718443577
718678721
718922763
719169012
719438740
719674827
719911975
720088664
720313738
720549079
720717302
720985300
721153612
721391619
721623167
721824805
722028045
722227889
722495871
722698348
722872396
723112326
723401853
723670298
723837691
724040212
724239539
724447571
724576480
724845985
725080732
725282641
725556977
725818381
726054953
726287624
726489203
726730473
726966068
727144237
727339962
727585459
727878177
728151329
728416522
728651374
728861688
729130922
729398807
729675482
729954624
730184994
730448630
730690808
730924354
731160690
731428300
731663593
731900985
732167754
732402335
732568844
732737562
732879227
733174580
733444650
733713411
733921080
734155948
734389046
734625655
734900753
736786642
737026533
737256430
737764317
737993597
738224960
738466734
738668441
738871502
739089696
739463651
739656843
740467481
740697420
740834843
741065672
741268849
741403267
741640201
741815995
742014922
742250318
742448411
742681982
742824495
743051472
743256001
743422528
743589741
743793495
743994369
744176262
744299059
744432395
744666658
744845262
745040665
745274786
745443484
745578075
745780539
745984180
746199344
746423562
746624633
746827731
747042597
747177288
747322451
747452793
747689910
747855677
748090012
748324568
748526136
748727432
748861552
749067996
749206064
749440741
749686582
749844975
750047450
750216059
750452647
750618862
750786777
750955316
751088996
751226490
751426173
751694095
751974528
752141117
752378541
752546620
752787250
753020659
753189046
753458623
753736296
753941768
754241671
754508024
754714421
754854032
755055288
755293935
755561445
755764665
756005943
756277283
756443703
756683745
756882014
757117750
757285834
757551695
757821588
758028356
758224018
758391176
758628562
758860871
759131076
759370445
759568534
759837935
760108230
760308103
760509767
760777833
760985203
761227620
761492714
761697615
761931487
762135319
762373513
762572134
762841275
763082514
763243118
763416080
763715069
763982916
764252435
764453992
764692828
764856882
765061172
765295900
765529144
765772073
765934409
766136425
766372516
766571967
766741712
766942615
767177893
767413142
767646812
767916059
768126044
768353847
768621579
768859111
769095880
769294523
769495763
769698302
769899931
770138806
770340124
770607049
770776559
770943964
771213627
771452483
771685747
771927799
772176576
772407913
772684906
772921875
773126252
773292232
773546391
773775927
774016201
774251884
774485553
774754210
774960353
775193919
775464143
775665835
775868253
776139133
776418406
776654419
776855799
777092399
777330465
777564692
777765103
778033521
778273455
778504025
778743291
778952884
779180765
779446757
779679470
779915823
780126230
780305932
780531307
780735373
780980506
781222437
781522800
781690668
781861847
782063257
782271126
782505793
782706149
782910810
783182330
783414328
783618571
783816621
783987269
784255721
784526886
784765285
785042290
785271692
785506956
785674689
785874967
786145925
786413459
786691188
786894541
787098154
787341089
787616220
787886049
788159265
788329706
788595917
788797860
789066371
789336319
789604240
789840857
790097094
790293699
790495437
790763823
791034976
791306187
791510159
791783077
791982109
792216121
792416471
792616472
792829570
793027714
793296747
793565747
793839677
794107421
794272946
794443103
794643569
794910968
795184569
795482492
795715018
795988953
796158758
796397380
796632070
796900546
797067473
797371762
797639060
797841643
798108568
798345285
798585874
798825500
798991840
799245482
799473281
799748545
799918270
800148254
800357541
800552070
800832793
801100056
801343299
801545983
801846457
802065013
802332275
802547309
802781487
803015973
803285595
803492666
803772366
804006495
804229592
804442880
804736366
805010624
805272620
805506902
805710019
805948095
806216321
806416068
806664067
806898182
807140372
807336284
807476438
807716329
807907317
808152425
808390785
808613666
808823746
809064528
809288569
809499214
809733199
809993420
810266293
810447073
810717068
810989273
811256203
811532747
811800048
812043237
812277120
812555706
812818520
812985642
813188738
813422012
813657311
813925170
814166290
814435906
814705967
814941071
815152552
815412866
815616162
815787280
816054093
816260035
816524158
816794091
816931153
817168076
817361913
817603015
817843750
818137368
818380337
818526331
818757951
819031667
819305944
819548416
819743680
819983728
820280547
820555900
820750278
821001157
821198406
821434217
821641742
821852471
822028667
822266510
822494413
822762035
822938176
823202896
823474326
823678091
823916785
824146493
824415495
824650819
824853262
824987059
825222037
825355219
825593367
825832735
826080661
826316250
826577789
826846906
827050223
827254507
827497240
827736449
828010698
828238458
828473659
828714753
828981455
829250220
829459961
829723596
829960366
830197645
830432207
830634648
830906631
831150258
831345764
831545538
831750123
831955664
832234566
832470660
832707020
832940547
833181338
833381113
833611990
833853465
834088450
834250998
834454502
834655690
834861541
835103507
835331228
835538301
835734748
836004826
836211567
836474140
836707857
836941741
837177147
837381006
837613463
837847843
838051889
838227589
838462708
838657075
838859777
839100594
839336892
839608706
839780109
840013451
840283738
840492076
840686126
840925744
841127408
841361264
841604292
841841344
842137642
842404220
842617046
842773793
843008431
843211395
844486137
844787443
844987771
845225892
845430784
845593769
846177604
846365261
847176799
847406055
847643097
847745784
847908221
848147423
848323899
848417700
848618073
848860383
849087602
849324019
849537554
849695309
849896809
850063113
850217917
850443187
850611386
850779199
850981122
851082763
851316809
851519115
851719439
851955783
852054903
852122912
852358180
852572636
852795729
853032156
853266626
853499812
853701479
853869846
854103375
854305264
854472834
854708357
854917982
855043701
855254434
855447315
855649424
855816912
855987296
856222741
856459487
856660847
856873222
857065220
857235287
857436354
857671116
857913811
858116056
858384152
858551181
858789060
859057318
859326095
859563121
859728759
859932193
860133712
860367664
860569386
860738322
860957335
861222751
861459720
861726959
861930597
862230114
862432559
862601934
862871484
863070737
863347290
863616042
863846404
864125926
864371397
864631662
864864306
865106521
865343286
865610028
865877575
866116877
866390813
866586689
866822381
866992437
867192157
867427044
867663941
867831134
868033046
868268826
868503441
868742107
868971723
869241083
869475149
869752467
869984114
870185446
870438085
870702646
870902022
871111209
871347466
871579692
871787661
871983549
872218614
872465239
872692452
872892659
873094665
873298358
873538006
873808951
874042489
874307109
874509719
874758252
874992055
875232291
875431175
875665579
875904132
876108449
876304182
876575414
876778723
876976889
877188905
877384329
877526968
877789536
878056048
878293693
878532319
878796609
879099739
879331640
879500680
879734807
879972093
880212163
880478372
880709899
880944157
881192664
881360879
881628153
881830098
882031961
882237867
882466262
882667709
882870775
883144696
883414018
883681309
883921696
884222173
884488977
884754558
885024471
885267204
885461717
885661709
885865530
886132332
886333775
886538216
886771002
886944193
887141028
887343033
887544997
887793992
887992903
888195107
888431652
888636716
888866615
889102014
889336687
889572613
889743668
889943793
890177711
890413533
890583658
890749910
890949721
891184433
891456906
891689596
891930562
892131038
892397409
892669906
892933642
893168016
893437801
893638635
893840447
894074432
894315440
894545274
894779980
895024792
895255444
895459752
895696894
895895158
896096067
896331991
896637062
896836499
897043166
897244553
897409467
897612872
897813474
897984065
898149554
898320733
898519070
898793161
899065460
899262123
899439593
899709411
899877266
900111857
900317701
900519249
900726502
900994811
901259563
901497669
901772149
901932880
902204673
902406474
902708088
902916955
903124132
903320865
903489001
903688437
903957909
904194631
904429824
904661135
904899731
905037048
905303774
905571037
905842247
906013629
906248996
906495944
906753665
906956142
907229268
907503421
907823279
908109355
908384046
908616756
908852802
909089094
909391253
909672571
909906082
910128857
910403612
910607032
910876163
911142384
911380960
911614531
911927447
912186098
912458504
912703049
912950803
913181783
913486656
913734670
914024964
