0
8960
41110
43660
59920
81256
97950
123819
128010
145116
163223
178998
203916
212635
245263
247929
269451
289000
297941
326997
331961
348359
367524
382184
408285
416156
453646
456254
466795
490763
500716
530972
535343
552018
572159
586018
616089
621940
636804
654136
670769
694831
705673
735469
739202
755645
780139
790624
817448
824138
840835
858960
875180
902713
911865
941046
946498
962260
982028
994260
1023221
1485435
1641970
1776743
1908461
1983302
2079330
2169905
2278330
2415321
2569648
2678537
2818132
2943758
3108046
3274012
3412669
3565213
3645703
3730964
3853781
4016318
4174127
4249790
4344206
4414182
4496365
4578497
4748119
4875481
4957767
5088830
5202565
5370862
5502441
5672585
5794180
5943568
6108626
6240794
6444524
6526289
6664379
6827730
6950898
7114816
7248247
7383523
7469239
7589178
7732380
7815480
7898444
7997022
8083322
8190018
8352623
8477100
8614689
8682870
8846765
8989532
9136108
9273043
9436654
9651810
9769730
9908527
10027292
10196751
10299015
10440673
10583778
10709936
10811399
10930446
11048645
11137989
11309504
11408606
11494400
11696339
11819110
11902245
12063216
12160400
12275656
12411595
12530592
12654121
12758738
12844169
12976986
13158621
13308005
13447058
13532792
13650594
13806472
14010487
14176618
14321418
14461626
14547594
14626954
14763343
14913122
15020542
15161008
15247140
15327138
15430959
15531881
15704761
15797934
15923618
16080091
16213282
16296308
16381684
16499213
16594497
16744723
16919737
17006302
17090984
17241833
17368105
17450459
17576263
17749957
17892322
18011234
18095290
18214664
18298787
18447719
18574123
18656086
18780704
18867335
19004013
19150317
19275289
19393335
19514923
19684199
19803528
19895926
19992031
20117210
20218900
20365695
20546533
20632463
20717308
20861698
20984751
21075349
21221190
21364346
21486430
21630996
21817685
21907374
22111711
22235300
22337993
22484046
22612099
22727136
22890996
22975306
23099145
23192372
23334468
23429874
23593778
23716353
23841528
24004639
24147197
24334606
24498894
24679997
24876302
24970759
25062826
25204410
25333256
25451047
25623290
25743691
25869356
25993007
26092422
26239614
26382439
26592253
26758617
26940425
27094478
27219308
27320320
27424177
27510317
27673483
27754754
27878094
27959882
28083975
28206233
28369512
28514655
28656246
28781716
28864592
29018607
29153667
29335276
29489947
29646997
29769558
29895101
30018013
30186116
30273357
30419903
30563527
30696479
30833323
30985460
31154849
31243967
31388317
31568192
31677883
31844948
31948344
32069587
32257777
32382760
32544597
32671087
32861144
33048008
33255491
33377772
33544583
33628698
33752858
33874710
33981583
34130095
34208675
34332628
34477537
34578759
34663285
34783378
34874915
34990870
35113617
35214237
35365374
35534591
35667330
35790474
35909271
36015162
36162386
36281848
36422882
36592165
36737580
36859061
37022015
37159496
37234167
37358973
37460687
37566641
37693688
37817961
37946319
38030466
38193257
38361206
38440103
38549459
38688247
38821076
38933734
39100193
39223612
39373725
39492550
39648368
39814148
39956971
40139485
40314167
40449834
40598979
40784547
40931338
41056870
41260701
41423525
41572873
41723826
41875895
42039069
42244481
42386294
42571643
42743197
42858010
42980947
43111649
43240059
43356038
43563437
43686301
43797066
43981421
44119077
44238713
44442084
44526969
44650998
44799754
44922533
45016416
45160544
45267100
45353228
45472190
45597173
45692592
45846957
45969328
46091886
46237131
46383478
46477818
46563697
46711061
46834763
47039923
47204672
47415945
47504937
47659086
47748144
47906378
48113538
48208951
48319266
48412879
48568589
48694641
48822486
49005487
49157342
49247160
49362878
49526163
49706389
49817069
49938441
50102597
50266940
50371847
50575615
50680605
50765111
50882565
51009564
51170053
51308477
51517345
51686890
51909541
52013865
52207477
52326506
52491606
52620664
52754540
52878053
53020893
53166092
53311684
53457665
53622828
53793504
53917164
54019783
54162797
54352922
54502721
54627394
54709925
54833054
55000043
55147690
55302921
55457183
55595105
55708873
55802246
55955704
56060752
56205470
56329269
56494769
56677611
56864231
56966489
57116289
57213728
57323073
57452024
57658722
57764157
57947571
58115545
58280531
58452183
58580085
58718242
58839894
59011160
59127935
59297628
59442528
59649847
59774745
59939729
60062099
60185919
60322856
60494356
60664337
60852008
60952860
61103185
61267990
61411859
61596311
61759699
61883750
62008568
62149006
62343447
62488498
62611756
62753875
62958387
63155512
63319311
63531708
63656637
63760854
63947208
64037289
64194813
64379005
64563735
64706680
64876153
64996422
65166729
65327001
65478885
65643932
65786097
65990306
66131761
66278785
66413439
66531359
66735887
66904538
67045215
67197969
67337349
67483601
67647541
67811776
67976522
68059533
68194376
68393131
68555761
68720103
68883071
69006748
69212371
69388829
69584269
69765170
69873864
70003449
70162765
70287078
70431986
70658454
70820205
70943523
71148827
71336442
71487388
71643100
71808269
71971450
72098332
72247459
72430736
72599355
72730617
72895277
73060287
73264160
73390614
73555221
73678669
73845616
74011553
74179846
74369238
74510006
74676951
74815533
74985102
75142182
75263378
75442904
75594508
75718690
75925220
76108921
76262020
76415940
76553311
76722537
76909028
77033091
77157521
77324969
77492170
77614246
77718058
77822368
77962528
78119136
78326058
78497057
78665720
78830708
78994415
79118475
79264135
79408984
79531014
79672563
79823121
80025743
80153416
80260660
80414340
80585864
80707545
80824258
80946764
81124358
81319029
81495498
81660639
81787556
81990409
82131404
82216241
82364819
82574086
82702004
82914398
83080979
83202621
83411819
83577755
83718460
83864610
84044864
84193973
84368132
84484301
84628324
84774330
84919699
85037982
85144180
85350176
85595522
85761288
85893773
86029347
86182586
86337651
86507806
86672668
86837610
87001599
87136434
87302130
87466043
87600489
87768841
87919854
88125960
88356724
88544992
88708711
88875862
89038556
89160341
89329050
89539433
89769549
89921222
90121132
90287511
90409372
90572135
90736653
90865102
91005315
91178225
91343585
91553509
91743557
91882648
92059611
92226137
92369842
92523883
92638336
92803583
93008471
93206532
93442778
93697552
93901492
94128158
94358560
94513022
94716045
94861273
95005433
95159249
95352318
95538469
95640505
95803809
95946461
96122951
96334176
96492810
96704977
96858645
97085621
97249721
97369204
97556209
97732770
97885738
98073483
98309305
98524582
98778809
98995685
99160079
99610087
99736582
99905521
100127543
100353696
100613614
100779360
100982236
101148361
101270779
101456968
101680733
101863482
102105546
102271770
102485228
102654021
102861864
103064658
103202085
103332281
103538957
103775204
103941200
104145119
104311969
104461864
104622333
104745682
104927828
105087488
105291558
105427364
105622798
105784568
105994819
106159668
106366177
106495834
106718099
106905665
107072693
107252036
107423721
107543360
107736519
107908966
108113365
108277988
108461295
108629955
108816255
108979620
109108468
109273426
109395740
109527184
109648333
109772298
109985743
110170473
110365910
110506641
110661502
110856900
110979974
111143771
111353991
111499058
111651368
111806253
111946679
112066172
112236415
112357972
112589804
112759884
112923683
113047857
113212090
113379961
113546357
113645118
113848307
114006235
114217123
114384325
114560520
114726307
114933327
115141829
115304399
115509678
115664475
115805642
116018822
116184560
116347158
116470825
116633650
116798624
116936218
117143280
117306166
117470744
117639366
117825361
117976042
118132487
118361155
118578355
118736494
118962639
119154694
119361498
119566122
119735203
119909276
120109087
120313739
120522916
120729329
120892346
121026241
121168132
121313356
121460550
121612175
121766202
121932802
122074424
122223404
122387511
122509910
122693319
122929056
123070242
123257196
123432319
123587515
123709534
123841120
124043474
124185235
124379843
124512694
124663277
124827504
124976478
125167378
125329856
125574790
125741703
125921855
126091700
126277157
126452615
126688782
126916981
127067179
127191242
127366764
127566420
127733325
127894925
128036836
128206997
128362421
128560961
128722109
128896304
129054574
129238827
129430760
129638529
129808204
130011367
130188994
130346212
130531283
130713096
130918723
131124258
131292924
131420145
131588454
131781475
131953186
132164184
132384280
132536458
132699197
132885466
133085995
133277690
133455726
133585681
133750828
133931269
134079344
134287098
134414619
134619603
134840921
135046280
135228295
135398911
135541014
135747193
135899597
136064660
136188524
136394260
136613987
136846537
137027933
137242003
137397592
137603470
137850565
138013835
138180678
138347432
138519001
138683038
138863945
139024197
139171130
139374898
139517637
139702160
139859336
140002066
140189562
140400109
140605312
140813063
140936514
141101128
141240385
141371701
141522046
141629634
141774761
141950852
142135313
142359404
142570881
142734960
142911857
143064652
143270265
143434580
143644108
143783464
143960501
144144692
144349277
144525857
144744032
144946892
145150997
145400887
145565559
145710721
145915423
146103475
146290136
146519487
146744699
146899238
147122538
147270759
147473775
147618106
147776098
147945204
148137971
148324262
148448100
148602492
148803751
148968309
149136075
149312205
149471883
149633715
149806771
149940877
150126483
150249608
150412176
150577260
150705158
150854641
151044803
151209682
151331871
151536651
151675410
151866997
152033679
152244710
152415342
152623705
152769785
152886262
153060650
153266909
153448456
153628708
153827276
153984161
154207804
154410932
154596405
154742639
154954276
155126600
155315970
155522333
155677323
155813303
156037451
156170625
156328384
156453292
156620394
156842245
156990818
157131879
157336427
157482441
157710654
157876316
158028431
158234511
158358352
158522062
158685695
158901044
159044972
159153283
159334841
159436682
159601726
159806047
159949661
160075610
160282500
160473737
160605869
160741215
160855659
161017299
161225753
161392652
161594139
161785747
161967900
162149952
162383156
162547940
162762536
163000854
163167333
163331861
163462743
163611405
163753739
163917467
164141004
164267736
164453171
164643273
164781583
164943741
165109956
165243060
165451263
165691333
165799026
166005810
166189718
166391539
166616290
166825693
166979528
167150317
167352728
167598682
167700614
167869932
168019511
168264437
168482645
168648199
168772990
168896308
169043081
169180327
169370444
169563129
169725940
169919127
170066916
170247147
170390930
170577166
170702915
170892801
171099207
171309836
171502927
171718007
171868846
172042837
172236220
172416486
172591633
172779209
172905742
173070407
173212520
173357744
173492625
173660541
173851691
174043251
174166638
174330203
174501815
174701036
174823804
175031443
175206629
175363644
175526709
175733738
175901129
176083391
176235183
176458165
176652385
176819582
176983783
177147041
177286212
177518864
177708696
177923389
178118385
178286183
178475554
178616579
178780435
178918179
179088606
179241624
179445651
179589505
179734287
179863767
180067013
180277972
180414852
180533271
180656823
180860772
180981903
181145732
181360681
181599702
181813469
181985162
182142591
182355998
182540939
182754849
182915397
183064529
183273034
183417232
183596116
183762467
183896192
184059842
184224079
184437248
184642415
184775030
184915422
185145079
185349325
185498465
185683976
185858698
186055789
186186072
186343773
186510089
186696624
186878694
187044568
187261199
187463189
187678198
187849748
188014426
188143831
188308838
188474361
188653337
188799730
188983151
189101023
189195356
189305822
189483909
189677170
189813351
189986540
190175260
190340877
190551439
190719703
190967971
191115156
191283914
191509585
191676540
191843330
191988907
192174433
192396950
192605506
192811396
193014193
193140761
193302597
193481083
193653610
193823564
193964155
194178245
194316128
194553523
194725697
194951723
195075030
195240457
195407505
195623825
195830774
195997314
196178462
196329803
196453172
196675499
196856851
197012558
197164912
197302114
197458535
197622758
197833785
198043976
198208521
198375648
198582398
198747098
198951954
199137777
199257987
199349697
199512801
199679541
199937482
200114517
200289421
200487920
200633547
200791353
201025704
201165630
201372101
201541069
201726758
201892760
202058017
202228578
202437352
202645833
202810822
202956219
203181083
203367803
203595308
203777431
203956391
204142956
204309166
204471775
204681459
204876478
205104770
205245523
205422226
205655824
205782754
205946460
206108429
206296754
206455469
206643548
206816599
207001345
207155139
207350528
207516200
207702770
207892625
208120023
208358355
208545376
208731888
208903597
209025278
209171108
209291411
209415288
209617720
209782633
210001807
210152233
210316573
210496292
210700743
210850799
211056151
211195031
211384819
211562350
211781065
211972013
212136097
212334396
212541615
212711619
212917112
213144101
213280158
213438205
213620845
213766545
213972259
214137664
214307095
214473718
214651898
214774742
214946164
215056110
215276944
215430391
215618224
215774602
215898945
216043377
216243870
216408393
216582439
216688969
216834708
216963467
217086638
217175582
217333148
217465733
217612449
217731074
217850372
217968455
218152604
218309496
218448549
218557061
218703296
218844641
219014501
219147821
219327105
219430592
219552089
219688917
219882066
220039943
220149153
220303878
220512633
220664807
220852046
221014268
221216877
221360369
221547734
221714208
221922110
222086428
222295094
222479092
222710020
222874314
223095468
223250735
223413636
223587170
223746386
223929851
224127709
224319606
224487268
224666889
224801354
225027526
225213635
225352006
225522620
225686519
225863769
226034140
226190674
226339588
226530901
226713759
226873154
227063620
227235311
227377327
227542404
227671431
227896706
228079639
228263294
228444465
228676685
228825879
229014331
229179300
229318233
229460141
229625947
229764033
229996097
230139584
230293234
230520050
230671371
230907697
231110654
231277817
231483182
231642138
231854764
232058344
232243343
232453889
232617729
232739021
232947598
233111511
233320653
233533120
233703897
233909151
234127011
234295205
234482892
234677643
234894867
235115418
235242926
235371900
235519611
235759267
235929243
236128973
236292873
236457940
236708542
236917685
237097520
237251977
237416106
237597087
237750411
237954888
238104557
238301694
238467020
238673812
238894009
239067797
239218272
239361606
239525959
239696628
239871697
240006326
240155312
240320890
240543075
240691278
240894254
241017299
241192062
241389468
241553070
241716423
241885762
242090027
242232639
242436329
242585112
242755234
242892620
243030929
243176133
243388597
243544640
243684519
243877533
244001580
244211058
244362618
244532380
244707008
244894502
245030739
245201548
245318825
245454179
245613972
245851313
246032426
246267796
246447913
246602769
246743026
246912819
247104144
247268695
247392726
247568707
247772602
247929417
248141342
248274598
248435705
248610872
248774290
248939334
249145366
249376442
249521054
249685666
249810810
249975611
250102070
250289004
250446329
250619340
250812403
251016110
251236795
251415398
251602159
251828772
297762008
297901182
298048697
298202047
298349812
298501683
298628402
298754396
298913858
299050327
299213596
299366588
299530398
299670382
299872843
300020328
300186596
300296649
300474865
300596471
300724883
300823955
300993281
301118343
301244083
301391084
301477143
301642830
301749639
301896711
302041181
302164828
302327656
302450584
302602634
302752953
302893508
303040655
303161433
303304331
303510464
303646731
303798123
303878033
304002022
304083006
304175551
304315868
304437961
304576731
304660872
304826405
304908023
305033889
305161266
305263815
305408286
305546727
305651923
305755783
305843767
305928732
306036208
306154975
306330514
306469632
306614240
306747889
306888283
307007705
307179029
307324059
307489161
307573316
307819433
308028048
308212685
308383452
308578379
308749507
308985279
309192018
309397724
309562656
309772141
309949877
310143293
310311580
310528512
310712581
310896350
311019506
311225929
311392834
311537676
311724336
311821356
311979356
312134095
312320004
312514653
312691130
312828590
312984777
313136086
313303140
313449054
313638975
313780577
313986447
314137546
314257631
314424497
314546480
314754970
314918840
315123836
315302362
315478206
315663678
315827941
315994058
316159521
316366597
316503242
316675333
316775897
316940326
317103181
317288074
317433675
317580480
317761326
317940353
318108990
318295665
318377486
318505075
318631566
318816726
318903551
319041712
319187109
319354775
319572420
319694034
319813114
319950948
320139671
320235918
320400254
320526733
320669808
320858652
321025655
321148581
321352942
321518815
321682608
321846528
321985875
322093441
322257627
322361178
322544061
322669031
322832175
322957414
323121755
323266522
323429279
323595414
323759852
323881556
324004342
324087892
324213477
324301057
324399898
324546715
324753081
324916108
325039651
325140687
325284272
325449851
325531840
325695820
325834633
325983215
326072852
326190632
326296221
326394850
326504405
326648669
326771907
326957848
327109834
327274231
327373023
327485896
327642921
327779926
327916500
328037648
328143005
328244113
328362173
328511823
328676406
328759205
328925275
329045938
329169308
329268217
329377020
329518285
329658676
329803470
329927578
330093201
330257543
330385041
330470380
330630686
330753702
330879106
331042709
331152082
331289462
331473814
331661910
331851667
331970079
332159435
332324635
332488152
332610928
332708182
332857499
332962690
333082887
333236377
333351218
333492409
333661488
333802399
334009084
334174449
334379951
334549853
334689371
334810240
334894785
335041351
335122977
335204461
335327918
335490885
335595668
335740910
335862842
336036320
336133686
336250634
336363786
336488390
336569633
336692724
336802180
336915705
337021499
337147422
337326096
337474044
337555336
337681638
337821666
337965242
338088182
338212320
338399112
338540946
338675152
338827929
339036226
339116984
339203334
339324329
339453293
339584220
339721571
339804704
339958131
340108522
340218985
340401099
340529983
340633708
340740071
340900078
341064037
341228238
341393512
341539069
341693883
341846344
342009359
342133888
342258155
342422227
342596630
342749964
342959016
343094053
343245296
343370548
343492132
343641306
343822754
343947078
344109692
344254897
344397620
344521714
344621453
344750466
344860011
345024721
345143899
345283563
345416376
345501780
345589909
345735531
345864049
345986417
346107510
346269747
346411674
346477831
346605701
346772656
346860875
347017811
347140932
347236653
347360514
347439014
347558803
347681673
347792852
347948112
348118739
348270064
348406682
348509700
348646033
348804850
348944413
349094190
349219471
349381281
349547602
349672632
349794287
349916668
349999877
350138794
350285785
350440921
350554391
350728882
350897931
351029125
351173377
351292483
351440391
351525442
351688766
351897512
352061462
352191202
352284756
352455037
352646537
352794922
352978355
353115128
353285280
353442890
353608731
353772029
353935214
354061558
354226494
354417653
354607705
354811655
354977830
355103416
355229151
355347793
355470318
355634045
355798364
355900533
356093238
356257108
356377892
356477180
356587669
356667322
356769144
356870645
356961509
357102449
357206816
357369259
357506497
357621107
357704618
357795573
357912624
358046924
358201628
358325956
358447687
358656426
358821894
358899513
359033116
359188901
359328425
359473123
359612109
359760585
359902356
360014484
360148818
360234401
360382727
360507755
360674066
360851385
361016443
361181700
361346351
361509968
361682241
361923453
362137256
362307214
362470541
362677554
362803504
362927493
363141377
363277849
363385515
363526843
363721903
363896147
363998291
364115388
364239741
364327052
364480823
364583559
364686876
364849759
364978711
365115265
365202432
365354277
365489811
365596669
365809047
365974309
366097510
366201214
366343218
366508359
366674007
366881151
367004642
367208949
367399547
367581771
367747827
367911081
368076151
368198058
368361915
368568511
368691486
368868329
369004987
369184583
369393037
369557302
369740027
369903102
370061271
370226162
370308090
370430961
370553777
370690887
370801812
370926622
371095450
371220735
371391534
371532905
371672993
371856502
372066339
372249764
372443309
372596227
372716972
372872640
372997576
373162186
373284933
373411580
373576378
373700999
373883007
374070022
374207748
374399531
374584815
374711327
374865615
375030729
375176106
375277670
375449713
375571000
375774826
375921628
376070945
376235612
376410398
376577822
376785119
376914541
377035787
377207030
377418816
377590140
377711763
377918971
378127819
378248792
378432585
378616576
378738953
378912648
378995552
379148175
379246781
379384927
379539359
379699598
379880020
380050422
380199420
380365710
380553285
380697214
380861005
381026411
381168994
381312186
381444075
381641881
381844700
381967548
382070377
382276902
382380091
382588906
382712601
382858974
383010859
383162605
383374352
383536479
383702745
383836098
383973196
384155815
384362378
384528158
384625188
384772557
384895662
385019667
385143611
385319425
385443038
385555938
385731430
385923824
386097817
386263251
386443860
386602380
386726349
386828955
386991289
387128422
387316593
387521263
387684230
387893791
387976730
388075418
388222483
388385791
388531268
388718082
388884676
389034077
389190771
389342530
389464221
389565023
389710761
389917567
390081845
390269157
390421043
390584930
390748487
390854441
391034646
391241529
391383008
391577371
391742633
391867503
392021277
392223798
392395478
392518147
392663263
393442983
393649108
393813469
393948647
394146870
394271082
394440527
394648183
394813007
394958084
395111851
395317152
395486068
395656479
395777507
395923730
396105281
396311239
396487173
396640171
396764217
396949718
397135798
397260378
397423257
397547250
397756328
397939409
398085647
398233924
398355090
398441659
398664748
398829729
398916267
399057587
399201594
399334002
399494599
399619666
399791845
400009317
400123256
400294146
400424838
400618140
400803668
400949675
401126495
401279796
401403245
401566546
401710764
401856821
402020566
402202437
402409876
402579709
402765353
402893551
403034324
403224036
403411115
403613004
403762438
403959876
404163716
404304049
404505589
404710523
404882030
405005887
405127796
405250680
405386673
405583233
405765944
405912753
406077367
406200467
406335276
406493586
406614972
406743577
406903120
407031804
407199089
407366483
407489372
407695585
407821733
407903728
408070924
408195642
408368443
408532165
408704344
408898309
409047207
409253857
409463461
409710062
409875133
410018181
410203947
410411369
410535595
410701278
410905880
411050979
411200815
411289281
411466959
411636120
411724085
411949397
412117131
412321991
412485595
412611108
412750667
412923532
413068153
413191463
413333953
413478340
413629903
413774099
413959299
414146397
414271695
414434853
414578355
414732629
414912527
415025861
415173238
415365022
415551758
415778310
416000262
416149991
416289800
416521523
416698233
416903439
417143103
417308985
417473018
417696958
417887996
418023763
418194295
418380976
418545428
418727135
418899334
419094577
419214347
419399179
419543586
419688153
419870157
420080836
420216211
420367229
420547331
420717588
420836700
420958173
421165870
421244855
421410577
421613044
421738462
421859733
421989154
422148640
422274430
422393306
422599349
422814785
422953557
423148538
423272272
423437684
423601510
423767724
423892588
424035523
424179724
424385756
424513285
424676295
424806765
425010370
425154963
425309573
425479969
425633258
425756280
425927206
426097773
426266661
426414048
426537625
426745912
426963927
427129514
427335084
427541666
427667503
427875363
427996045
428122982
428251644
428410299
428576157
428767508
428897471
429085113
429250061
429451564
429596385
429753622
429904295
430067409
430278501
430416821
430563752
430794283
430942615
431137214
431302611
431510776
431711991
431877704
432025247
432168044
432344562
432488294
432643077
432817618
433014462
433205685
433359071
433526715
433707475
433861487
434067595
434214598
434327132
434489622
434634734
434740471
434904969
435068740
435195768
435322766
435445125
435611060
435783117
435904674
436026028
436234244
436400311
436524416
436713267
436876584
437043469
437255379
437420653
437628008
437758750
437915847
438079848
438244719
438452108
438657196
438822213
438986896
439110308
439260546
439459562
439681650
439871412
440037650
440285474
440475400
440611864
440757551
440962871
441182147
441395261
441584310
441753902
441941551
442142486
442376784
442581706
442812780
442959990
443148929
443377982
443525108
443742263
443856421
444063315
444310791
444435651
444607461
444741015
444977185
445157090
445362334
445526153
445719073
445922956
446129368
446339942
446573848
446776194
446963474
447150241
447255290
447408398
447579176
447686527
447893300
448076526
448229037
448385679
448572409
448766095
448927820
449076976
449280838
449434453
449629300
449756060
449921371
450132818
450342439
450510479
450631890
450880127
451059695
451270476
451406424
451547973
451734654
451855626
451976864
452170828
452302728
452464615
452585621
452750360
452934999
453079173
453206155
453330427
453444072
453587753
453792666
453939871
454125458
454285323
454409480
454552624
454740588
454877469
455026746
455192098
455313443
455492670
455646494
455849469
456013637
456156089
456344058
456549482
456692172
456884478
457050747
457202842
457351462
457560160
457726244
457876384
458058377
458222228
458386311
458522951
458678950
458818387
458988826
459141603
459253939
459378910
459505337
459693650
459815267
460003997
460174521
460339564
460503723
460707667
460872398
461080271
461244814
461410134
461626045
461733084
461934502
462095222
462193677
462345050
462486451
462595088
462758515
462895467
462981269
463188766
463343799
463526734
463762375
463925282
464055551
464262317
464490120
464675869
464813431
464974219
465200287
465394374
465560616
465709290
465914842
466070866
466267705
466448348
466657448
466859132
467023368
467242799
467416106
467625233
467826511
467991344
468157087
468259020
468411989
468556586
468699708
468852832
469052044
469176799
469315682
469465267
469629365
469776958
469979609
470166042
470291263
470462798
470634948
470804128
471035352
471200610
471409318
471615877
471780138
471990365
472241096
472395374
472619868
472785818
472992959
473132075
473300603
473505766
473673777
473796417
473974267
474172124
474379020
474542332
474706433
474885155
474995582
475209449
475400225
475572804
475725996
475857038
475979118
476110704
476275602
476444746
476566153
476714572
476859986
477069447
477270134
477376122
477530279
477640531
477819036
478014464
478187909
478354471
478476452
478617569
478805264
478976127
479146260
479342385
479468369
479633722
479759347
479924480
480109027
480251339
480416958
480583966
480754644
480878064
481042103
481234464
481339910
481545796
481675817
481855110
481961545
482087133
482231404
482396124
482515179
482643456
482778801
482901782
483066558
483234788
483381142
483502282
483695402
483858802
484067662
484191904
484327349
484506139
484654041
484797042
484983943
485151705
485334769
485485195
485611539
485802293
485992013
486129167
486299503
486422123
486569060
486714708
486857081
487000665
487205111
487413644
487624088
487725759
487878875
488030625
488168008
488317724
488449296
488638227
488789575
488985986
489147183
489322735
489479043
489600101
489727857
489868016
490031709
490195696
490376849
490530858
490665252
490810995
490959204
491081641
491268257
491457190
491637574
491762773
491968817
492176349
492338002
492480034
492627213
492844164
493044848
493257166
493463444
493666690
493832967
494044744
494263266
494378443
494552686
494671287
494884327
495019308
495181253
495364811
495618728
495809894
496014773
496224259
496396237
496644210
496880991
497052748
497284393
497480226
497722725
497892305
498045815
498244067
498494918
498739056
498901277
499123207
499350431
499480942
499639825
499846237
500032753
500240834
500441084
500597649
500765738
500946897
501111674
501319421
501451915
501616526
501781517
501944575
502086514
502272753
502411207
502604202
502735945
502935791
503115503
503349291
503514744
503684570
503847002
504016963
504206031
504411981
504558259
504739899
504912108
505029107
505149676
505299683
505426413
505559223
505711301
505917142
506051984
506223161
506420954
506630383
506812212
507045500
507152184
507337735
507506327
507708392
507912584
508125865
508247920
508381186
508468027
508689780
508826784
508983950
509068010
509207721
509400770
509604938
509741030
509914252
510088558
510187831
510396983
510568268
510705624
510848925
511033243
511184285
511395219
511568234
511751128
511944917
512109043
512259382
512420932
512623621
512706224
512885048
513037590
513178051
513294594
513448745
513636184
513816405
514000321
514164653
514336130
514508439
514626526
514768906
514951146
515079021
515264764
515393300
515546039
515673326
515875565
516040701
516164207
516335682
516459921
516642498
516762710
516931949
517046180
517164585
517334087
517540172
517702885
517826629
517926349
518076452
518218044
518366722
518534097
518698405
518863894
519077232
519244274
519427134
519568932
519732647
519856599
519955899
520100781
520226790
520411968
520531378
520676407
520820731
520945543
521115727
521239991
521429791
521599767
521758212
521859089
522017291
522218840
522384254
522551673
522671997
522836217
523002930
523167742
523335721
523508056
523672257
523795295
523967111
524131423
524261783
524395366
524575740
524759470
524881967
525045805
525169328
525263135
525380876
525484711
525640003
525794232
525962652
526083408
526225603
526345606
526455904
526585730
526715390
526851289
526961188
527104927
527262547
527379303
527495647
527634691
527756721
527875053
527957513
528134221
528255233
528380437
528505134
528680731
528858007
529008767
529135661
529273950
529419617
529543542
529646129
529767992
529913920
530055903
530212663
530331763
530475553
530576648
530747153
530912123
531033600
531161043
531326041
531513554
531689277
531841451
532012876
532195290
532400504
532488846
532625792
532812286
533018109
533141837
533332775
533536902
533741026
533949861
534125614
534306151
534480367
534592701
534796364
534960284
535148855
535246982
535385606
535538570
535744962
535881351
536076267
536240875
536452773
536541867
536706899
536825723
536968745
537114251
537211183
537360965
537524710
537667558
537812326
537935088
538017868
538140710
538305782
538387444
538552546
538674849
538775192
538929275
539049316
539140897
539272394
539430739
539576685
539696185
539803405
539900274
539985559
540170706
540277300
540375696
540540142
540623836
540767839
540875969
540990867
541086803
541250307
541428358
541538668
541684255
541860377
542008517
542170397
542313720
542457467
542545844
542667148
542749570
542845793
542995002
543118204
543256323
543373889
543497314
543586612
543730198
543848826
544002641
544160885
544293498
544415008
544624389
544761048
544879840
544990842
545071888
545234881
545376597
545484603
545579616
545690933
545836675
545936888
546062107
546164112
546281505
546391103
546607943
546702307
546786897
546893874
547022533
547201292
547372790
547556488
547678865
547760304
547929010
548022657
548175565
548279747
548434124
548574068
548691791
548840439
548923841
549016729
549102200
549307253
549455090
549537663
549743036
549911445
549993898
550098342
550214199
550375260
550460406
550583078
550709252
550801967
550978061
551093934
551234084
551321289
551476182
551644928
551750961
551876924
552002547
552125952
552334736
552501986
552664720
552797050
552912126
553038877
553171984
553258043
553380192
553531541
553635601
553817706
553960093
554080322
554229722
554396862
554561702
554769737
554937292
555070311
555195369
555388009
555577417
555725068
555808225
555942086
556083856
556237090
556328318
556479422
556652640
556823633
556970515
557135709
557344943
557422839
557552301
557667868
557834525
557977809
558120030
558244773
558326862
558473236
558614303
558744728
558869083
559010991
559118435
559245761
559339422
559491253
559633175
559747050
559905219
560052106
560170527
560313805
560436087
560625582
560790072
560909005
561049604
561159568
561241937
561375811
561489610
561619011
561736636
561862266
562027948
562160323
562265773
562451705
562617978
569980674
570113011
570201803
570378705
570473008
570582912
570707873
570882663
571040026
571219104
571394564
571552094
571694117
571807427
571932531
572107819
572294769
572401093
572541105
572687080
572819121
572990490
573152114
573315247
573481130
573629425
573814023
573990938
574146494
574250861
574374382
574535593
574698875
574870858
575040143
575134487
575247744
575417969
575601412
575762416
575899076
576016573
576144930
576197017
576300453
576431163
576598973
576706494
576856650
576975874
577094360
577214372
577325052
577460059
577627968
577752854
577855386
577972863
578158139
578278189
578469694
578604454
578727259
578882708
579051106
579247143
579433725
579596929
579766430
580013566
580232116
580438535
580618577
580815780
580999769
581228785
581362988
581515850
581701055
581960518
582133159
582330985
582574627
582747521
582932693
583090402
583243019
583409967
583591347
583786377
583955971
584120485
584259840
584387357
584577257
584698765
584823460
584977692
585118920
585304204
585424225
585594811
585780334
585903023
586076076
586215614
586367048
586530169
586659828
586856819
587020650
587142584
587291756
587478578
587684133
587810761
587974026
588139260
588263080
588472028
588618924
588809808
589016833
589140050
589348277
589534955
589677433
589824775
589971359
590129326
590295460
590464412
590655990
590795423
590964244
591091742
591217415
591363413
591463581
591670264
591834347
592046531
592209725
592327819
592509798
592742731
592907041
593001519
593120675
593239678
593402257
593497797
593608194
593774249
593913645
594083037
594163958
594269329
594402564
594522471
594632130
594726335
594885848
594967221
595090209
595253401
595416980
595552735
595638788
595757452
595926335
596036300
596205136
596391850
596579145
596667399
596832823
596925851
597015004
597172047
597288577
597424064
597570014
597713305
597798213
597940893
598026876
598157330
598245258
598352954
598475698
598561086
598679779
598805668
598977214
599133196
599296535
599435504
599585121
599711149
599872322
600001884
600165859
600256687
600351428
600472594
600584301
600750746
600886206
601009448
601139154
601354735
601463840
601595358
601714475
601802818
601935019
602088412
602174708
602326900
602490516
602655282
602878662
602988632
603151680
603275717
603398288
603534717
603649605
603776983
603943020
604026123
604167706
604312093
604395970
604578252
604726072
604807429
604936543
605053823
605260691
605350800
605436884
605674605
605882078
606045881
606126841
606249783
606340684
606457490
606537863
606680756
606832848
606949804
607122789
607275245
607411793
607562732
607730668
607878353
608022026
608187710
608393007
608518712
608728884
608855549
608947329
609117555
609208325
609360062
609495839
609643515
609774289
609889629
610053045
610174324
610317538
610459982
610545979
610624172
610760906
610847159
610966546
611080597
611202530
611325534
611413077
611546082
611718096
611873858
611993063
612109562
612191162
612273143
612367834
612571084
612723745
612846145
613051848
613234924
613378548
613555928
613706636
613934684
614055518
614225463
614367510
614530903
614702807
614929141
615117969
615283225
615472708
615582140
615716145
615914685
616131292
616377651
616544433
616725530
616905901
617030900
617154798
617284225
617446807
617643500
617798543
617932222
618038587
618155900
618285725
618415354
618540091
618666602
618791870
618952540
619120848
619212529
619349995
619448142
619588122
619740511
619832399
619998938
620117219
620232794
620356374
620478847
620602997
620684904
620786342
620903054
621069454
621132242
621275062
621357901
621481322
621645014
621817468
621981870
622089033
622240086
622407838
622571857
622697008
622857916
623038936
623211893
623437758
623665240
623828641
624034644
624245852
624409289
624586606
624799015
624930584
625100131
625251632
625415184
625583608
625773270
625955620
626119152
626239915
626362157
626485638
626622945
626771234
626899826
627068556
627210905
627355997
627567442
627715132
627862544
627984881
628148929
628312766
628434689
628557402
628720391
628824392
628967537
629172994
629326456
629468280
629598455
629734670
629880849
630043976
630163704
630292843
630438226
630539182
630703182
630784580
630910554
631076410
631237280
631318758
631523611
631668778
631815257
631941096
632076777
632195190
632347183
632435784
632570702
632763037
632926924
633093326
633175684
633373681
633516622
633639533
633846623
633991609
634150123
634342796
634529270
634724662
634880725
635069359
635202962
635287396
635357150
635441925
635554701
635671579
635857611
636067103
636231964
636359493
636463064
636561612
636684100
636826175
636938628
637064016
637185072
637285988
637349116
637472551
637595480
637758700
637898516
638017769
638177870
638317296
638505024
638628124
638775138
638875907
638999862
639081221
639246138
639338149
639532408
639655195
639861848
640025549
640189514
640313730
640476962
640639408
640762786
640926296
641049554
641214652
641420922
641582615
641719035
641867515
642033538
642127328
642280081
642417157
642523059
642609064
642768807
642933250
643096787
643263291
643402551
643590355
643725252
643895371
644040296
644136814
644286562
644422855
644532304
644656919
644822180
644951214
645151122
645316425
645482125
645652294
645740548
645892767
646017540
646179141
646343196
646488650
646629676
646759922
646956522
647161281
647309946
647462458
647636161
647820260
648005636
648215231
648379134
648511393
648674785
648879709
649087497
649313998
649537946
649744357
649952158
650115047
650322163
650486490
650649307
650853842
651071848
651263418
651445868
651591548
651734936
651918654
652123797
652340831
652506423
652650812
652836239
652958333
653126208
653338263
653501498
653647337
653828673
653993216
654157094
654362842
654525083
654731634
654908594
655072397
655242916
655420461
655651583
655827475
656061947
656866305
656987764
657198786
657305684
657493051
657842156
658045887
658140942
658333182
658499018
658579825
658718636
658876170
659046416
659256093
659413711
659551159
659702626
659875887
660055442
660213641
660413708
660538568
660759886
660934920
661074954
661221084
661402325
661593713
661728969
661866165
662049287
662274065
662503391
662699438
662836684
662964597
663201523
663326939
663504684
663668469
663881593
664012801
664210116
664386905
664592105
664743219
664881928
665001502
665154515
665323061
665528023
665667846
665873204
666042913
666228386
666358381
666569023
666703507
666939149
667104751
667227155
667392625
667597811
667780585
667927688
668069695
668214867
668336675
668512344
668710156
668915600
669128858
669263973
669362010
669567463
669752301
669897491
670042775
670207859
670330232
670494793
670717300
670879416
671023201
671260554
671444736
671616351
671808352
671968796
672092850
672235034
672423121
672627095
672805478
673021203
673200558
673406090
673502630
673616434
673759580
673901911
674114656
674279582
674414489
674556045
674752050
674880195
675020937
675209816
675416097
675587978
675715125
675841921
676009492
676175087
676357210
676563667
676713051
676921877
677055630
677219832
677427420
677567183
677756349
677931177
678096485
678261309
678398230
678553523
678724508
678873681
679080865
679225041
679396233
679561471
679685674
679823617
680035770
680160148
680330866
680539682
680703783
680948856
681115312
681290960
681525909
681712490
681918348
682082433
682277940
682437421
682725025
682903944
683054649
683218763
683428025
683552494
683722228
683850129
684057207
684203938
684357126
684474027
684601781
684770558
684912444
685144797
685282501
685468932
685593215
685798221
685923241
686092113
686304743
686468720
686641426
686800990
686981266
687114384
687266643
687401819
687626275
687759629
687930989
688052334
688212075
688416664
688556629
688722713
688884712
689095959
689316364
689480360
689614813
689851670
690067602
690238498
690416335
690579322
690745335
690867563
691031452
691162527
691328828
691508193
691656117
691819899
691983756
692162798
692317349
692528038
692647610
692772698
692942041
693125843
693312716
693527058
693690146
693831966
693980583
694146843
694328380
694496005
694659743
694825206
694965486
695158271
695298279
695447657
695669658
695831327
696066834
696185481
696304268
696455780
696661590
696799084
696949312
697127073
697334119
697540420
697705591
697871508
697976957
698104880
698260158
698418456
698537739
698684333
698841686
699027719
699171931
699355645
699505463
699677403
699889115
700013405
700219324
700385313
700590639
700771648
700942617
701125156
701331909
701505758
701674896
701794299
702031935
702213545
702402248
702549364
702690939
702875563
703023126
703208193
703412994
703543023
703742997
703919347
704116330
704295498
704499244
704647621
704877605
704996854
705148795
705287833
705393058
705567692
705732601
705898967
706022509
706190653
706325297
706537015
706687398
706825049
706985676
707187836
707394755
707597803
707764785
707908839
708065505
708183854
708409454
708590524
708730854
708904463
709021995
709171221
709338665
709540157
709703367
709910258
710119177
710266450
710449916
710589660
710738616
710880837
711035562
711242218
711376420
711508299
711656826
711833469
712068967
712235663
712385119
712568573
712774541
712900981
713104690
713351940
713498322
713686338
713916761
714115624
714283642
714450862
714619615
714765308
714910371
715089010
715285509
715456738
715635132
715794435
715957514
716096840
716328983
716505928
716657221
716821731
716944761
717096564
717300622
717469223
717680239
717807156
717966491
718133839
718312882
718500678
718736976
718973767
719154827
719359101
719539649
719725266
719930853
720137104
720301823
720467001
720633907
720839193
721015308
721178827
721350187
721518951
721688240
721821038
722041939
722194280
722378443
722555966
722727397
722846509
723004440
723161364
723325843
723514737
723701732
723878254
724042569
724266911
724418046
724559194
724710450
724847863
725039430
725208169
725374327
725546256
725751315
725853703
726043860
726250862
726402295
726554225
726768127
726988428
727159353
727410450
727598147
727751214
727954876
728148824
728368989
728566269
728729701
728892462
729071086
729260828
729416305
729600756
729765443
729886218
730050392
730215532
730423156
730571951
730742249
730885479
731045749
731186307
731370026
731517177
731664854
731810355
731976369
732114335
732277862
732404012
732594744
732748440
732860932
733036544
733207579
733381047
733586595
733811862
733999310
734207588
734369422
734550230
734699363
734906525
735052509
735209819
735380751
735551211
735743469
735950296
736113707
736325555
736529251
736649220
736773262
736957012
737079721
737228479
737445882
737609329
737736734
737902648
738066500
738270762
738397515
738494458
738644591
738737500
738907493
739141221
739347777
739513259
739666779
739820818
739993090
740108166
740235285
740481167
740658633
740856093
741087071
741251837
741381068
741543817
741724992
741912730
742116012
742282072
742449201
742579852
742745479
742916919
743137628
743281089
743450026
743577438
743793452
743993176
744115886
744238912
744376500
744585139
744754282
744940374
745162632
745319725
745454655
745596784
745807855
745956547
746140715
746288187
746479580
746610393
746817840
747022678
747202277
747372877
747558372
747737633
747976532
748103354
748252881
748486689
748616266
748784581
748982564
749147658
749332683
749486759
749650406
749868485
750015681
750247953
750470275
750641143
750871803
751088311
751258244
751422062
751546735
751648978
751791964
751984176
752133471
752340041
752472734
752643654
752800622
752968785
753073645
753214735
753431506
753567311
753721072
753839297
754079503
754243649
754452525
754658832
754799502
754996369
755122431
755308242
755539140
755709728
755928882
756141548
756327396
756511798
756675700
756854541
757048036
757181716
757317879
757458255
757625270
757794377
757961090
758081652
758262730
758413354
758577221
758756128
758948314
759148569
759294412
759441538
759618247
759810726
760016598
760204639
760374815
760527176
760729507
760852304
761016857
761185863
761350832
761495507
761680018
761884835
762077641
762221141
762341627
762516267
762661430
762834057
763042881
763167466
763332196
763496421
763661766
763825487
763948881
764122764
764298630
764455671
764663511
764799558
765032689
765175690
765360669
765567620
765732353
765968484
766089465
766239608
766428615
766539723
766687707
766817229
767004451
767167029
767308398
767493225
767596901
767757084
767932134
768078799
768289799
768457713
768621856
768794883
768918664
769082215
769238275
769421950
769653346
769839950
769965947
770172765
770387293
770519769
770689731
770868686
771073292
771220914
771330660
771445782
771610529
771776590
771901510
772070094
772236471
772401161
772573349
772701937
772843300
773002078
773144100
773332972
773463542
773627929
773798466
773963337
774135435
774338279
774429734
774545893
774762139
774969107
775159471
775309882
775506822
775667138
775890604
776013992
776185420
776340346
776577195
776743762
776948368
777113258
777244031
777442991
777611487
777795049
777939403
778146546
778323576
778488744
778697668
778863874
779009306
779162436
779404075
779566561
779692627
779895280
780060353
780197521
780354965
780524205
780667209
780783244
780953291
781143093
781313902
781483709
781689863
781856823
782021086
782246316
782397322
782639824
782735137
782906310
783087511
783245053
783408415
783590672
783765405
783919970
784127988
784276975
784441193
784619771
784821314
785026265
785220072
785383133
785610117
785801595
786009369
786188962
786374474
786548425
786690716
786877081
786997983
787120351
787284450
787457583
787654098
787797074
788024106
788207528
788395481
788584032
788764062
788939545
789090938
789296007
789440138
789597801
789754162
789923436
790087709
790266083
790456483
790621906
790798479
790995486
791214369
791373794
791543852
791769362
791914927
792126994
792275673
792430076
792607756
792732213
792932077
793053497
793217065
793382099
793545961
793711213
793875799
794081830
794247954
794411625
794579218
794722753
794879687
795054663
795249692
795437743
795668395
795812463
796021239
796206971
796341962
796513050
796702001
796841099
797017889
797166010
797382760
797546104
797740517
797881343
798044553
798169234
798344128
798452240
798558586
798753884
798862182
799012484
799173988
799338938
799461303
799564403
799683171
799790173
799928091
800102276
800274400
800379931
800511095
800650312
800770701
800935494
801099686
801263174
801390532
801472427
801555912
801684783
801848354
802016270
802137168
802264653
802388365
802530780
802653110
802774479
802881429
803028449
803115978
803267063
803380146
803545888
803635677
803766039
803855050
803984113
804120016
804285781
804505733
804654719
804818538
804915643
805025025
805233733
805412608
805571311
805735778
805877652
806059967
806226162
806439556
806588962
806788603
807012215
807179807
807320926
807508455
807705245
807863375
808056520
808182871
808379453
808503688
808703896
808907203
809070854
809259426
809449060
809613372
809743063
809943851
810157246
810321862
810418550
810588119
810818814
810951063
811095877
811214230
811327207
811511345
811681581
811836964
812015404
812206845
812370303
812547138
812666358
812827521
812986567
813150062
813334473
813534760
813688720
813869764
813989265
814132243
814285684
814422097
814567855
814733640
814865034
815059735
815220154
815384548
815515167
815638365
815843024
816007597
816218532
816426920
816558112
816796584
816962683
817084444
817265703
817472975
817634336
817798343
817962302
818125980
818289709
818413541
818559282
818740699
818950348
819115068
819260943
819452177
819668226
819835627
820001501
820178986
820383953
820561036
820680257
820850784
821022326
821208490
821346328
821456270
821638832
821801244
821998322
822134308
822299555
822445477
822654269
822838680
823005329
823167276
823327004
823497601
823703613
823825370
824048234
824182049
824332841
824504676
824636731
824816996
825020106
825220575
825385268
825574174
825727625
825882852
826087750
826310719
826468325
826637641
826801603
826965468
827110402
827252784
827349374
827504961
827667948
827811014
828015302
828157949
828352752
828498253
828663201
828826848
829031622
829195174
829359232
829529075
829736566
829901113
830103105
830282177
830454412
830642504
830805908
830976410
831110952
831310370
831468233
831637070
831835288
831983608
832107744
832253517
832459556
832668492
832884930
833110935
833274222
833480120
833603168
833808636
833938059
834078118
834247832
834386830
834567152
834715581
834837638
835011396
835207994
842205686
842411684
842558621
842673245
842844051
842934597
843068757
843182367
843304736
843425097
843592094
843717832
843881872
844005700
844172982
844294139
844400950
844588538
844669718
844833706
844913543
845020726
845203382
845345561
845473243
845649599
845820127
845985659
846148692
846317846
846400688
846538889
846705413
846834206
846972383
847095912
847223449
847316578
847427867
847588625
847767501
847928240
848012936
848183589
848350712
848514258
848677156
848834257
848975900
849098975
849228891
849393528
849560019
849731624
849862144
849986474
850107821
850239448
850341069
850399339
850523729
850752292
850904688
851063015
851254262
851391208
851623573
851794803
851961510
852169434
852313029
852497238
852636158
852782946
852924791
853070906
853247111
853412750
853554436
853725446
853874051
854044168
854190619
854366861
854518494
854684665
854847962
855011882
855150017
855269973
855421144
855557049
855707435
855872028
856016621
856169329
856308207
856493073
856637716
856784753
856908542
857112656
857287239
857439907
857651459
857815136
857994906
858185200
858364212
858535856
858679764
858842690
859018546
859220639
859423990
859587425
859803912
859958765
860144030
860297787
860501303
860611945
860816166
860980353
861143517
861309945
861488303
861666286
861897223
862061185
862266314
862406321
862556829
862722117
862926754
863080238
863296752
863438716
863659173
863827427
863941618
864051969
864145886
864297613
864461504
864545597
864625497
864851947
864973903
865102446
865230600
865360781
865479700
865633598
865755970
865852458
866060929
866206482
866369862
866535415
866704051
866862268
867028508
867115300
867278669
867398973
867522074
867608464
867742264
867944840
868133225
868282609
868404898
868498478
868583270
868733582
868831332
868944992
869118165
869203506
869313314
869476760
869599382
869730127
869852992
869987776
870106503
870217571
870299226
870395510
870509326
870654950
870841214
871049559
871186963
871387427
871543666
871685089
871806057
871922818
872034510
872246324
872383450
872569697
872775586
872979904
873067521
873231117
873353502
873501128
873586293
873769621
873933235
874077873
874189238
874296186
874434839
874600020
874763885
874887080
874978878
875109473
875263104
875348186
875462945
875605001
875766659
875935755
876022668
876125943
876208793
876340276
876526725
876666890
876810963
876953113
877050380
877198248
877344086
877541673
877705277
877827090
877916427
878077313
878218881
878400446
878491258
878627398
878750294
878851966
878975028
879074868
879225697
879347882
879511940
879599838
879763384
879927295
880090203
880254114
880387280
880500236
880623708
880762097
880969996
881139648
881288929
881458500
881543050
881696336
881872999
882085721
882323648
882535999
882703544
882918154
883085648
883290058
883471099
883562846
883719098
883929374
884100633
884304460
884433168
884645849
884816427
884987541
885158150
885397156
885586679
885837067
886074837
886241222
886452779
886617730
886820642
886994414
887156922
887285552
887426104
887617308
887778663
887942099
888105996
888229127
888312760
888489012
888609377
888726719
888912098
889010883
889127646
889262416
889381685
889579197
889743004
889825663
889949482
890073161
890250437
890361018
890519705
890605553
890768136
890931537
891052764
891238648
891385903
891565865
891655963
891863947
891983596
892093068
892216639
892380394
892502899
892666947
892871431
893076868
893240237
893342576
893486577
893650972
893773817
893939162
894074508
894187529
894329802
894449067
894568070
894689270
894805466
894940757
895084397
895266025
895414074
895576595
895783070
895949060
896114961
896256598
896460660
896612326
896791429
896876498
897063588
897226173
897349786
897554602
897759652
897896235
898005238
898169115
898354177
898536570
898740887
898945546
899108206
899296409
899495620
899665072
899828696
900005341
900194255
900358599
900523468
900696693
900858492
901033120
901187101
901407432
901570098
901717048
901855204
902065153
902182274
902359909
902535579
902688687
902884639
903047635
903231000
903416576
903638819
903866309
904030798
904194144
904357856
904569282
904734898
904951208
905115869
905343418
905496132
905608663
905751329
905955464
906099456
906285356
906490543
906735655
906944835
907123050
907293467
907496653
907667828
907767813
907931144
908077048
908220467
908435155
908558562
908722944
908894908
909032438
909181582
909354558
909526142
909732276
909880812
910086485
910225057
910372112
910495155
910700973
910887905
911070029
911245833
911416495
911622013
911808825
912019346
912162884
912325316
912489254
912704936
912824747
912988636
913192783
913315721
913479864
913610152
913751992
913897157
914101758
914226691
914433752
914596493
914762380
914928737
915067523
915186702
915296737
915420092
915562246
915751604
915877449
916080168
916245090
916450695
916614163
916752432
916928795
917073780
917300638
917466096
917663355
917841554
918037104
918219796
918364003
918544084
918713186
918924063
919068200
919274595
919426516
919600836
919754751
919925296
920088254
920211158
920376359
920595182
920746034
920950733
921179592
921403906
921609373
921774501
921911492
922104820
922227587
922380878
922579938
922715589
922910185
923099913
923324233
923488976
923700063
923838212
924027296
924190801
924413943
924560498
924766832
924930527
925136696
925299919
925474919
925644771
925843279
926047108
926199234
926363133
926527477
926737045
926902597
927124995
927295665
927477069
927640875
927765782
927927543
928145447
928254936
928465056
928594037
928712592
928915974
929019156
929167484
929322031
929503340
929627155
929840149
930044143
930213767
930414689
930536954
930676817
930825257
930964519
931122419
931255565
931460006
931664008
931859060
931983104
932145692
932309101
932510831
932768454
933011173
933240105
933403923
933574077
933723126
933991495
934152584
934330714
934451115
934730020
934921021
935020657
935196902
935367041
935617602
935821884
935961911
936148789
936357426
936561885
936731939
936855379
937040719
937251040
937408254
937579875
937733133
937933326
938105527
938228550
938392164
938607646
938777046
938947268
939132628
939340933
939556400
939777931
939896931
940071247
940274359
940459506
940601616
940753463
940919727
941109732
941256506
941378489
941501837
941626444
941789648
941953652
942163570
942301774
942455047
942661064
942858772
943037122
943270487
943443889
943558271
943766086
943993784
944198218
944384310
944523175
944671229
944821947
