0
5353
32943
65763
101351
133346
166262
200656
234710
267811
310305
336460
368436
402297
435093
469113
503233
538220
570041
605039
644435
672266
704282
737559
773303
804982
838372
872892
907267
938487
981617
1007288
1319890
1514502
1685704
1850650
2087515
2287708
2521834
2664945
2929245
3197893
3432765
3677217
3934619
4204969
4477701
4747371
4949150
5216583
5484552
5723867
5955065
6196724
6470338
6667566
6902045
7146659
7385195
7616406
7883053
8126317
8400079
8595215
8834799
9004477
9211514
9427007
9655038
9859925
10065691
10311385
10546548
10789007
10949801
11086429
11352905
11622072
11823914
12063363
12329641
12566470
12832641
13107227
13374590
13610023
13818551
14121259
14418097
14658661
14860424
15043239
15242315
15488649
15756694
15992325
16164496
16435764
16598064
16876700
17211901
17513321
17780253
18049762
18324457
18574952
18911831
19177921
19516636
19815262
20086931
20403339
20706361
20975376
21177457
21480725
21717292
21983754
22253961
22521523
22791140
23062058
23466617
23704848
23950068
24214198
24484940
24836798
25137953
25407568
25685816
25955136
26183763
26486340
26823081
27033024
27329953
27599317
27937455
28248081
28447677
28686435
28919055
29059449
29290930
29591841
29805554
30082125
30278371
30581170
30848709
31051111
31389490
31693556
32002696
32177873
32381228
32682031
32925606
33227601
33568826
33873061
34109364
34318183
34652585
34957703
35296165
35565335
35868428
36242338
36414816
36721230
37025834
37259333
37497404
37835680
38169708
38471025
38805726
39142137
39410891
39683902
39979285
40218807
40482469
40782922
41087451
41357671
41662585
41933915
42265846
42577499
42911596
43106621
43308301
43515451
43815957
44117571
44461297
44762134
45034179
45240775
45542270
45828319
46132672
46400851
46737244
46979862
47245875
47513633
47847900
48150202
48487561
48754756
49055681
49331345
49667326
49971286
50274150
50543840
50742354
51045481
51416622
51757786
52061263
52335086
52504093
52769219
53113778
53498239
53801266
54102596
54412377
54707740
55013674
55347296
55650458
55990249
56263597
56570044
56873714
57119215
57383641
57720153
58055912
58364014
58624468
58869476
59169625
59440634
59712644
60021865
60368497
60710241
60988650
61291358
61553325
61795931
62096218
62438266
62717275
63018402
63328729
63533880
63906159
64202549
64436370
64716070
64923947
65189671
65456513
65825257
66169458
66508914
66811461
67081494
67382880
67628425
68021407
68300341
68649791
68942274
69209107
69494067
69796737
70068629
70308661
70620516
70920836
71186765
71491511
71762401
72098228
72373733
72676452
72980333
73287555
73582892
73884881
74187500
74453723
74697881
75034655
75343212
75577155
75786972
76057866
76364428
76664352
77032621
77300971
77573024
77907725
78117112
78452066
78748985
79125623
79462627
79727062
80073838
80309638
80629549
80945403
81246816
81540791
81831143
82098706
82367988
82648291
82984495
83244228
83476776
83812981
84049084
84282720
84563247
84904217
85166712
85440340
85742193
86047474
86356749
86651921
86956739
87276777
87610168
87875969
88144305
88391204
88649275
88852449
89020619
89300041
89556654
89892781
90200455
90503703
90812384
91114983
91427591
91659137
91959400
92260676
92530864
92779108
93089441
93367198
93715938
93976922
94285395
94586799
94856000
95191115
95511233
95884518
96196635
96529938
96825578
97198949
97565586
97936301
98218334
98522988
98906685
99203593
99483153
99752428
100103243
100375514
100745454
101054879
101425962
103410581
103852842
104438598
104837857
105130220
105420728
106134892
106427878
106807472
107108530
107413204
107749322
108082401
108314916
108516402
108717795
108986159
109330543
109600976
109874293
110145478
110414236
110717197
110991485
111262296
111565879
111765773
112032295
112308336
112560650
112894868
113086665
113390900
113670113
113913431
114249589
114511259
114889137
115191421
115537688
115742160
116044952
116316614
116588892
116893461
117161526
117436188
117736921
118106868
118374445
118652221
118844095
119187323
119520858
119832276
120135008
120372136
120680833
120943724
121216152
121451486
121589554
121889865
122161719
122395450
122703844
122900415
123171266
123480787
123747030
123950629
124288732
124490090
124758233
125011615
125314600
125617323
125889255
126027001
126294036
126595609
126912923
127180680
127486698
127828711
128064100
128297908
128542899
128882161
129116701
129327596
129562817
129864361
130101727
130372177
130607040
130848766
131146290
131380311
131686083
132020275
132288744
132494772
132796053
133099153
133433036
133739439
134006045
134254055
134522836
134800486
135097065
135432873
135635880
135911393
136205432
136508231
136712736
137082247
137385366
137684865
137989035
138270350
138603495
138999900
139308184
139712394
140047672
140315421
140638842
140903269
141170577
141441720
141741649
142085323
142386711
142690376
143099747
143433367
143801524
144105843
144356113
144616753
144885517
145197467
145566582
145838607
146109049
146341591
146582907
146847414
147055077
147322126
147664591
148033538
148337227
148608604
148845116
149088652
149349004
149685001
149950513
150158509
150459686
150738186
151072297
151416025
151717297
152019121
152389193
152588160
152924707
153231287
153601296
153849334
154187903
154515786
154756167
155059843
155373643
155672532
156016145
156293948
156537997
156776194
156974526
157247232
157546843
157890584
158194500
158432393
158702201
159016512
159349504
159552253
159891571
160190229
160538530
160850368
161153832
161454776
161723148
162024902
162337014
162673868
162968498
163233351
163504802
163739961
164015755
164315443
164518566
164855012
165028042
165257505
165526266
165863898
166135515
166379328
166713926
166940043
167241852
167583116
167851424
168164774
168408451
168711147
168873792
169211365
169480819
169754909
170098587
170331139
170592842
170862352
171165049
171437879
171704312
172009603
172344008
172723677
172989073
173295550
173675055
173977350
174279289
174581114
174917878
175321381
175590255
175895177
176196892
176468724
176842074
177140273
177474313
177743174
178115282
178416182
178716558
179085447
179429420
179629923
179884132
180144060
180481495
180748159
181016279
181354910
181698839
181969448
182207877
182473702
182721854
183033273
183333423
183736595
184004306
184210186
184545270
184814773
185082181
185350238
185655228
185892094
186191191
186461839
186731651
187067650
187336644
187615240
187916614
188181256
188482721
188766565
189117569
189406166
189755666
190060280
190326970
190629501
190943648
191279548
191506171
191718789
192021715
192322229
192523804
192863191
193109858
193448114
193813292
194123887
194462228
194754772
194987951
195290866
195592425
195864190
195997323
196246580
196585018
196951105
197286502
197654970
197964200
198300432
198508882
198804101
199140688
199414934
199683128
199918317
200204218
200537387
200766234
201031570
201268335
201548219
201798169
202011387
202244999
202468738
202736749
203015855
203291540
203530471
203797326
204134339
204438539
204740829
205017047
205255078
205556854
205693386
205932131
206277605
206580627
206822016
207053945
207222642
207458603
207766184
208062296
208370916
208706127
209039209
209376822
209671843
209949612
210331072
210560372
210905152
211198878
211536435
211837141
212138200
212474318
212759280
213054168
213371069
213639516
213886109
216310728
216717235
216997282
218004270
218270710
218681733
218980007
219280089
219616399
219914583
220247286
220552895
220895803
221165743
221402619
221668428
221869195
222104090
222305524
222573241
222808902
223012211
223246817
223481495
223727873
223957085
224225859
224429716
224696078
224896410
225100566
225302233
225516544
225719345
225921215
226094245
226315462
