0
24696
57413
100228
124067
156415
191008
224103
258580
292982
328885
358109
391728
433516
459538
493331
526626
559617
594715
628715
665087
694333
727259
764994
794344
827697
862169
896498
932621
966175
1002536
1413170
1647146
1883105
2152748
2388585
2558410
2797022
2996497
3199885
3570241
4571888
4883555
5197940
5653191
5956867
6198338
6409907
6618346
6815699
7361589
8364383
8540445
8733641
8964310
9164719
9301863
9509083
9742915
10010933
10253693
10400201
10597666
10770644
10933876
11135970
11371699
11574161
11753345
11946495
12153925
12389525
12623855
12798581
13028960
13302780
13606811
13742479
13909928
14117878
14350456
14524573
14724521
14959320
15168142
15399047
15665738
15973218
16218418
16450096
16619603
16754492
16962726
17157956
17357813
17600647
17781692
17968449
18177197
18450686
18851440
19165545
19434225
19704790
20005401
20210654
20477334
20747477
20983064
21263680
21679378
22027463
22328403
22566137
22832397
23103546
23408929
23678856
23878372
24156324
24488268
24896320
25129349
25361322
25602584
25804806
26010932
26240394
26442711
26645675
26935364
27420500
27658939
27875853
28109337
28346052
28522216
28768746
28960701
29234319
29506352
29784789
30117504
30312481
30547478
30749328
31018427
31252816
31521474
31860512
32199698
32499380
32665714
32811471
33036755
33306110
33573870
33815527
34117139
34528858
34895410
35168546
35403852
35638726
35815116
36045812
36323719
36592961
36830337
37135444
37378789
