0
1800
16466
32464
49336
66517
83017
100161
117964
134501
152750
169536
189510
207861
223917
238913
257832
272913
291965
316973
329799
347905
365706
380799
399956
416558
431280
448421
467719
483660
502635
519514
534273
549265
566875
583860
601094
620143
634740
652309
669142
688117
705312
722490
736488
754407
773235
789020
806031
825793
840692
863328
876739
890408
907563
926670
942936
958825
975059
991952
1009075
1145928
1289010
1447847
1591797
1743710
1858576
1998695
2169579
2325199
2416469
2515343
2617070
2756696
2906952
3059549
3180893
3330116
3415753
3551380
3726143
3863432
3967928
4036401
4121706
4238890
4406022
4563037
4649935
4766912
4915297
5050218
5204976
5311495
5439198
5597224
5711615
5778450
5914574
6018138
6070255
6135338
6201914
6323090
6427534
6575120
6743427
6880516
7052531
7162186
7272638
7410849
7532363
7597045
7682531
7749283
7903447
8061944
8496707
8631825
8752533
8902348
9088622
9240921
9427137
9614974
9800868
9889206
10039015
10207813
10377699
10529525
10698731
10851565
11003981
11138991
11291376
11444486
11598407
11765881
11951636
12137126
12292288
12429463
12599411
12768020
12935867
13085368
13254572
13372910
13474597
13576195
13762410
13952600
14100338
14778071
14968546
15098756
15216671
15319920
15504533
15675334
15759718
15928488
16030336
16132202
16286170
16404659
16582120
16735388
16870469
17008479
17140413
17312044
17497015
17615508
17734650
17857695
17970463
18055504
18161247
18296718
18399721
18519424
18699097
18834545
18952936
19104459
19275228
19401836
19517084
19619167
19758405
19888755
20008082
20110274
20295341
20413765
20548306
20667106
20785588
20904303
21013728
21199928
21284880
21385190
21521166
21658213
21792219
21909962
22028365
22214005
22383421
22488234
22570915
22659949
22830139
22981582
23099661
23185295
23372004
23514336
23646188
23830571
24019575
24117864
24304086
24388578
24526498
24640765
24742916
24865768
25051306
25184767
25302852
25437804
25623265
25711934
25825323
26010551
26129246
26232755
26333408
26518258
26624616
26731154
26861213
27029675
27115151
27215136
27350116
27451484
27536799
27687883
27877138
28013331
28131160
28252775
28401763
28535927
28705032
28840789
29045000
29196420
29282898
29437507
29551442
29685968
29774325
29888940
30007217
30127978
30245682
30367015
30455669
30625450
30723695
30825577
30943865
31061874
31163879
31331914
31534931
31642475
31773708
31875353
31960070
32061546
32203355
32328250
32477268
32578419
32747074
32852385
32987490
33105229
33240589
33432264
33589777
33724750
33867760
33990699
34108343
34227940
34381447
34531103
34667279
34768003
34920072
35089184
35208381
35361303
35513581
35632581
35739136
35834873
35936385
36038326
36173767
36331734
36419282
36534424
36619547
36788022
36888869
36990855
37111684
37230519
37331468
37436692
37609501
37776528
37857745
38009600
38113965
38229232
38330348
38455983
38554150
38639566
38739326
38857705
39010809
39162045
39266782
39429618
39551891
39737108
39826881
39974447
40108996
40228638
40371087
40471957
40591278
40679380
40828242
40963037
41049287
41166501
41285223
41355832
41454648
41540835
41641186
41742893
41826371
41945064
42080121
42164498
42251653
42407553
42526506
42644513
42729287
42932745
43118381
43222025
43410302
43596463
43732708
43847488
43966594
44090884
44260218
44432038
44549471
44670278
44822135
45008136
45195871
45332134
45518260
45619374
45738018
45826830
45928808
46081406
46165545
46287979
46368860
46539074
46674131
46837947
47006288
47123522
47292252
47427406
47535148
47611488
47778835
47880619
47949061
48118568
48237897
48390701
48490975
48645011
48828380
48963510
49119747
49200582
49284888
49387045
49488475
49557781
49672801
49809069
49962790
50028848
50200404
50269050
50342012
50480091
50583166
50749081
50849894
51019607
51139305
51307078
51459883
51543918
51729360
51861317
52029539
52167525
52370511
52576071
52798190
53004787
53154365
53343231
53513006
53612188
53798665
53950891
54103309
54273295
54407664
54511692
54628116
54745987
54882148
55050778
55168642
55337690
55489600
55608085
55777033
55929172
56083092
56252069
56404585
56590866
56713917
56854291
57023238
57141360
57243824
57346653
57515772
57650902
57753058
57922757
58077021
58175368
58293418
58377889
58530146
58615687
58686478
58773542
58889715
58990980
59075578
59211106
59296160
59363658
59448930
59548985
59633956
59719205
59820325
59905273
60007343
60114846
60195244
60297470
60381021
60451795
60533363
60702405
60790119
60905357
60979682
61065981
61151593
61236020
61404281
61506168
61591659
61760417
61829380
61963855
62048606
62152379
62268506
62354476
62472003
62591323
62692961
62814229
62950127
63118660
63305111
63423563
63524358
63625370
63710710
63850945
63965116
64050641
64134387
64219051
64375793
64460358
64545735
64714714
64815680
64985268
65086585
65209111
65291319
65427871
65532521
65666068
65768275
65852454
65936705
66039039
66192164
66360041
66445603
66613818
66699450
66850977
66952159
67037341
67122410
67223743
67343097
67445197
67546818
67649812
67818798
68006715
68157298
68309486
68478959
68580852
68699214
68885335
69053889
69224700
69428288
69597776
69732935
69902651
70088629
70257296
70359255
70547381
70700383
70853180
71038349
71207191
71311267
71480215
71579953
71749235
71884636
72053915
72223230
72358352
72527489
72647012
72815448
73003054
73172857
73323610
73474535
73626414
73779943
73881307
73965614
74135244
74235698
74338861
74455948
74558042
74743475
74896223
75015993
75167096
75355959
75543472
75626801
75801678
75936066
76105525
76191335
76360579
76531416
76700130
76818559
77004002
77190209
77359108
77494470
77663918
77816135
77967994
78138261
78306362
78458959
78611295
78780461
78890096
78992777
79127902
79283131
79415882
79534229
79686088
79804593
79990381
80143224
80328725
80451060
80568973
80704039
80873530
80992421
81130411
81281563
81486297
81585884
81720905
81839475
81960528
82132565
82297871
82466824
82643380
82761397
82849250
82964904
83066979
83168485
83269664
83393053
83578336
83681698
83781615
83951354
84070549
84221385
84407704
84545413
84697845
84833438
84952073
85068926
85243512
85427377
85547936
85707763
85841488
86027115
86145707
86315761
86436836
86568947
86720938
86890584
87026203
87127044
87246144
87382107
87465486
87638353
87775741
87927784
88080335
88250473
88436966
88590523
88741288
88940924
89077435
89196209
89332482
89436278
89588317
89813164
89998562
90150689
90336784
90526011
90694796
90845078
91033820
91203421
91386093
91504868
91608790
91713701
91829038
91997388
92099530
92220376
92353912
92506372
92607810
92777028
92946643
93132232
93320501
93505319
93674353
93775870
93979310
94083685
94251897
94388545
94593847
94765212
94881312
94982552
95084624
95253746
95406876
95525028
95642624
95811649
95997824
96184205
96387167
96559481
96763640
96849157
96952138
97141858
97296585
97415171
97533649
97618509
97736492
97906007
98096276
98232186
98376968
98528371
98714309
98852813
99052799
99238854
99374743
99543397
99697728
99814405
99966112
100067956
100171321
100305435
100491361
100644546
100781566
100865499
101019132
101137287
101340048
101530112
101736948
101886143
102003816
102139572
102324822
102498190
102649608
102836574
103007705
103161224
103320383
103473338
103660315
103812396
104000129
104203521
104339763
104478509
104680948
104850338
104985152
105104711
105205275
105310633
105409303
105570547
105723548
105892026
106080633
106249515
106401885
106555620
106707410
106811896
106981095
