0
18405
36091
51037
67589
87209
101400
119535
137339
154158
173510
186758
203470
221457
237980
256840
271468
288335
305344
322791
339210
356007
373899
390781
408038
426237
440954
457532
476913
491421
510450
526085
543233
560719
577670
596293
609768
627192
643983
661066
677680
694778
711431
729278
745893
766872
779463
798601
815862
831776
847097
865925
880851
898167
915214
934485
948685
966341
982868
999668
1016723
2801929
2917751
3122353
3311485
3461027
3580251
3732541
3901195
4020096
4175532
4309983
4448538
4653076
4789719
4963330
5127547
5312467
5500242
5633461
5803747
5956789
6109410
6300095
6452336
6607370
6789312
7264717
7405761
7575771
7747252
7883114
8071700
8226602
8381414
8567472
8728835
8880323
9034594
9259010
9479589
9650145
9786208
9955302
10110386
10319380
10481481
10699445
10904790
11117331
11324921
11537651
11731358
11879956
11981650
12185016
12396689
12543659
12738546
12952269
13120264
13271864
13443284
13636392
13852037
14023042
14174154
14330530
14489986
14644861
14837735
15007136
15123009
15277095
15378472
15564709
15688798
15839398
15925338
16136443
16271470
16390960
16546063
