0
16007
33719
55362
69020
84693
100581
117760
134797
154883
170655
185478
202311
219564
238669
255148
275123
287178
304217
321399
338146
355214
374048
390408
407994
424163
440140
457489
477101
492459
509131
524436
541520
559013
577682
593688
610487
626549
643146
660851
678137
696155
711621
729338
747371
764848
779746
797651
812861
830254
849997
865739
884157
899613
918077
933220
949690
968939
985765
1001047
1103846
1260844
1481962
1635552
1810461
2003522
2143053
2280596
2435089
2588285
2707832
2847409
3037308
3212887
3418599
3559703
3697687
3882384
4094526
4264736
4454921
4609734
4750816
4890498
5059730
5207698
5343597
5507353
5659951
5830375
5964693
6138412
6357642
6591557
6761629
6922405
7127882
7280929
7449713
7708321
7917007
8137195
8376474
8633628
8784798
9040414
9232824
9419196
9623034
9844473
10037532
10258635
10486987
10694785
10959456
11088884
11321106
11507560
11720560
11949577
12165034
12355160
12541003
12781532
12991206
13227478
13415448
13591983
13762970
13964158
14088728
14326292
14541192
14792669
15068411
15240380
15464687
15588026
15770300
15995675
16181045
16367953
16588423
16777318
16979377
17230148
17474479
17701545
17912372
18080706
18267653
18473087
18687189
18899283
19078938
19304437
19474327
19714554
19955699
20139450
20358134
20527889
20785703
20932369
21158012
21377840
21547681
21808186
22045666
22269953
22458457
22642053
22861609
23071951
23305434
23566792
23682824
23836777
24022316
24156278
24330704
24507060
24676268
24777099
24880395
25074586
25274806
25482246
25593426
25741220
25841334
25978185
26079389
26214538
26316299
26443907
26577051
26666430
26774091
26876199
27035336
27141028
27273400
27373849
27527849
27686435
27844304
27929735
28030634
28225334
28346466
28580334
28793563
28997754
29191188
29361565
29607088
29851792
30066005
30287423
30545803
30807896
30999631
31256544
31453442
31627679
31862534
32038959
32231905
32439943
32692197
32882529
33077520
33211541
33425596
33619369
33886021
34167168
34389575
34594692
34837137
35061163
35265485
35490763
35706836
35945401
36138743
36323256
36566121
36820567
37014603
37284341
37427464
37613644
37852160
38005332
38174738
38346921
38544848
38778069
38952273
39155879
39342551
39476666
39628585
39729620
39849879
39953766
40069731
40171284
40326303
40496504
40563551
40734824
40871921
40942885
41090489
41262410
41367234
41502653
41632794
41724640
41824580
41960567
42096726
42235526
42390145
42459608
42611557
42780653
42919235
43009483
43178853
43318849
43386198
43539339
43673063
43764951
43840186
44028419
44217475
44373139
44492870
44604116
44782232
44941753
45079656
45242016
45343157
45497401
45617104
45799964
45986828
46192892
46436798
46642451
46777418
46972147
47164473
47265409
47420476
47557217
47777510
47895838
48051987
48224924
48372461
48580189
48800255
48969163
49211804
49459692
49673928
49949185
50191923
50453553
50573310
50796821
50967967
51156073
51343127
51500041
51695424
51849335
52039082
52174635
52301170
52407073
52521667
52681930
52886618
53104470
53304041
53491908
53593820
53814915
53954428
54178436
54352785
54503546
54709394
54880673
55077003
55289141
55492459
55716781
55933437
56090345
56299110
56486352
56695787
56951650
57145504
57314638
57488324
57639687
57871063
58057070
58235560
58422956
58634792
58873328
59084249
59275554
59480744
59685132
59875129
60098714
60294742
60464661
60654093
60813048
61002883
61123754
61346539
61539825
61734355
61911127
62136292
62292071
62451249
62676024
62845501
63056601
63292460
63512946
63668956
63829378
63980528
64151675
64303460
64531353
64753135
64955487
65148339
65333765
65570750
65757269
66014935
66232675
66383639
66576037
66755049
66964588
67158385
67332310
67465005
67688161
67877575
68035315
68196916
68369495
68576316
68788813
68997175
69181884
69381327
69568932
69725837
69899000
70105122
70263772
70445250
70693107
70872468
71112433
71316634
71470958
71642139
71827473
72019075
72230652
72478366
72651480
72852032
73028458
73218775
73377203
73567298
73813534
73982062
74204018
74354372
74579384
74766955
74940220
75108919
75291693
75496710
75713970
75852397
75991818
76197625
76385998
76597225
76757363
76981583
77203804
77360828
77567537
77753292
77974433
78201495
78402478
78608766
78841674
79012568
79219267
79463435
79603018
79764057
79951162
80101024
80292093
80494297
80721101
80907875
81097468
81301446
81438880
81626115
81797228
81996296
82178837
82314575
82526119
82675316
82847041
83002449
83192154
83414545
83619856
83738007
83977720
84199463
84406505
84544752
84732423
84957552
85194002
85425073
85560412
85699256
85890146
86079301
86289896
86480972
86661230
86801220
87037739
87258256
87465040
87656184
87842058
87992012
88168959
88401670
88559230
88776801
88964986
89141713
89348160
89559604
89728948
89941896
90171252
90372876
90560719
90783668
90973067
91196875
91352078
91571276
91774875
92035134
92205386
92429783
92617124
92844676
93018026
93189564
93426434
93609906
93743996
93953120
94141870
94329204
94517801
94759530
94948306
95143968
95321677
95500766
95734118
95956320
96176347
96382196
96588285
96725525
96900831
97088291
97278977
97470065
97717367
97934072
98142308
98367894
98588450
98794475
98984084
99187840
99358813
99585496
99787394
99954110
100172123
100372155
100542573
100717966
100938677
101147490
101366989
101588309
101795848
101950723
102094672
102264540
102443793
102637728
102883644
103108231
103232828
103400850
103574312
103710284
103864242
104065298
104307468
104441639
104638777
104845330
105100493
105341814
105512487
105650639
105827012
106034977
106204378
106423185
106608282
106762525
106914093
107052595
107224308
107395003
107565229
107702205
107925398
108093777
108267821
108473309
108597970
108817879
108960221
109185610
109371455
109541582
109727464
109896304
110106276
110318886
110511932
110687754
110889987
111013690
111230229
111435198
111639748
111843395
111963012
112153019
112381569
112536598
112709789
112876581
113066741
113282776
113489627
113695774
113895456
114105124
114274318
114468522
114658823
114855085
114993963
115201973
115405290
115631120
115818997
116013108
116175916
116391747
116599754
116818837
117011201
117242532
117436791
117645961
117862567
118082651
118276102
118463592
118725032
118897393
119086305
119255845
119476718
119651272
119840529
120045516
120267596
120456305
120610392
120788425
120998330
121171112
121373693
121559109
121784858
122017289
122229066
122416384
122641844
122857450
123045054
123266149
123494763
123703454
123859956
124077630
124308402
124504637
124733545
124924309
125095815
125323370
125555944
125724635
125957144
126191856
126383579
126574423
126764086
126991218
127175891
127367392
127542632
127757244
127976205
128114453
128268348
128492884
128719761
128944232
129170455
129376668
129567227
129706972
129879215
130119138
130346560
130542662
130719535
130892196
131082870
131306874
131480608
131670928
131898141
132086888
132276626
132518381
132758124
132944480
133183432
133388876
133506260
133669253
133804132
133958479
134130748
134338261
134543548
134783764
134919023
135106352
135275960
135469752
135654357
135858711
136037274
136211156
136435074
136601019
136844855
137074974
137231975
137441841
137650251
137875721
138077102
138284168
138492543
138659487
138811843
139019640
139191760
139404898
139642502
139813938
140032047
140191148
140378868
140573944
140781264
140992340
141220590
141408249
141629722
141801984
142029471
142203815
142376698
142580367
142784882
142995492
143176042
143335902
143515291
143665000
143799826
143986429
144074591
144209637
144382154
144588254
144724615
144934635
145134551
145311531
145481462
145670183
145924146
146145272
146372426
146542543
146729256
146970908
147142888
147348028
147558806
147780039
148022272
148206954
148404142
148538638
148806076
149005423
149211179
149452518
149674797
149865617
150001647
150171814
150413594
150604695
150834129
151076454
151265933
151442736
151652400
151835110
152039543
152282160
152515356
152673124
152878262
153080582
153268382
153419911
153576389
153800949
154030796
154223337
154378274
154566798
154687159
154856985
155010665
155216458
155407937
155587817
155791063
156027180
156246998
156442562
156579253
156765056
156952428
157173629
157363184
157601699
157773886
157969933
158085526
158309977
158512047
158715823
158896981
159130587
159253484
159409832
159587594
159779465
159997503
160154129
160347391
160552231
160798195
161006682
161156941
161377788
161581043
161778318
162004416
162229579
162420387
162591917
162799328
163026201
163195081
163402532
163613191
163797847
163970460
164209927
164362336
164584119
164739400
164925564
165162291
165351160
165580028
165773052
165959696
166197008
166401224
166504320
166693965
166891362
167083422
167266092
167439042
167582407
167736229
167900200
168087377
168292205
168528919
168736676
168961440
169183072
169375471
169496916
169692654
169878241
170049024
170252336
170454943
170697873
170901768
171079194
171228504
171368023
171574694
171745419
171906808
172075395
172215833
172421130
172644895
172847457
173034445
173259321
173462745
173654252
173856641
174011961
174254941
174440970
174610222
174832717
175002277
175230144
175418224
175659733
175879715
176102839
176223950
176364935
176533114
176648430
176770429
177007620
177215877
177374595
177563834
177786614
177991728
178183927
178406477
178583116
178757787
178908768
179045966
179238361
179412197
179635926
179831097
179971180
180177216
180412302
180602976
180773172
180905831
181111043
181284665
181453659
181679257
181885438
182020155
182138804
182354078
182581120
182809884
183052199
183254195
183433178
183653483
183843984
184013933
184206417
184376701
184604139
184810204
184930390
185156102
185345928
185499749
185689440
185903525
186023928
186212410
186351072
186519704
186657939
186833692
187006703
187217173
187391797
187648195
187843562
188068553
188294339
188500393
188724946
188935727
189199486
189475142
189693963
189845620
190058980
190190681
190326690
190533189
190746509
190920387
191089501
191229829
191487227
191622192
191786323
192021393
192248863
192425978
192631081
192784497
193039849
193262572
193419469
193609427
193800406
194034616
194238511
194426268
194601249
194740554
194880955
195130637
195319210
195476188
195693699
195899117
196092941
196294485
196471926
196694135
196941045
197177054
197403484
197558504
197779884
197959638
198169336
198394140
198579047
198767584
199010025
199181472
199399062
199636294
199785264
199972626
200162682
200348689
200591296
200760814
200962164
201136642
201305287
201424752
201646416
201869620
202079297
202333162
202559591
202731049
202990512
203143489
203279591
203449300
203606367
203810775
204036180
204250559
204444833
204647943
204836417
205096173
205296984
205484525
205712120
205939191
206170814
206394791
206565635
206780439
207025603
207228629
207387666
207571309
207708231
207861135
208018506
208156043
208290044
208481368
208709474
208962665
209163197
209292685
209441045
209604362
209824420
210045432
210286977
210416173
210550020
210741259
210965600
211198995
211373963
211580596
211747259
211994358
212175116
212414339
212562350
212785601
212962034
213174458
213324739
213465229
213637901
213798148
214021147
214212231
214403542
214642339
214837224
215007777
215195289
215437493
215658378
215847884
216088321
216292391
216534708
216725838
216993128
217205087
217438295
217635917
217789523
217948450
218156942
218388064
218539106
218726172
218964278
219118568
219301096
219472670
219615935
219812884
219974026
220159387
220369029
220504806
220695692
220933516
221109762
221330956
221501515
221624911
221818104
222008396
222174967
222330134
222435787
222569805
222668496
222755577
222838638
222975654
223149440
223287761
223371685
223557609
223748055
223883706
224075370
224259581
224412854
224496932
224598010
224704886
224827541
224943099
225047719
225236857
225391910
225520668
225621657
225712181
225881088
226064298
226235440
226308486
226431902
226581841
226666371
226819743
226995846
227132030
227291623
227512932
227737454
227907767
228112828
228324378
228527598
228748154
228964353
229138873
229285912
229493397
229711076
229916661
230090146
230277284
230431992
230569622
230773699
230994780
231210279
231395975
231566832
231784262
231953261
232157871
232311164
232426418
232597914
232753688
232889453
233026556
233231330
233418107
233554060
233744002
233911972
234086615
234248775
234368305
234506668
234625966
234819368
234991586
235208854
235390244
235596117
235817119
235987066
236196328
236393000
236593561
236796981
236990017
237181038
237351675
237547505
237683166
237844039
238013123
238218833
238408347
238560487
238774158
238933842
239106243
239259084
239461111
239689092
239889097
240093168
240302677
240419951
240571523
240793783
241016113
241257571
241482942
241729209
241966210
242159592
242337897
242559725
242746113
242952184
243157016
243325216
243485110
243694251
243813047
244052366
244204869
244391250
244633293
244831223
245040560
245232219
245426178
245545389
245701626
245849488
246039093
246239472
246443110
246631132
246801248
246959953
247079765
247279995
247508431
247612398
247846591
248019106
248129020
248337572
248492206
248697792
248902313
249070458
249266213
249416448
249578296
249801189
250011551
250181207
250406722
250647895
250803908
250971299
251159847
251350674
251522618
251675140
251843946
252066869
252280092
252484210
252652827
252823851
253037195
253266569
253453437
253674373
253881205
254067112
254305383
254495058
254714272
254925822
255151976
255270387
255497820
255683512
255854788
256062514
256263533
256481048
256701116
256806035
256903835
257077091
257199428
257379000
257583529
257791985
257927706
258452680
258697804
258895103
259100656
259272228
259476875
259643263
259749613
259916625
260067903
260153357
260303608
260406576
260535353
260694013
260745118
260870554
260992081
261133263
261319470
261421161
261559998
261659763
261747397
261831206
261988415
262174910
262311787
262464241
262600943
262739515
262874002
263015053
263180931
263252639
263392609
263527905
263620940
263672731
263806262
263908104
264078455
264131106
264198217
264255884
264386509
264475446
264527853
264615226
264686353
264786090
264921842
265080095
265193561
265334342
265489334
265572383
265707009
265815487
265979715
266077115
266185699
266288006
266394848
266534120
266653510
266873623
267065925
267271774
267464163
267634236
267870259
268073981
268247448
268438878
268625271
268760550
268969753
269142380
269332411
269523239
269710233
269952692
270125961
270333120
270536700
270757604
270977897
271166549
271351823
271524653
271702320
271932571
272102225
272270147
272441954
272626267
272844804
273049080
273236305
273492788
273712727
273871046
273990663
274195971
274470964
274694256
274876259
275040495
275227390
275392320
275613670
275783821
275976082
276173036
276327325
276564159
276761613
276963342
277173575
277325216
277547498
277762695
277981642
278121858
278257202
278494160
278697872
278929481
279131771
279316392
279503728
279629053
279803668
279958430
280176752
280398687
280591990
280812120
281002928
281155790
281348616
281538176
281731903
281965887
282172002
282338872
282569987
282773197
282975397
283194706
283442470
283616560
283805822
284020663
284189554
284375914
284547238
284654188
284861544
285056624
285229433
285415451
285606948
285813767
286085832
286271793
286426879
286649236
286838819
287031295
287223413
287389427
287562077
287770588
287975559
288143644
288351048
288583684
288772511
288929308
289058625
289260774
289455763
289693563
289864214
290041646
290239677
290448390
290687666
290925916
291116521
291251380
291473956
291644125
291850596
292037249
292192706
292397268
292591637
292795182
292922506
293164097
293334680
293453690
293625485
293794916
293991155
294202644
294380344
294593906
294715528
294948868
295154100
295377489
295614101
295804694
296040445
296284349
296541076
296719579
296961913
297195827
297374871
297527119
297750138
297945759
298134387
298374796
298597750
298788417
299013449
299165892
299404871
299578237
299782119
299972499
300214391
300365900
300610181
300823852
301028125
301257270
301380554
301545547
301738547
301899548
302132478
302352847
302617942
302844142
303079098
303347808
303587215
303800958
303988075
304175133
304362608
304515359
304654075
304864771
305053077
305239036
305397193
305545182
305669970
305814465
305950986
306017675
306185573
306327980
306445943
306582100
306767545
306853427
306922229
307110096
307243665
307329002
307428590
307641324
307733572
307885268
308087085
308215812
308359938
308491379
308594326
308747298
308919791
309075637
309225629
309414885
309610615
309769129
309883893
310020034
310179713
310335271
310420915
310593033
310698829
310877479
311015663
311204150
311415722
311632830
311752644
311975961
312221079
312392404
312594870
312837047
313015016
313150133
313328596
313570152
313806704
314028073
314252935
314427626
314635883
314833923
315016788
315259224
315473404
315685356
315885589
316078519
316264571
316452034
316703471
316921455
317150068
317350518
317536625
317723205
317932734
318169254
318337928
318545743
318750400
318989057
319107333
319331976
319639461
319871988
320007406
320261813
320469446
320587445
320855635
321139609
321365211
321552735
321764223
321985767
322239849
322518434
322686586
322927530
323098402
323302410
323490489
323677015
323887926
324062288
324316361
324509129
324681293
324905120
325086219
325328574
325516686
325712127
325920589
326161281
326420902
326593089
326767184
326980420
327164481
327442069
327613563
327858284
328046136
328256135
328425353
328630630
328800558
329004072
329196240
329398740
329653838
329914714
330142836
330322747
330480106
330648416
330884482
331111217
331299270
331506345
331741072
331930090
332116964
332340662
332578589
332817480
333009126
333288018
333462598
333636607
333840006
334104633
334334102
334610381
334814420
334990950
335156653
335347046
335535499
335718927
335989048
336211250
336460355
336692366
336930283
337151648
337372524
337609220
337799102
337960683
338170273
338330247
338567622
338791840
339064578
339255005
339467845
339707258
339912095
340083857
340326995
340498300
340683814
340868820
341140248
341327908
341537426
341713018
341880567
342106398
342325314
342567494
342790537
343014846
343253056
343461276
343682679
343940870
344198465
344443288
344682996
344919422
345125745
345370582
345556698
345780581
346079850
346255135
346490059
346658591
346848461
347035418
347278541
347501486
347739808
347912216
348147778
348386102
348538702
348783534
348983127
349149022
349285570
349472392
349716106
349985052
350285223
350579475
350754034
350957704
351181196
351423499
351552559
351677468
351893191
352167217
352404174
352576219
352827636
353008387
353213456
353454619
353625509
353827012
354045444
354275329
354494247
354695589
354929214
355168310
355394660
355536127
355784659
356043093
356295539
356448713
356639792
356814195
357004691
357209255
357437472
357621252
357898276
358147188
358332429
358571302
358829199
359045734
359286479
359545042
359799447
360023705
360230235
360437864
360627773
360854287
361009661
361235213
361482345
361674499
361864306
362061836
362231442
362420198
362625660
362812425
363035812
363257165
363443751
363635263
363795081
364036128
364230933
364415625
364608433
364808935
365000255
365186459
365394207
365598834
365858313
366062261
366233615
366451528
366624108
366812391
366982560
367233050
367405741
367583378
367833886
368045689
368179738
368367949
368588368
368711842
368901681
369154703
369276271
369465378
369675450
369898241
370035497
370283222
370520151
370729602
370944584
371203090
371329602
371554610
371744973
372037516
372272286
372472893
372661815
372868881
373103251
373325025
373498621
373706145
373894581
374039037
374248048
374448283
374671144
374860546
375081545
375351415
375537224
375689819
375900996
376087611
376257838
376462855
376671031
376910092
377173093
377373452
377631514
377822097
377995537
378219784
378487058
378728970
378957288
379183009
379428353
379667411
379908839
380099924
380309054
380543219
380767990
380992289
381245408
381432801
381684571
381867982
382055214
382262198
382501934
382662288
382947215
383133335
383320477
383559483
383696601
383882023
384075141
384232839
384370460
384545130
384751611
384853238
385015955
385118394
385256818
385361511
385469586
385685937
385902123
386104024
386332418
386563706
386787465
387016214
387278363
387414520
387610871
387815179
388057964
388254609
388484604
388714562
388957548
389180961
389389004
389630286
389813431
389993271
390197104
390434463
390708609
390983311
391168990
391408114
391547415
391752287
391924212
392142860
392307102
392496222
392665890
392957943
393141494
393383448
393604064
393809914
394047083
394220546
394360991
394549353
394760378
394965508
395202404
395358820
395529210
395801297
396043600
396250534
396505055
396657972
396869791
397039460
397227726
397419392
397662291
397865337
398036658
398188984
398397556
398617137
398787470
398964041
399153448
399328264
399488098
399697696
399953502
400177398
400352287
400506186
400733703
400942320
401129099
401307711
401549728
401808856
402045015
402230157
402507741
402709725
402951433
403157265
403395944
403581071
403808177
404021694
404213214
404431571
404652848
404825391
404995846
405208752
405451212
405638006
405803612
406041852
406232086
406466272
406745440
406984610
407155087
407377777
407579157
407822472
407971322
408193120
408352004
408524225
408748806
408951748
409120193
409292332
409446832
409622843
409841753
410084645
410291972
410549858
410752270
410996886
411251810
411405619
411631444
411818321
412076443
412306069
412499366
412654143
412842843
413054816
413206463
413344461
413560000
413729386
413983346
414166235
414376180
414531733
414694545
415003100
415225784
415406515
415505360
415753285
415958171
416178855
416386355
416665732
416827448
417036658
417279434
417463653
417587381
417841464
418010698
418255111
418507849
418761844
418990943
419211829
419390565
419580373
419828187
420107458
420341321
420593599
420811077
421035932
421235414
421466020
421677424
421818534
422068823
422223527
422487591
422711837
422934773
423140253
423417292
423624166
423885542
424105426
424324495
424479655
424640259
424876675
425101711
425304126
425526711
425766182
426024550
426256418
426496370
426701264
426910784
427116245
427383973
427623271
427878370
428115940
428236467
428355564
428525327
428626767
428729619
428934556
429059867
429177893
429316988
429420175
429519821
429673324
429797516
429971947
430075559
