0
16688
34342
50463
67751
86921
100655
117673
134808
151997
169792
188637
205375
221667
238101
256646
270964
288481
305314
322581
339361
356325
373523
390972
407548
427657
441561
458735
475904
493168
510032
527240
544152
562046
578163
596981
611518
631728
645893
662847
680013
696645
713495
730642
748343
769957
781174
797729
815006
832744
849469
866648
884013
901493
918276
937637
950896
967841
985147
1002102
1143406
1284139
1485923
1660051
1781398
1900479
2033663
2189889
2274301
2458783
2644029
2836552
3006432
3156903
3294637
3427903
3547733
3634332
3839474
3976768
4128483
4314735
4434542
4590347
4759654
4899434
5060697
5241845
5428237
5615968
5820008
6007731
6177816
6349838
6506870
6692067
6898082
7001563
7118723
7310025
7464784
7912777
8015555
8151212
8288166
8475164
8626074
8760918
8934020
9057113
9192194
9396685
9603391
9806355
9959908
10156203
10375684
10565257
10755539
11026964
11352730
11577409
11732969
11981264
12212575
12457715
12642946
12855990
12974819
13164918
13371913
13583043
13853222
14012442
14258761
14464339
14669145
14840431
15012007
15221056
15403024
15619175
15829394
16040060
16226084
16385523
16539064
16745245
16949742
17152846
17424616
17631872
17800392
18027770
18217807
18456037
18739138
18944631
19066547
19253280
19458259
19662771
19914543
20102627
20289352
20444217
20668446
20858153
21049900
21325434
21602962
21841758
22033971
22272090
22502026
22691401
22878606
23085641
23273189
23485784
23737492
24054626
24227707
24389569
24596510
24749202
24969208
25198120
25389256
25595598
25751061
25971952
26196276
26450867
26658689
26827718
27031036
27259896
27480320
27655447
27825785
28041183
28239094
28445732
28655551
28823398
29041445
29283471
29511060
29751190
29971510
30150859
30340057
30487973
30699935
30961231
31149540
31377905
31594766
31796408
31932423
32103121
32309448
32448614
32650437
32830653
32984491
33230150
33453332
33658315
33851777
34079956
34266985
34495819
34682256
34921366
35143923
35404932
35603858
35845550
36001156
36155062
36388419
36543298
36749998
37011919
37229052
37472762
37694219
37893993
38099674
38323555
38543264
38734499
38953391
39161661
39401739
39661640
39831640
40035406
40289265
40509686
40736868
40932837
41172835
41378211
41626939
41877366
42048737
42273573
42513206
42721167
42921265
43126342
43318629
43495448
43715635
43936881
44151945
44357824
44535785
44771831
44960737
45178403
45316593
45452731
45691799
45846565
46048834
46255468
46446100
46663437
46903161
47113703
47249877
47476528
47718029
47905899
48095333
48301962
48507401
48729205
48980365
49151435
49285310
49527220
49748691
49968377
50121014
50324516
50582963
50820922
51025444
51229771
51449829
51689314
51906672
52080641
52259155
52466741
52670496
52833771
52991145
53224731
53450511
53638338
53831857
54087842
54276330
54437224
54641309
54796209
55021698
55259760
55534855
55729959
55961600
56235217
56371680
56609206
56819857
57045691
57200767
57461311
57716376
57952311
58201314
58389946
58629873
58870720
59102075
59394810
59649385
59856370
60040865
60270608
60466981
60650247
60850828
61037182
61284483
61548729
61736090
61906194
62130163
62366962
62574974
62762217
62954420
63212005
63446642
63617604
63850151
64053226
64261443
64472188
64680741
64889340
65097896
65369523
65578006
65848341
66054026
66295921
66514889
66766697
67004800
67188179
67374704
67611130
67786065
67993752
68210073
68468453
68733777
68936184
69169787
69385023
69612597
69854076
70097113
70246854
70485800
70681239
70941996
71224331
71536854
71756002
71944650
72165852
72372607
72621769
72876429
73130704
73318944
73553536
73759963
74016844
74269931
74531327
74784900
75023452
75279481
75454235
75661511
75921189
76194389
76438930
76624048
76847684
77071679
77302217
77490700
77735308
77919575
78106757
78343999
78531796
78774107
79050225
79257445
79443870
79718958
79884040
80051052
80235895
80415568
80653766
80885956
81075114
81280721
81469512
81688174
81859811
82029653
82151253
82323931
82495913
82699478
82920525
83132142
83281771
83475234
83677822
83903597
84089844
84336582
84522076
84750240
84964874
85213149
85408021
85577721
85774573
86012071
86267107
86473741
86715949
86938415
87095589
87265594
87451406
87689135
87915318
88106999
88369577
88571864
88801359
88986625
89224563
89481759
89666401
89870314
90057624
90259557
90411353
90547407
90768221
90905216
91160741
91350688
91588640
91800733
91944114
92147450
92300941
92478053
92690515
92828002
92995979
93185185
93353193
93455946
93653743
93806976
93926529
94115004
94264488
94470315
94629160
94716005
94920789
95125304
95265564
95452908
95686549
95905966
96145406
96407340
96678175
96849827
97035377
97323619
97567585
97801224
97976223
98160937
98310788
98515990
98750055
98904593
99091668
99328321
99548915
99796671
100038537
100291998
100556011
100709410
100962974
101153814
101428767
101614207
101869294
102125983
102357104
102603862
102808227
103069963
103240949
103473888
103644922
103823379
104042768
104230166
104443658
104617554
104878277
105126093
105376799
105571432
105794299
105945382
106159281
106348121
106591953
106810116
106998119
107239126
107460177
107679390
107936026
108144098
108377139
108542692
108797691
109038907
109205665
109357514
109595282
109844977
110021753
110259371
110428618
110664884
110904166
111111575
111353693
111524578
111738657
111948155
112162738
112414875
112634280
112789615
112995389
113216664
113455695
113644740
113886982
114108198
114278144
114450531
114691565
114938306
115166430
115358433
115601462
115852663
116087064
116329394
116544055
116778271
117052002
117310379
117556752
117797586
118038725
118272200
118527975
118765347
118985376
119208463
119406885
119599420
119832707
120094050
120299958
120547306
120787049
121068067
121305720
121526479
121796058
122020815
122193263
122391791
122603092
122803998
123008413
123193917
123344281
123601281
123836458
124043410
124247755
124519748
124763536
124952409
125201112
125369380
125572775
126119383
126333917
126539530
126689773
126857373
127047126
127249797
127370279
127552055
127755591
127941000
128112001
128195668
128398936
128568509
128771144
128897414
129065729
129199575
129369574
129540302
129697592
129896936
130101696
130267509
130445625
130606470
130775704
130965117
131124452
131229843
131380607
131489614
131686604
131855288
132049692
132198151
132389684
132509054
132697773
132882210
133053607
133219586
133406828
133604312
133777902
133965574
134100515
134335078
134590223
134826923
135030530
135205187
135458177
135682740
135901667
136123466
136289158
136459757
136669740
136920323
137154290
137283683
137514609
137727623
137935879
138196524
138420052
138626220
138877239
139129831
139372771
139570729
139857502
140094990
140303583
140523705
140732249
140903840
141125075
141336439
141539006
141766148
142006664
142242850
142428911
142705968
142937508
143195677
143401470
143602272
143838504
144096945
144317055
144536781
144656578
144907963
145046072
145273790
145525226
145790663
146030893
146271946
146501618
146717735
146977115
147231633
147474506
147645671
147875197
148090637
148327941
148561302
148736899
148959242
149182988
149377552
149605049
149789803
150024422
150182355
150391677
150530663
150771936
151012968
151156273
151405037
151610932
151779063
151969206
152147768
152314347
152551720
152789415
153031538
153252073
153489340
153660092
153829891
154091827
154332219
154557806
154766015
154983370
155193930
155415585
155630880
155827724
156028587
156214957
156454273
156682395
156924085
157150766
157413619
157649847
157872925
158065504
158345950
158583054
158820773
159047902
159256955
159480600
159707709
159927519
160144804
160381720
160621203
160779096
161064653
161332661
161540730
161783238
161992192
162179085
162402490
162671029
162899403
163164509
163391119
163583208
163765423
163992513
164221277
164426075
164629808
164850589
165049919
165239202
165511754
165800117
165991876
166209032
166430144
166651774
166873802
167021178
167241074
167426444
167702590
167917909
168107771
168380879
168577686
168761623
169034986
169268685
169525700
169749075
169966138
170130815
170369582
170634919
170805915
171017782
171200756
171393754
171564962
171783026
171975002
172205133
172396568
172625562
172830797
172974822
173092597
173195851
173382180
173553597
173794309
173976230
174132394
174270936
174405573
174589844
174709161
174835828
174969688
175136925
175254997
175424210
175559908
175733798
175887226
176085249
176240300
176428680
176495492
176681914
176887926
177025567
177148780
177363519
177537603
177704366
177892437
178026164
178248998
178383281
178592122
178803504
179029457
179250221
179502129
179693515
179871088
180115697
180372696
180649220
180919649
181162836
181416651
181642119
181866111
182121576
182290247
182470462
182643197
182870240
183127195
183316691
183527520
183756983
183975761
184126617
184375947
184591940
184799651
185035362
185255473
185495721
185716715
185935740
186121101
186309010
186529454
186716141
186923508
187120191
187329483
187524618
187746198
187988818
188177352
188451952
188688389
188949655
189122730
189377028
189545811
189753275
189978452
190217964
190440914
190641755
190837027
191050054
191237050
191458525
191666692
191882450
192106009
192311781
192548386
192753842
192994621
193249852
193488325
193723800
193957111
194142715
194384128
194574467
194819782
195017648
195230038
195433851
195585278
195740332
196015952
196245354
196453024
196676415
196919514
197162931
197395692
197633532
197897299
198142483
198303810
198508240
198740484
198994090
199349675
199571654
199764218
200025043
200247325
200485084
200761457
200968893
201189890
201390226
201619632
201772445
201925616
202137452
202345760
202516160
202759735
202982027
203184988
203349488
203534568
203706296
203862007
204070183
204274431
204461455
204640326
204845138
205074888
205248498
205420358
205630950
205777211
206026601
206290978
206566704
206732158
206955361
207158900
207362959
207635605
207840561
208106155
208312013
208531333
208727632
208965807
209151834
209400394
209661730
209854961
210131479
210283463
210508982
210761611
210970780
211184440
211434336
211681790
211873766
212080524
212237932
212461889
212685157
212933115
213099164
213319956
213561497
213773989
213962911
214219653
214390600
214654413
214927734
215119859
215388007
215637824
215875978
216050837
216286889
216506817
216716427
216977952
217277839
217547479
217860865
218135890
218435303
218622030
218828518
219097697
219339830
219615246
219871841
220082076
220338425
220584467
220813209
221016625
221258935
221451901
221675176
221911762
222115642
222355090
222546120
222764253
222984426
223209313
223469167
223710235
223976619
224150534
224389636
224641990
224879915
225117690
225318963
225575987
225829551
226001248
226246285
226504135
226750347
226917950
227142860
227380174
227651474
227890249
228125747
228325895
228592258
228841465
229049093
229307143
229546798
229753473
229991725
230195717
230349180
230573927
230796354
230984720
231208069
231456951
231688502
231956940
232113427
232281715
232550944
232737916
232926147
233167385
233376730
233599688
233817146
234075300
234248182
234483307
234722972
234934048
235103697
235328607
235580489
235731896
235941871
236151894
236392453
236626515
236836767
237080822
237325411
237583127
237884325
238102373
238307835
238494144
238648274
238885306
239157878
239369895
239589645
239841462
240068146
240322435
240550485
240824472
241010782
241249197
241450459
241688874
241962558
242199469
242446645
242616527
242800398
243031727
243274943
243530907
243702677
243925809
244131153
244302664
244468271
244676236
244909882
245062647
245299294
245505954
245753197
245970280
246208744
246447550
246722949
246974570
247164452
247385010
247623356
247917515
248128222
248414142
248710709
249017826
249207344
249381120
249620040
249812740
250057420
250276287
250447895
250619763
250844225
251081541
251331901
251522587
251763165
251991050
252220591
252429133
252622549
252821701
252973291
253144762
253367835
253606902
253885488
254068445
254279377
254544523
254683117
254911090
255116120
255289385
255547091
255764234
256018340
256234389
256436844
256660721
256908258
257100286
257316308
257544610
257801832
258025022
258279659
258509454
258750719
258995633
259194883
259391825
259646680
259862110
260053844
260251688
260513728
260681222
260887217
261040172
261248252
261489785
261642409
261902030
262159669
262347686
262483153
262676506
262847139
263093624
263288980
263524764
263701716
263941591
264110805
264298934
264466770
264659013
264866730
265119767
265274657
265500723
265744577
265959392
266208261
266429638
266579348
266804842
267026756
267270325
267459277
267710990
267973469
268234350
268480215
268669713
268876297
269123440
269340210
269557863
269796777
269967168
270214495
270447149
270718037
270964151
271162600
271332824
271502724
271687836
271861710
272122985
272360503
272616211
272838332
273035111
273294114
273511995
273683970
273940422
274227832
274432258
274689557
274926932
275145414
275422111
275657472
275898656
276102045
276315732
276591583
276790655
277019975
277227320
277430558
277684941
277916900
278187340
278426034
278673888
278912078
279132977
279337482
279563736
279750032
280011766
280182475
280425405
280641781
280915919
281074907
281295270
281498303
281683932
281905243
282155778
282379709
282626225
282899884
283119810
283361525
283603562
283779007
284020718
284235472
284421969
284624374
284861037
285120170
285343872
285499836
285736896
285997496
286236144
286423013
286665063
286869526
287055556
287214447
287476900
287732018
287988569
288194735
288383379
288638222
288823674
289029154
289222466
289444658
289704218
289912720
290130905
290351055
290612603
290898795
291123880
291311067
291497975
291681930
291852453
292090939
292361455
292534870
292755608
292952124
293144992
293375911
293585923
293832097
294087537
294393080
294667057
294932684
295197671
295443702
295689632
295893655
296100897
296360590
296547542
296786258
296972784
297166186
297368795
297534279
297771942
297970015
298174588
298441282
298645332
298853777
299080300
299254980
299455908
299701987
299946094
300198911
300406100
300632268
300888752
301117212
301313698
301533945
301724166
302006554
302261077
302534565
302728789
302979229
303220873
303447387
303679475
303851823
304092692
304336475
304553203
304740852
304974070
305123432
305327474
305565973
305811895
306033516
306203823
306503205
306727322
306955968
307194681
307426886
307668680
307917857
308152696
308429065
308610101
308837659
309023920
309252619
309466409
309699115
309875518
310045660
310249096
310471991
310659941
310912770
311177973
311348315
311593607
311766162
311968096
312228747
312449928
312695231
312948608
313183420
313336144
313557678
313768024
314002321
314257562
314481441
314659512
314829065
315035160
315239708
315496902
315734835
315974198
316178812
316418477
316636167
316891668
317074196
317297743
317563606
317782568
317969606
318106451
318365048
318496938
318705436
318951359
319156703
319299034
319534092
319705598
319947179
320217060
320477349
320713153
320978395
321166070
321402403
321639990
321826561
322053757
322227065
322409786
322566029
322796939
322982072
323217484
323480882
323725557
323968207
324175150
324380490
324588304
324758033
324927106
325186815
325426508
325613055
325824273
326071109
326363497
326622113
326827443
327056241
327265581
327497047
327701917
327911958
328069226
328256101
328491222
328698616
328851076
329091180
329330497
329545159
329752077
329973898
330201421
330358981
330531903
330706255
330945496
331165774
331389802
331651099
331913064
332101998
332354494
332580251
332815546
333038501
333239920
333487600
333695954
333937138
334189476
334400399
334658236
334841923
335047913
335268575
335440821
335741423
335976679
336240356
336496741
336753853
336906488
337140688
337356034
337591900
337805329
338027401
338277621
338521810
338780816
339041525
339301047
339490344
339789406
340019088
340204665
340426623
340664524
340816233
341042201
341296784
341539165
341805557
342080323
342233536
342420550
342603091
342818560
343023633
343229130
343447792
343685684
343880304
344082627
344333841
344595034
344848815
345020989
345258549
345536750
345762430
345987296
346191040
346388601
346638847
346862749
347065440
347305838
347525942
347739944
347996236
348280282
348489068
348755894
348926798
349171606
349405327
349609572
349836119
350039873
350227206
350446443
350632636
350853769
351045583
351217806
351454258
351655970
351862615
352103141
352342369
352562043
352731515
352994143
353277729
353492699
353673744
353862393
354099455
354371658
354595026
354848295
355053726
355160807
355350755
355434088
355542422
355628206
355782212
355933514
356055077
356208319
356379632
356579047
356782059
356936958
357081628
357201734
357404749
357557791
357761808
358007325
358183798
358404081
358593346
358750878
358903794
359073401
359259630
359482425
359685511
359862675
360011680
360185337
360370818
360601956
360829360
361031727
361267573
361491251
361660586
361834381
362083999
362286294
362524227
362751783
362974836
363212227
363449959
363722480
363946008
364157343
364398065
364627537
364831848
365052501
365330293
365551478
365718773
365936807
366156205
366325714
366599368
366769790
367024167
367210583
367455500
367662239
367882082
368137314
368415836
368606965
368813652
369050839
369219655
369372324
369608097
369896517
370084301
370321527
370508188
370747830
370986053
371225788
371399778
371635934
371813770
372015777
372154546
372374506
372614257
372832818
373035433
373257476
373459874
373645944
373862581
374121540
374293651
374514414
374730042
374964447
375217137
375420414
375678503
375910786
376177993
376442243
376698512
376946852
377162184
377371812
377565529
377732998
377886573
378129508
378359788
378635023
378789520
379062768
379274777
379475584
379753072
379994342
380149785
380364484
380604788
380844745
381021901
381256431
381493187
381722396
381957369
382126784
382382086
382610129
382814399
383008028
383284066
383513330
383728224
383954837
384124177
384321778
384502501
384705828
384916467
385178357
385338847
385552371
385734481
385960003
386207820
386376869
386618108
386830328
387060627
387298534
387521830
387739551
387947590
388138399
388355181
388542948
388760423
388946180
389173246
389343677
389496840
389651479
389821921
390091948
390266387
390438057
390672631
390946787
392024594
392262475
392504428
393541082
393705599
394008862
394238733
394411909
394599300
394733794
394889099
395024851
395225937
395448892
395550069
395751282
395959124
396163003
396397309
396566920
396673628
396808430
396969875
397133506
397252308
397356387
397455762
397590970
397713184
397814849
397937608
398102623
398210698
398425658
398521711
398733720
398865571
399056342
399246389
399333634
399533213
399699563
399888894
400032163
400200946
400337091
400436981
400609073
400794814
400982955
401050962
401269263
401428064
401545465
401629499
401817849
402069324
402297304
402478893
402681293
402913657
403144816
403362803
403621031
403861583
404097592
404334780
404522603
404784004
404993808
405233433
405463473
405705269
405909520
406154031
406415404
406633812
406870841
407121946
407352885
407568143
407773255
407929013
408154493
408397745
408599388
408804142
409008882
409265101
409483193
409738481
409912662
410112191
410342705
410588233
410824725
411078868
411253654
411425653
411630963
411885245
412137774
412329184
412576819
412824713
413064090
413294625
413470863
413712607
413902947
414054198
414190832
414412650
414641100
414861002
415089040
415328493
415549791
415786838
415962080
416200694
416405878
416666143
416918378
417140411
417422370
417578223
417764216
417985741
418173067
418340752
418617372
418857194
419056646
419327561
419555403
419785718
420005228
420208311
420445447
420687484
420910910
421098303
421375162
421600143
421810395
422030756
422241278
422451068
422666906
422902846
423134182
423406069
423650767
423826740
424029325
424241228
424462282
424694667
424934566
425191528
425378077
425550622
425785309
426044654
426264487
426494799
426729708
426968113
427154341
427330779
427499911
427692619
427961349
428149751
428390585
428544302
428757976
428995887
429216187
429393506
429601507
429821072
429948060
430202758
430440046
430651893
430844638
431099636
431343153
431557101
431782869
432024668
432195559
432407073
432625784
432828111
433034304
433229565
433412099
433640832
433925002
434072823
434301577
434462259
434718398
434921849
435092085
435281321
435502504
435677876
435919612
436125529
436380153
436624346
436842454
437066480
437267418
437493911
437733685
438045735
438293154
438524858
438763536
438942281
439180948
439384158
439645680
439901955
440123662
440323266
440492523
440698548
440805051
441023057
441244938
441465218
441581568
441770797
441938092
442039192
442126549
442231015
442315136
442471330
442640584
442818723
443003783
443156958
443320215
443537207
443738645
443913617
444082881
444252645
444440433
444645776
444813279
444997206
445273532
445410927
445543466
445729524
445935289
446113619
446275948
446524164
446745140
446984508
447224220
447412414
447615057
447853494
448073217
448261656
448486008
448671808
448926062
449184235
449402069
449620306
449862132
450045374
450244808
450481388
450672620
450925808
451131662
451337692
451460776
451576767
451743261
451944370
452166065
452353868
452555779
452766046
452940388
453156259
453396561
453639575
453886706
454107186
454344510
454532449
454769556
454997308
455199008
455498661
455745167
455924000
456097355
456303074
456479336
456725888
457000185
457241780
457468531
457681096
457919714
458166565
458377960
458580121
458806561
458976977
459185466
459421993
459645622
459787809
459960340
460140327
460373763
460588708
460782837
460979050
461202938
461451448
461714035
461891019
462071797
462310130
462496806
462723015
462917744
463125864
463359947
463547283
463784225
464036406
464206746
464449344
464704008
464944448
465118315
465386318
465647814
465884872
466056969
466245000
466418046
466633899
466824412
467065982
467305234
467541732
467779930
467948593
468154229
468395938
468567530
468793087
469054266
469323731
469550893
469813536
469965924
470221532
470407220
470634058
470857032
471108883
471264164
471520146
471777665
471964145
472104799
472262723
472466948
472671752
472943294
473149797
473426618
473654575
473830732
474088397
474331334
474584835
474809888
474952769
475140125
475364619
475629387
475821497
475990071
476229400
476456188
476707589
476941511
477166125
477436368
477593540
477800074
478052247
478232969
478438886
478708920
478930644
479149795
479400116
479626494
479866887
480129190
480335611
480570840
480726951
480948767
481118618
481362865
481552379
481726819
481934417
482184757
482333827
482598186
482754349
482976161
483181748
483434591
483586814
483840302
484069824
484338048
484670462
484906036
485157313
485391065
485653323
485841105
486062485
486292172
486511221
486751092
486969872
487170507
487390307
487636673
487809748
488035862
488294531
488481752
488703740
488862650
489091079
489314770
489537984
489797572
490023630
490227989
490485220
490776906
490980467
491222207
491460630
491725570
491909557
492111049
492295971
492548182
492786045
492959935
493222983
493483830
493759423
493979648
494253757
494424314
494662133
494936741
495214068
495433680
495699690
495954195
496178063
496344699
496567522
496788359
497032395
497275958
497497749
497681381
497854005
498082553
498353736
498556983
498730482
498934960
499124845
499339570
499504657
499692109
499916807
500145700
500385790
500604252
500830501
501090515
501318795
501546565
501822949
502026218
502234559
502491988
502711157
502935807
503180185
503380217
503634895
503822456
504026276
504195159
504405096
504650893
504856752
505120285
505308847
505536851
505803454
506021033
506277622
506503442
506777710
506931433
507157163
507368342
507612626
507818454
508093898
508340788
508578313
508816571
509070542
509307603
509534789
509755668
509991203
510197625
510434395
510676141
510964944
511152279
511367758
511554149
511703984
511879431
512049281
512241625
512482373
512626339
512806064
513027579
513250238
513487560
513675414
513937075
514131230
514319613
514528446
514769930
514995359
515251217
515438141
515669664
515924859
516167239
516435751
516669701
516898167
517153846
517348702
517568933
517816855
518032424
518271658
518502998
518707504
518993056
519203599
519375281
519573955
519824046
519995842
520224429
520421860
520650015
520789219
521016169
521257834
521497406
521709166
521945322
522182788
522421039
522673825
522888718
523071409
523292361
523518005
523685889
523900355
524121820
524355895
524573944
524814692
525057327
525336374
525546731
525802606
526008115
526230761
526464179
526736741
526936987
527175936
527418955
527662898
527838519
528087482
528347802
528591294
528798213
529055751
529238898
529486038
529689203
529912378
530132865
530379972
530618358
530878694
531117621
531323578
531539428
531696390
531923667
532148490
532385434
532627683
532814293
533024513
533274199
533538443
533771669
533911368
534107175
534294846
534506240
534752382
534985326
535184673
535388440
535577081
535796290
536011602
536284728
536534822
536774304
537010135
537291276
537564965
537824338
538060022
538232911
538457320
538675578
538917875
539229054
539467895
539644164
539872240
540102866
540389539
540577468
540834471
541093118
541327800
541520150
541777439
542022092
542207221
542461758
542635893
542862280
543063316
543288789
543557422
543778180
543962778
544219211
544420126
544642131
544894082
545118331
545312104
545528303
545747087
545936906
546196039
546366606
546587160
546792164
546967648
547203466
547445836
547648831
547886755
548108345
548374566
548532882
548722168
548927417
549144359
549342160
549577740
549830187
550124714
550407796
550626472
550818639
551075750
551345399
551604743
551775128
551993619
552239638
552566175
552736957
553005597
553260140
553462793
553687425
553922009
554200786
554400801
554656158
554913282
555186433
555341581
555533510
555757179
555965743
556147692
556417544
556653099
556911570
557150514
557404426
557622121
557863438
558100975
558331600
558550520
558737412
558967496
559203647
559411682
559646488
559885388
560141759
560376017
560630151
560841974
561085861
561318556
561561662
561723864
561895535
562065367
562203091
562374105
562577239
562805748
563025987
563259843
563489072
563703935
563960864
564197875
564376367
564575273
564782955
565031114
565255307
565474404
565709740
565946374
566133741
566396382
566584305
566752055
566944262
567098023
567374010
567560962
567801886
567976414
568148584
568322344
568526163
568766569
569009045
569231371
569474546
569747583
569973153
570210825
570366358
570605826
570862661
571125203
571323233
571495338
571668185
571964757
572216377
572396269
572579891
572750374
572995396
573226781
573483453
573690577
573912325
574137708
574366560
574592565
574836529
575045651
575218455
575442406
575613088
575817712
576039550
576202049
576470848
576668373
576838214
577008218
577265090
577519621
577709058
577861692
578122545
578335176
578570048
578771413
578975657
579187300
579425678
579645857
579869776
580039395
580272426
580510647
580753356
580997474
581237616
581474346
581717207
581951021
582194187
582422805
582612767
582830010
583060216
583314093
583546098
583772315
584043350
584269563
584490796
584680968
584899882
585179972
585410767
585654271
585901290
586142173
586378124
586591794
586814364
587002187
587172835
587372118
587564186
587842397
588033930
588271797
588479808
588717042
588876598
589027422
589286335
589520089
589710064
589933715
590088915
590274931
590494795
590649832
590895240
591143275
591281122
591519855
591745225
591982797
592238998
592460913
592665812
592849178
593069485
593345103
593635892
593862605
594065966
594238387
594468523
594705013
594948375
595238585
595425642
595615210
595874806
596148845
596359313
596586410
596785966
596939945
597181704
597421583
597714100
597903163
598111912
598352378
598625537
598862157
599102111
599348732
599620836
599846192
600131063
600319322
600540335
600791602
600964671
601183405
601352951
601608810
601848799
602125380
602311440
602555852
602810087
602981807
603224457
603449124
603704975
603925527
604100331
604326119
604546551
604717807
604921888
605149257
605360746
605612600
605851609
606060244
606266655
606503996
606798577
607002367
607279262
607534432
607740912
607998649
608167683
608356646
608544004
608729857
608966895
609237444
609456723
609593183
609816586
610000917
610174349
610377583
610570797
610739266
610876231
611086096
611239499
611426682
611579720
611800073
611970033
612173099
612360097
612529975
612637712
612846713
612964794
613070796
613193149
613379673
613548695
613666575
613819845
614024370
614192621
614329905
614484149
614705295
614882017
615036128
615206090
615382444
615584162
615719856
615943079
616183077
616316763
616421573
616573893
616738603
616939577
617165714
617368632
617486882
617626173
617813549
617931208
618153778
618359853
618587707
618802984
618999295
619208469
619343860
619465109
619581849
619754663
619908494
620079149
620281350
620453057
620656792
620842827
621072151
621192513
621396492
621581584
621751802
621939319
622128220
622245809
622399530
622539345
622641856
622727044
622881390
622980475
623149901
623335646
623523501
623692553
623844553
624029925
624188697
624274097
624442776
624631587
624800114
624917764
625020361
625121434
625213586
625293749
625377690
625548558
625681821
625765735
625921619
626112721
626195914
626317581
626470958
626569926
626728410
626843462
626981187
627117566
627301876
627523242
627626678
627866362
628019330
628188027
628347455
628586015
628704252
628825770
628961592
629168873
629354001
629573418
629775527
629912911
630133091
630363754
630456675
630611429
630852242
631042765
631175401
631387086
631585167
631810643
631980627
632075655
632226707
632430909
632530832
632675781
632860315
633015923
633187473
633325505
633446904
633620702
633756162
633930362
634099098
634327907
634550067
634634575
634803699
635012332
635212659
635328793
635466600
635689560
635860232
636060458
636297177
636506125
636624725
636715681
636887967
637089548
637293073
637437872
637665001
637851260
638078323
638283908
638441815
638572073
638760349
638954901
639070042
639257918
639446550
639581704
639808155
640023570
640177384
640316970
640517560
640636017
640807838
641044755
641255145
641493224
641635255
641826219
641963247
642134907
642273759
642432325
642604889
642815767
643035588
643262402
643478057
643672628
643898928
644119013
644361125
644480381
644650600
644808990
644967446
645165770
645356237
645546308
645699247
645884606
646071053
646261628
646482280
646635785
646857225
647026545
647252265
647358186
647527024
647660110
647868955
648070100
648243421
648480594
648649486
648819690
649046481
649217433
649320183
649539035
649763377
649903527
650057131
650278114
650465040
650603608
650738052
650892438
651046532
651252605
651475467
651633935
651745350
651901710
652072843
652194823
652380780
652566673
652756717
652966383
653105463
653291056
653479859
653699751
653818128
654002938
654191814
654409410
654579557
654747665
654889974
655071882
655243983
655448689
655587485
655793100
655941068
656141632
656343971
656529646
656700515
656800943
657020746
657224024
657342539
657811784
657955926
658142490
658320046
658526490
658698277
658905219
659032724
659215292
659320221
659402778
659539364
659725379
659807964
659962076
660147162
660252110
660413629
660575033
660728084
660898920
661106332
661305997
661474859
661615713
661801629
661994202
662091111
662236902
662411095
662594918
662687592
662845235
663003073
663121318
663283829
663427678
663590255
663749615
663919331
664004694
664088375
664274515
664430941
664596860
664783131
664937221
665106595
665228174
665380052
665529699
665683209
665855755
666041718
666246617
666382126
666537252
666704704
666929270
667149240
667377356
667511617
667663288
667832553
667951728
668172736
668296354
668481114
668654819
668875719
669060585
669236363
669424774
669630406
669837576
669996097
670144341
670366365
670588950
670740312
670861781
670998732
671219598
671393010
671561323
671702598
671920379
672042679
672227303
672362225
672515523
672621851
672793452
672991876
673162504
673304051
673446941
673665199
673771799
673971609
674184297
674338346
674475763
674712162
674920477
675089403
675316668
675546965
675702807
675905572
676104301
676323079
676462678
676633557
676767588
676908024
677112153
677248858
677374003
677505471
677647273
677848361
678055622
678190738
678413975
678589611
678741580
678924146
679044285
679283710
679518727
679708237
679938529
680164694
680334998
680503421
680692613
680865615
681070194
681209185
681343943
681530981
681701683
681963605
682133453
682285552
682476937
682631655
682836689
683025312
683224857
683481137
683684275
683836701
684006997
684238699
684509764
684750445
685032415
685262839
685479452
685723341
685926784
686096926
686318082
686557342
686802757
687018910
687224307
687448955
687620619
687832256
688074076
688298618
688469930
688680367
688871276
689105561
689261564
689466294
689730395
689930865
690100078
690291068
690462207
690615271
690796214
691068748
691277534
691494984
691734172
691925128
692175977
692314051
692525287
692756320
693009687
693172578
693374531
693596456
693750080
693987344
694219151
694353461
694524725
694781759
695016745
695243165
695442037
695560869
695752408
695960961
696098716
696296943
696482745
696687194
696875052
697011747
697196617
697352857
697556444
697704685
697857803
698066108
698186060
698341847
698513361
698730227
698866625
699002648
699206417
699382897
699607584
699760025
699967757
700187705
700307875
700510212
700715525
700853142
700991189
701146929
701299054
701436463
701636802
701842262
702028630
702200877
702407954
702593968
702766695
702939427
703075673
703162272
703334269
703475235
703660651
703830275
704035364
704121936
704222799
704307894
704478722
704665251
704835135
705021153
705210064
705403696
705578330
705737874
705929159
706098981
706313401
706487385
706683029
706862148
707048435
707130610
707269332
707421611
707558873
707762912
707972000
708102110
708237813
708433943
708536188
708640191
708831831
709037974
709190638
709292704
709377708
709547431
709698534
709844293
709924962
710094744
710286434
710403791
710510103
710680027
710884083
711086501
711210554
711391246
711599928
711750451
711923287
712109803
712300481
712484192
712654029
712774492
712942598
713148253
713369924
713560451
713713569
713814969
713941712
714072802
714295937
714513759
714634620
714768197
714962157
715195764
715349686
715535098
715706132
715909957
716061769
716231484
716350697
716472458
716688517
716845540
717015185
717147685
717342881
717572810
717725133
717864939
718019827
718217969
718425397
718544580
718714702
718886885
719073501
719214075
719438105
719560865
719696616
719849485
720051309
720191782
720309723
720453658
720591804
720730802
720866733
721002187
721191335
721395343
721534510
721702977
721908156
722047755
722200654
722353304
722523150
722736351
722917897
723058599
723198776
723339039
723510901
723730219
723931697
724055607
724276356
724483149
724657368
724784034
724988756
725180673
725392231
725599427
725787953
725992580
726196188
726368386
726503959
726726931
726896710
727068353
727190194
727391585
727526353
727732904
727918677
728107632
728295971
728505950
728724464
728916315
729034179
729254288
729457311
729629076
729849942
730038986
730157311
730355832
730494030
730645797
730818199
730950922
731156795
731321278
731507429
731711412
731935118
732069421
732223447
732427452
732564023
732768946
732987510
733128436
733279796
733412974
733564269
733787761
733974929
734146061
734266981
734402128
734588738
734776625
734896582
735028961
735200161
735427609
735588595
735689630
735825105
735962145
736147883
736284604
736438288
736590821
736779015
736902734
737102844
737241814
737373318
737531559
737699539
737886855
738038437
738124712
738263233
738450561
738609339
738727031
738881834
739050389
739255798
739372873
739527439
739712020
739847911
740038647
740266924
740520824
740724318
740945859
741169462
741370866
741576088
741712584
741869640
742056172
742292323
742464746
742639461
742823112
743010320
743162828
743285495
743423515
743544169
743697506
743884139
744072119
744243058
744426713
744613736
744852339
745055461
745238117
745472936
745678255
745875499
746063787
746271409
746494456
746645585
746851776
747011625
747258150
747431961
747584491
747773112
747996499
748192760
748439671
748696150
748953723
749128947
749377192
749669233
749833871
750033708
750202590
750359889
750548030
750753563
750939523
751133771
751387677
751633320
751887540
752114271
752370861
752581978
752849690
753060836
753328097
753547705
