0
2096
3877
17663
34925
53111
71738
89044
104345
120225
136581
154264
172995
188297
205181
222460
239462
257862
274913
290253
306185
323924
340714
357743
375749
392469
407948
428332
443164
458824
476234
494340
509005
525836
543127
560528
578075
597975
611839
627899
644934
661808
678725
698759
713258
730549
747257
766123
781623
799717
814978
831839
848454
865999
882797
901555
918769
935857
951139
967432
984396
1001699
1274701
1443448
1595704
1723822
1853163
1990338
2158379
2312791
2430087
2600852
2754503
2844868
2974666
3100243
3212822
3317707
3437953
3555309
3664157
3758511
3847352
3926965
4029454
4188802
