0
20352
34128
50111
67066
84166
101317
118263
135249
152290
169479
189548
204104
220376
237495
258185
274537
292093
306665
322537
339578
359697
374424
390501
407524
428042
444544
462151
477354
492477
509462
529099
544243
564104
578081
594256
611136
628256
644791
661971
679216
699118
713548
730093
746971
764151
781273
797827
814905
831927
849124
869148
883998
900209
917306
934452
951521
968441
985678
1002389
1443325
1547848
1681035
1764942
1917031
2002359
2105702
2206860
2375479
2528903
2680977
2765185
2867507
2953207
3076640
3157647
3245664
3328204
3496210
3584104
3683149
3822465
3958268
4077389
4247109
4376647
4448562
4581474
4667890
4819538
4921584
5072517
5175264
5295994
5428357
5570825
5660621
5814598
5945853
6047648
6132468
6302651
6420073
6537812
6624829
6793117
6895641
7000152
7099679
7185329
7283930
7370383
7453625
7548855
7648704
7801225
7885845
7987700
8139233
8226733
8314451
8466137
8567410
8652712
8774251
8878006
8960260
9095032
9180463
9264129
9349369
9501582
9586722
9670242
9758641
9841438
9927049
10027885
10180683
10281881
10440385
10524302
10608844
10692963
10781085
11497399
11663342
11836188
11990666
12666359
12811521
12990252
13130090
13277039
13428796
13581133
13718106
13870731
14004316
14173724
14325401
14477613
14630867
14697856
14850418
15002621
15071470
15182410
15224354
15375638
15545185
15663601
15716638
15818614
15967803
16121433
16207665
16344589
16396068
16532301
16669351
16718531
16838103
16973523
17093427
17243717
17382724
17548252
17683977
17802815
17854796
17922113
18073279
18209099
18363160
18498765
18649475
18768731
18888457
18955588
19091994
19224453
19360330
19479561
19632744
19783091
19937668
20105049
20223004
20375271
20511239
20648395
20798699
20968536
21104806
21223618
21359526
21477867
21648524
21733362
21868686
22038407
22226851
22429803
22602644
23082020
23170629
23357838
23442210
23612205
23799582
23887695
24056860
24191955
24361106
24496315
24598346
24802611
24957042
25180820
25354752
25572800
25766378
25956234
26073407
26280030
26457099
26643218
26814132
27007328
27193916
27381934
27579086
27682700
27837525
27968525
28154694
28323672
28495107
28685072
28835930
28991681
29214018
29373394
29542661
29692268
29809895
29914185
30022322
30174676
30346480
30527479
30682109
30886190
31025136
31214791
31306046
31447926
31619568
31806019
31991384
32159649
32346384
32490344
32662194
32824302
32958263
33113158
33217374
33420231
33609096
33795804
33983175
34150573
34360732
34508514
34703340
34852605
35050999
35235821
35394942
35542503
35680498
35838483
35957841
36112121
36250301
36381437
36538994
36707359
36826954
37063072
37256650
37460169
37648304
37852632
38004827
38206583
38381531
38555723
38760566
38901479
39004924
39208648
39346514
39477967
39635326
39784835
39959373
40162782
40351007
40526170
40718677
40921863
41060541
41230581
41417634
41523932
41709452
41879040
42048946
42204312
42415421
42611093
42764316
42959364
43135032
43308827
43421960
43590832
43744168
43916532
44071087
44256893
44414952
44567731
44693141
44869749
45037206
45188353
45341492
45549035
45731670
45918388
46062363
46231417
46382149
46536820
46709185
46885249
47058685
47212626
47386882
47528982
47692467
47810846
47915441
48052217
48241197
48329377
48447636
48639047
48755246
48859220
48979273
49095065
49247748
49456956
49644984
49778617
49929041
50120558
50313250
50498883
50646355
50826092
51017097
51219729
51411047
51581663
51711544
51865303
52090049
52223988
52365452
52555682
52726309
52897031
53050487
53158556
53349789
53452230
53641692
53851533
54055167
54260587
54418523
54588315
54779079
54898402
55043814
55158339
55319800
55490570
55610476
55783204
55984798
56190725
56402801
56554615
56694765
56880721
57067904
57255971
57478314
57705192
57892248
58078072
58266441
58412840
58584969
58786587
58956564
59057900
59232868
59417983
59587909
59740138
59909184
60077517
60230338
60383253
60552522
60689961
60849486
61016776
61143302
61287956
61393567
61544843
61696878
61858874
61951872
62071191
62225361
62343101
62480776
62616207
62684485
62862766
62981447
63150224
63319813
63420397
63575669
63764970
63949395
64135803
64280518
64408162
64545377
64694721
64838315
64951624
65086617
65242769
65396018
65580740
65758034
65963199
66190146
66378073
66527301
66665965
66835431
67006817
67127455
67278817
67447394
67550141
