0
14741
46926
82161
110892
144715
179079
211655
245639
279001
314135
348226
380961
417181
445703
480925
514717
546917
582583
614310
648359
686190
718715
756339
784444
818723
851958
885013
918691
951443
987381
1022394
1590357
1792972
2028917
2193855
2434166
2698634
2932954
3199667
3403766
3637402
3816321
4050812
4288378
4521736
4691422
4855892
5092629
5298330
5498713
5701937
5902606
6114550
6316859
6517998
6719770
6886843
7091184
7257430
7460469
7695637
7929561
8131502
8332434
8534056
8771859
8945246
9146071
9347342
9548661
9684310
9923008
10092616
10292166
10496842
10696094
10868663
11065120
11266552
11501216
11702887
11903720
12107007
12308369
12557530
12783449
12984640
13226760
13386666
13599731
13800816
14036607
14307086
14472490
14673674
14883733
15117505
15349837
15589956
15754338
15955259
16160058
16364474
16565586
16732212
16902551
17102864
17303323
17505056
17705716
17907724
18141026
18310829
18477718
18681341
18849840
18984390
19219851
19351499
19553868
19753378
19959556
20191149
20357234
20596679
20836098
21069204
21205651
21405618
21610244
21841736
22042953
22278285
22513370
22680517
22883050
23117002
23350247
23589244
23790971
24022059
24224240
24428168
24629989
24828769
25063904
25266400
25500698
25768773
25938724
26138883
26372588
26573277
26776821
26978480
27178066
27414147
27689999
27920740
28161472
28373580
28532840
28731786
28932465
29101864
29338950
29570162
29809539
30055491
30247928
30416855
30588065
30726835
30956944
31191884
31402895
31594785
31798702
32032014
32265350
32467071
32701603
32936743
33138351
33339629
33540761
33753129
33976724
34183040
34446819
34680965
34917133
35091959
35285650
35427364
35622005
35826133
36024649
36231381
36466746
36698788
36914472
37083050
37323345
37567739
37730146
37938713
38108073
38348217
38590319
38829996
39054866
39221457
39458407
39658905
39892201
40129784
40328313
40502314
40699659
40940712
41136152
41336954
41571722
41807497
42008402
42186077
42381408
42627116
42819097
43021169
43222170
43455821
43623842
43791897
44027850
44202541
44365954
44500943
44733804
44935123
45171925
45406284
45649130
45910932
46147407
46383464
46656619
46920752
47189707
47422795
47668873
47899531
48129521
48397001
48670675
48907683
49135071
49271076
49471118
49680967
49942654
50251848
50448676
50648272
50887994
51151824
51420430
51623419
51857182
52126520
52296913
52495935
52663956
52866464
53134271
53403717
53536555
53771877
54052690
54322544
54523471
54790043
55026817
55193597
55396614
55638774
55835092
56069181
56237663
58184792
58385420
58586578
59054557
59354886
59493335
59696100
59895799
60738831
60967419
61415927
61609916
61809982
62042315
62276251
62477688
62716359
62914945
63115850
63317299
63518028
63759795
64020953
64224245
64458862
64625632
64867362
65141111
65306277
65541942
65785307
66012679
66215132
66458332
66718524
66954489
67221734
67357879
67592304
67828890
68030326
68296554
68499456
68699842
68968818
69202445
69406048
69606574
69844359
70076928
70348950
70551451
70827508
71055325
71262724
71496848
71725581
71960392
72227774
72398048
72630741
72839212
73036190
73302373
73540362
73738566
73874615
74111782
74347536
74619770
74885043
75088218
75321468
75526673
75792392
75960543
76162158
76362269
76535345
76730960
76967968
77138160
77371287
77573864
77813595
78043446
78310864
78551944
78748916
78985234
79186499
79422379
79627206
79902213
80131081
80334772
80539531
80737352
80973638
81178312
81342953
81593685
81790992
81958403
82194751
82428215
82697547
82998272
83200947
83436063
83704380
83972292
84174121
84413104
84621550
84918112
85182037
85384194
85655933
85859076
86125851
86360488
86562733
86834244
87070407
87237555
87405306
87643023
87918381
88181332
88452872
88720017
88924081
89158229
89425372
89671058
89897586
90098556
90369332
90570645
90737558
90974623
91209264
91409479
91620886
91751705
91954991
92159829
92366624
92632034
92866056
93137054
93303769
93538272
93804347
94073947
94311812
94545900
94746162
95015447
95215726
95451678
95588948
95858283
96028630
96294300
96532068
96699687
96900330
97137762
97369610
97639557
97908847
98081562
98350474
98650363
98885765
99153283
99356248
99622019
99824895
100060562
100327397
100565377
100774803
101041558
101274110
101507693
101782189
102018636
102252482
102459145
102690969
102956942
103191815
103433945
103703834
103904182
104173262
104419144
104649898
104886187
105133476
105369419
105570930
105810420
106042243
106315366
106546227
106783857
106984273
107189052
107457782
107755285
107959671
108261929
108533659
108800049
109067259
109303786
109542325
109738496
109976246
110175487
110413119
110645249
110817441
111047560
111286824
111489918
111689965
111924077
112126969
112394633
112568216
112798263
113032444
113244833
113515136
113713535
113954346
114156426
114390602
114658839
114863715
115133368
115336027
115570470
115703670
115888164
116122385
116357909
116591769
116759131
116927259
117095130
117341076
117443751
117712284
117913691
118115434
118349921
118552467
118786595
119057326
119222535
119424729
119665369
119930894
120128288
120336153
120531276
120767442
121007424
121237085
121472678
121641729
121911233
122185354
122452683
122621259
122788810
122957060
123192459
123461581
123629601
123865248
124129767
124372746
124534884
124774454
124977873
125242921
125442366
125678956
125918683
126119683
126354804
126593932
126861114
127131074
127407970
127672406
127937567
128204121
128410529
128640224
128878326
129053221
129321102
129464846
129704560
129970043
130203436
130445199
130676279
130808821
131054803
131321459
131590800
131861518
132136500
132399212
132599435
132835508
133104775
133338860
133539220
133707145
133943974
134150356
134345664
134616170
134847727
135017010
135252331
135493778
135756801
135992346
136261033
136429567
136697846
136897857
137101075
137336182
137604394
137870661
138072050
138242993
138516604
138778773
139048991
139316719
139486313
139685566
139920827
140158829
140427954
140661906
140869707
141099570
141368579
141637204
141843202
142073754
142313263
142554050
142778420
142986213
143182603
143450203
143720207
143955714
144204572
144404323
144584219
144807268
144985468
145260969
145488171
145762826
145995627
146230898
146498878
146774668
147008998
147209883
147412460
147681308
147955214
148186352
148425345
148557256
148759202
148996272
149195962
149411433
149601185
149867036
150068703
150271614
150509670
150677798
150926111
151195365
151354855
151583868
151819284
151988522
152188551
152406919
152643116
152843952
153080859
153247815
153413957
153649292
153890701
154068826
154326563
154594096
154838499
155071264
155299080
155501147
155703195
155970843
156182491
156441869
156709693
156978305
157217079
157424762
157652702
157921214
158124275
158292677
158559297
158768872
158996555
159168143
159369170
159542335
159702967
159971427
160211857
160476847
160677854
160943623
161118637
161349934
161558191
161796763
162024010
162256596
162429153
162726197
162995308
163263435
163498259
163770433
164002893
164237457
164439759
164645759
164908740
165115879
165350215
165590717
165789927
166022967
166223672
166391174
166627321
166837285
167029881
167264762
167534946
167738907
167972231
168185149
169694016
169996864
170235498
170498475
171383577
171545913
172056270
172280436
172450059
172655729
172850936
173119290
173399327
173627120
173862425
174076898
174233678
174474931
174676711
174880084
175115010
175351385
175587636
175855183
176098614
176358677
176560105
176772994
177031074
177201347
177451966
177679702
177915068
178151529
178358263
178558348
178761813
178997287
179264146
179500943
179700262
179934850
180104397
180308713
180540988
180778458
181011582
181279423
181522288
181759121
181959378
182166774
182363500
182584479
182753737
182954338
183156508
183357933
183534050
183759511
183870353
184062876
184264549
184469524
184643410
184840180
185040242
185217772
185415414
185651283
185852342
185987784
186226240
186424258
186623283
186800279
186903937
187099860
187242807
187435419
187577020
187772515
187973195
188177945
188346962
188547355
188780823
188983134
189184910
189417833
189651861
189858517
190100121
190300454
190506786
190718270
190889690
191122234
191356439
191562493
191762071
191934588
192097998
192307076
192533919
192735868
192906529
193072686
193274288
193475218
193675206
193877261
194047143
194179265
194346970
194486665
194686143
194889480
195089247
195329899
195528426
195760744
195931518
196164320
196368253
196601317
196804154
196970547
197205798
197441474
197643908
197811712
197948383
198148132
198353769
198556401
198793695
199035745
199195220
199397847
199598965
199766779
199971749
200170496
200340785
200505601
200740242
200948175
201052835
201278942
201512667
201754170
201957429
202191987
202399070
202630673
202762512
202934363
203168914
203372810
203604531
203808166
204045116
204244153
204444039
204648157
204881056
205050009
205284228
205485845
205658503
205825629
206060799
206262001
206497095
206732213
206968548
207202788
207374905
207505626
207744402
207977365
208183907
208384176
208585454
208791643
209021020
209223034
209462313
209661085
209897016
210064819
210264195
210471168
210668566
210901490
211037260
211170477
211406990
211612460
211846391
212050167
212214965
212383068
212585466
212832797
213060430
213229150
213465071
213630102
213807982
214078071
214278875
214481647
214719442
214954582
215158135
215425238
215659175
215867017
216031507
216232967
216434250
216632625
216804549
217035901
217270386
217444662
217645016
217848876
218080675
218282371
218449259
218688964
218858740
219058544
219294402
219498434
219699357
219903125
220132638
220368473
220505171
220670046
220841175
221074672
221252019
221412433
221645943
221881488
222083128
222284454
222522603
222722127
222926703
223157467
223393975
223602316
223762477
223963947
224201942
224333792
224536933
224740005
224943238
225140077
225375780
225577962
225743788
225915781
226147704
226289733
226514938
226785767
227019561
227153684
227325057
227559381
227795619
228027250
228265515
228497986
228666418
228866356
229103658
229271480
229476709
229710287
229949585
230180152
230383233
230618592
230854271
230955524
231156456
231389778
231625628
231893413
232093432
232298369
232532232
232733525
232903670
233140048
233310148
233543015
233745910
233947699
234182598
234381712
234584920
234819576
235025702
235189417
235359002
235564842
235797917
236000331
236167073
236373762
236571131
236771473
236941180
237141170
237345377
237580540
237779145
237914458
238151163
238389016
238589283
238858334
239065329
239294931
239430462
239669630
239899379
240137280
240373174
240607534
240840457
241080071
241276829
241478332
241653266
241854032
242023622
242259282
242491481
242698209
242933121
243102984
243269979
243500580
243670314
243906506
244006893
244206873
244444901
244642341
244845479
245053231
245288449
245556115
245761438
246005451
246242471
246376600
246610394
246844981
247082152
247313287
247452335
247651109
247887711
248021278
248221478
248423672
248657328
248835794
249096345
249229817
249467125
249700814
249932552
250177177
250371378
250571584
250808461
251075985
251276963
251516503
251781685
252017461
252250570
252460363
252698121
252895884
253067725
253232337
253402123
253602377
253840350
254039720
254274283
254442513
254676981
254845747
255079889
255285022
255521440
255754079
255956671
256125648
256359614
256574149
256809769
257044076
257213113
257416410
257651009
257887925
258089444
258325276
258490678
258699374
258941467
259137579
259338007
259506179
259748119
259955644
260152081
260297245
260554304
260754830
260895508
261163839
261329474
261564308
261730645
261974145
262169549
262370297
262571055
262778132
263013340
263213029
263449131
263617147
263818912
264052494
264254164
264456839
264665527
264929687
265070951
265236491
265405562
265573014
265784274
266044201
266277956
266412701
266614689
266849543
267052504
267284096
267486874
267724104
267924135
268061529
268194568
268372827
268596511
268830016
269036861
269140890
269347067
269580996
269782333
269950372
270160332
270321819
270520939
270688963
270923678
271124203
271359736
271594863
271833252
271998102
272233656
272406501
272637428
272803447
273079445
273275726
273515937
273712654
273913328
274114563
274318826
274587202
274761542
274962913
275233821
275443260
275667016
275935392
276111228
276271103
276507723
276742462
277012391
277245462
277484458
277753406
277925347
278131520
278261760
278496144
278766961
281070943
281316341
281515302
281946267
282147707
282347164
282514794
282684076
282917910
283628625
283823702
284297970
284460479
284660326
284828804
285002040
285138726
285339595
285535664
285739108
285986725
286249035
286415465
286662721
286885738
287121007
287329803
287522988
287757689
287960757
288228628
288364669
288531703
288764457
289007299
289268957
289435771
289677343
289906681
290107460
290276216
290443194
290648010
290847515
291081006
291285204
291519356
291693905
291892063
292126973
292369249
292596355
292798075
293039384
293233691
293469811
293670912
293872585
294107593
294343956
294513406
294748217
295015569
295283362
295552034
