0
31942
65899
103410
133831
165782
203380
233115
266736
300551
334737
368906
401782
440777
469119
501406
540317
569403
601572
634967
669319
703489
737932
775110
805011
837698
875871
906237
937913
977018
1006996
1213806
1411994
1647965
1788042
2016100
2123721
2286456
2520199
2688252
2793088
3127502
3260142
3429092
3564002
3768589
3929050
4064751
4299337
4475858
4702480
4909758
5107389
5308202
5511112
5677638
5847651
6016308
6216876
6415980
6650071
6824874
7019942
7255027
7497307
7694230
7933115
8062368
8229505
8467248
8702745
8845455
8971599
9182451
11011145
11212937
11380107
11849314
12065010
12232979
12433272
12635512
12836335
13549702
13713821
14223750
14385471
14528161
14755596
14896297
15124404
15394344
15630696
15834409
15934713
16101811
16300393
16435827
16636995
16805588
17043940
17256848
17513582
17750846
17984187
18219390
18521470
18727031
18995011
19273440
19536892
19739485
20008647
20286788
20580361
20848313
21117715
21351546
21486578
21687979
21922085
22158225
22391444
22663643
22829723
23067016
23234456
23502644
23672202
23939435
24207724
24377388
24613364
24814049
25018878
25220491
25431827
25692800
25923775
26159015
26394443
26629220
26931175
27198241
27404963
27607862
27846668
28148670
28353956
28585617
28793783
29027837
29254387
29456539
29627928
29795394
30059859
30270074
30507357
30682242
30917807
31160739
31395887
31594502
31829197
32030305
32265831
32466829
32672569
32905383
33078695
33309314
33574292
33876190
34084956
34314052
34617072
34885192
35089425
35395983
35598945
35878295
36009078
36246322
36453965
36684661
36952740
37184564
37385631
37622406
37956529
38190820
38359549
38528323
38763958
38996093
39231713
39505406
39740672
40008353
40208731
40410459
40678463
40848664
41082438
41249101
41488000
41718918
41990717
42257121
42500578
42802451
43068450
43339294
43511769
43705357
43906671
44109338
44308642
44483751
44748554
44981297
45264051
45476812
45709418
45883248
46110219
46379478
46613784
46893257
47055849
47323620
47567156
47761306
47993652
48238211
48431549
48598716
48837481
49103417
49339841
49608102
49849950
50118846
50352834
50523116
50754016
50955675
51124306
51292034
51563817
51799055
52101710
52335533
52608264
52839788
53146110
53382167
53585254
53884924
54121510
54352959
54556736
54756627
54929378
55126395
55333883
55602167
55802079
56004619
56209159
56479706
56614276
56917387
57180606
57382063
57619400
57884892
58152951
58421109
58589958
58856576
59057551
59335913
59597818
59832627
60032743
60236422
60509983
60743263
60948764
61213737
61484983
61754085
61922316
62189922
62391254
62660620
62895443
63132723
63339403
63642842
63806322
64006924
64175511
64380851
64516659
64684622
64919977
65123068
65330019
65522982
65731581
65926542
66199037
66500831
66672677
66936101
67210613
67507618
67676648
67844638
