0
40710
65034
101165
136676
171247
202305
241691
268406
300061
334521
368345
402847
436690
468204
504591
535879
579734
602641
635510
672057
703542
735698
772439
803122
838118
874553
910401
939666
971951
1008140
1210280
1444543
1647294
1749337
1926794
2124677
2391882
2606199
2766936
2901627
3071350
3241368
3542267
3743770
3956615
4154530
4393609
4596365
4764739
4931607
5068891
5269576
5405748
5572157
5773507
5980267
6175975
6380894
6579784
6779108
6989525
7217119
7424870
7622616
7792123
7958453
8193494
8362023
8564612
8764076
8968831
9100802
9284858
9478333
