0
16689
34374
50948
71423
85221
101678
118126
134983
151993
169268
185901
203136
219986
239173
253970
270656
287937
304973
321984
339070
356318
373406
390482
409714
424924
442425
458600
475350
492127
509120
525892
543325
560693
579312
594882
610653
627433
644868
661625
679032
696693
713154
730816
748922
763869
780434
797309
814504
831361
848432
865334
882395
899554
918034
933138
949603
966782
983667
1000697
1221438
1356088
1475577
1646601
1817584
1975617
2111605
2301019
2492113
2661694
2764597
2971362
3193670
3364346
3536804
3672940
3875912
3979554
4149796
4306219
4407122
4592783
4780558
4970025
5092085
5246140
5415014
5603688
5712602
5828568
5962944
6115758
6268230
6458497
6611019
6786656
6979254
7165286
7319118
7424396
7556607
7710826
7903271
8090169
8239893
8427055
8616472
8768753
8884878
9056248
9227649
9395282
9597948
9788759
9939700
10076938
10228965
10349707
10502547
10672468
10859661
11028399
11214852
11318301
11505815
11691077
11832819
11936480
12121847
12297255
12466605
12588147
12768804
12941273
13115322
13236937
13356291
13524931
13676009
13813292
13964115
14149735
14319814
14476082
14597322
14767075
14871139
15041697
15161119
15283539
15452604
15569087
15689447
15876154
16028858
16164908
16332073
16519763
16707675
16911980
17064414
17243677
17415239
17567548
17736539
17923249
18095574
18281889
18432595
18603846
18788812
18957996
19094490
19298745
19436978
19590934
19761321
19913712
20103319
20289247
20476063
20663660
20834549
20968013
21086839
21206254
21358997
21547555
21686758
21838878
21993732
22126230
22280601
22399716
22519935
22672396
22858286
23028615
23132735
23235260
23368074
23538705
23659193
23827004
24013456
24149501
24290276
24458873
24635705
24834182
25019239
25211957
25381290
25517460
25703813
25852738
26020935
26192142
26342010
26496638
26687179
26827968
26997976
27177943
27363229
27481664
27567489
27739960
27837521
27975519
28099995
28201357
28339143
28490849
28677482
28783151
28971304
29157970
29313001
29430887
29621164
29737955
29881582
30017497
30201452
30356875
30661321
30836002
31005923
31112809
31283769
31473870
31608834
31798595
31984953
32199788
32395472
32547263
32704533
32837944
33025233
33227114
33351475
33469914
33562644
33743391
33829648
33964248
34133368
34305225
34481264
34600388
34719399
34870347
35073730
35226519
35348190
35516318
35687404
35822003
35945295
36114673
36285870
36439706
36576446
36746711
36946812
37084815
37240182
37359702
37494289
37683306
37806604
37945825
38113946
38250540
38443921
38623758
38748913
38866217
39035046
39155951
39324707
39428622
39564994
39700674
39853698
39974995
40095222
40211124
40379699
40500095
40620623
40806690
40965251
41159292
41329387
41498067
41667909
41807797
41978479
42111138
42295382
42484449
42659338
42809327
42927630
43046910
43217007
43391664
43585705
43754608
43942588
44147668
44301543
44501652
44655853
44824366
45017029
45117742
45270626
45459659
45582611
45685280
45856176
45959064
46129815
46256455
46426494
46593820
46676080
46865746
46984494
47137505
47310801
47446791
47601496
47754543
47907165
48044334
48197262
48367774
48505069
48691237
48813414
48998619
49167138
49343170
49458661
49648215
49867602
50021035
50155963
50345715
50517841
50651493
50788273
50955808
51182760
51405260
51589851
51758973
51912693
52100940
52269193
52404575
52591438
52733470
52960015
53118417
53302808
53523887
53731384
53875035
54009456
54114740
54321466
54463467
54598553
54767490
54919648
55112211
55265399
55453276
55639704
55831665
56053962
56205671
56410581
56544821
56714841
56887752
57045302
57201905
57336307
57543352
57766915
57938503
58074867
58297365
58499582
58739435
58872673
59008388
59168733
59375039
59595624
59732176
59935715
60137348
60345132
60516063
60686412
60855122
61078300
61248181
61382586
61537449
61724801
61909956
62115680
62216494
62386836
62514749
62630516
62835572
63040486
63175474
63311850
63477671
63613743
63734375
63869839
64023289
64233700
64452272
64628521
64834051
65005624
65142370
65281914
65415294
65570569
65707488
65841846
66045823
66220036
66355957
66506756
66710706
66904863
67015015
67241243
67446444
67548780
67632710
67786563
67991908
68127251
68331470
68501234
68627413
68764028
68848941
69063235
69281484
69393916
69604549
69726293
69877275
70014116
70233411
70440374
70595542
70782159
70968667
71137320
71259821
71352009
71467391
71526877
71698196
71898611
72024574
72190221
72373018
72545696
72665352
72833341
73020424
73173579
73306966
73443396
73611524
73746943
73881462
74051123
74186869
74373995
74458047
74627306
74813831
75026290
75210022
75345089
75514847
75686503
75853453
75974454
76128483
76299484
76469131
76637694
76773725
76867335
77016658
77221662
77373727
77561036
77697786
77883682
78092905
78215589
78407906
78565543
78671729
78776344
78966428
79154947
79309442
79495229
79580159
79783607
79936583
80072433
80225938
80378385
80503534
80719794
80922032
81094316
81245125
81447566
81617208
81838462
82007937
82178872
82297552
82485166
82586790
82808323
82998857
83201580
83372022
83577146
83739464
83942145
84133684
84352183
84559398
84660362
84765757
84885519
85006847
85144466
85262612
85397444
85601420
85770016
85941138
86076768
86245595
86432466
86601542
86771763
86924846
87094543
87325319
87525233
87683569
87814309
87916625
88137417
88272759
88460716
88667870
88794316
88916778
89041020
89275269
89450278
89583219
89805338
89961634
90175429
90361842
90563392
90780907
90998410
91150839
91252829
91373169
91525259
91693921
91846439
91965454
92185797
92355613
92527000
92680286
92781910
92953292
93072054
93175989
93379326
93548300
93672190
93864236
94049099
94169292
94353289
94488672
94613822
94731607
94852990
94987888
95122941
95227287
95326900
95465555
95551298
95753213
95872751
95973832
96108710
96266984
96369417
96538222
96745826
96966523
97117762
97221837
97445927
97579772
97716011
97835439
98007000
98193387
98362401
98498033
98587779
98745208
98947008
99083261
99168817
99388048
99574494
99679187
99795565
99967743
100086959
100201208
100320453
100439687
100542390
100659663
100764344
100868865
100968663
101070445
101154806
101298686
101500391
101602762
101727117
101896259
101980301
102085399
102220314
102350398
102452510
102592600
102760659
102876612
102995568
103112180
103265066
103366166
103469940
103587853
103705973
103815537
103932604
104050362
104171238
104276903
104463112
104655001
104752922
104855543
104956797
105040780
105192214
105312031
105481473
105616873
105720997
105823303
105959574
106093565
106245561
106351771
106483733
106595548
106798781
106900038
107043642
107175064
107304503
107438596
107540934
107698815
108046019
108234668
108394337
108548607
108648393
109522879
109667585
109831924
109998631
110202728
110387754
110572229
110695238
110775473
110945592
111090741
111286984
111437082
111560767
111633711
111733887
111827244
111927795
112009126
112076722
112211477
112373848
112522804
112701297
112875369
113045575
113135207
113216019
113287222
113371264
113546060
113600869
113697518
113867364
114007621
114161324
114349519
114519506
114653125
114823514
114992420
115162533
115314811
115506073
115657889
115841681
115889912
116043716
116177384
116347112
116515438
116701210
116850360
117019493
117159239
117331247
117497504
117586050
117690129
117807527
117995607
118131553
118278354
118410482
118580397
118767022
118902586
119080093
119287075
119475214
119659086
119818759
120019761
120202883
120326991
120457009
120618103
120787856
120939459
121076121
121264682
121485544
121656681
121794216
121999164
122149280
122372499
122521545
122727751
122900957
123068228
123269708
123492014
123597342
123738174
123955839
124160521
124314572
124536582
124722488
124894934
125080877
125286177
125472502
125573034
125810431
126020554
126155517
126274299
126393268
126535720
126640955
126773261
126959198
127153364
127265569
127472408
127623702
127831604
128003543
128153115
128288002
128441868
128634585
128856133
129041095
129265084
129489489
129627838
129743435
129902629
130018538
130187788
130377646
130599240
130767817
130975343
131097449
131318014
131418131
131537518
131660475
131762892
131863084
131968269
132100509
132304152
132404321
132544514
132646704
132780242
132935801
133073275
133224912
133313120
133410534
133597891
133715914
133824290
133919750
134037832
134174787
134293433
134395515
134501881
134614543
134777491
134911301
135018572
135186884
135378999
135535561
135737034
135906117
136009039
136094217
136263438
136349407
136573209
136707624
136913321
137101520
137205507
137296827
137399122
137569503
137671466
137807874
137932144
138034735
138153625
138290684
138396257
138506353
138662462
138829901
138957023
139160575
139261286
139430326
139536485
139723753
139857770
139996847
140168506
140370684
140489955
140591516
140743966
140930589
141154429
141342111
141569265
141773751
141858566
142001644
142122007
142308178
142527265
142663700
142832127
142935285
143037534
143139510
143290304
143494610
143618942
143722323
143856702
144028771
144184826
144305479
144406913
144525090
144645236
144831475
144960254
145093395
145221310
145424068
145549732
145702629
145876033
146028323
146182947
146319596
146422250
146622022
146725746
146852209
146997144
147098955
147225197
147343220
147482334
147587831
147712212
147944426
148072196
148217970
148334969
148440970
148545857
148643737
148817742
148927762
149039934
149142760
149281535
149416088
149536185
149655203
149776768
149891575
150097753
150251674
150472242
150658879
150762548
150915023
151087750
151220499
151441530
151652205
151868856
151971170
152089091
152263284
152487848
152589719
152750545
152857364
153039456
153175239
153328797
153430707
153620137
153754903
153892605
154094044
154284087
154504647
154642061
154851527
154972579
155177016
155379011
155589425
155708041
155872411
156042729
156194508
156286081
156448317
156643248
156780607
156932712
157103598
157256800
157458871
157526100
157611263
157779684
157962859
158132184
158325905
158525414
158594357
158780050
158864739
158948491
159119242
159202234
159287029
159389199
159574618
159728658
159880849
159998685
160170366
160356714
160423766
160527868
160649465
160766141
160905085
161072944
161258834
161411320
161531535
161685416
161855100
162024778
162195920
162332898
162537118
162672564
162828975
162962014
163187824
163340193
163492437
163644969
163847271
163973068
164127397
164287079
164500744
164704495
164909578
165027943
165135590
165268923
165404206
165512840
165714830
165902072
166090218
166276731
166504614
166637583
166792107
166910810
167019488
167152336
167303823
167530584
167660893
167828687
168016343
168220909
168421477
168642841
168778289
168931530
169102632
169273696
169402715
169619661
169808306
169993067
170165413
170320308
170457074
170646669
170781001
170985439
171206081
171360949
171478171
171683736
171821557
171962560
172113490
172314593
172434509
172569803
172705795
172876485
173063071
173217241
173388228
173572378
173662168
173844511
174003242
174152416
174390103
174526525
174683123
174881646
175039864
175227131
175380507
175589214
175793995
175967550
176101961
176289399
176492163
176684765
176890612
177041177
177230421
177440655
177660713
177880650
178054245
178272961
178493911
178632230
178855986
178996378
179127896
179246710
179361723
179532753
179674687
179871803
180087258
180293557
180427408
180552731
180773500
180975107
181092384
181266600
181470777
181689881
181947009
182188647
182309188
182460306
182563500
182770893
182920127
183094552
183331813
183434664
183554281
183740183
183892768
184080848
184284172
184504561
184646656
184796632
184913871
185049838
185257822
185409944
185631429
185840065
186008331
186191796
186298800
186439559
186621724
186739497
186841310
186993321
187130726
187300388
187458109
187594288
187778542
187968265
188088132
188191159
188327781
188517059
188687035
188877746
189106002
189308185
189519221
189723238
189894138
190047568
190231860
190420882
190628046
190752121
190871913
191091428
191245099
191423871
191661205
191880979
192101819
192342963
192495143
192632369
192752038
192943666
193066698
193167922
193302816
193492073
193702129
193917672
194066457
194222558
194456366
194676619
194899638
195120482
195274359
195474510
195594083
195767814
195937011
196071344
196258291
196449902
196655913
196827865
197017790
197142425
197321375
197542499
197746241
197900538
198089511
198192679
198364395
198479423
198582614
198754878
198890890
199032729
199187611
199321311
199547893
199785459
200009184
200181118
200404408
200577255
200730284
200975421
201185250
201289681
201423902
201576877
201782502
201936730
202109008
202327684
202547456
202646126
202800058
202937723
203153245
203292938
203446607
203634783
203822132
203989142
204173435
204277980
204445898
204570397
204702591
204857130
205064335
205233631
205424066
205627578
205815826
205952728
206175766
206330164
206533898
206652286
206872363
207057053
207174949
207379193
207534860
207669767
207791803
207996783
208213862
208437938
208655251
208875708
209081126
209258368
209478791
209614733
209800303
209970956
210091901
210295741
210416522
210619328
210808724
210977534
211182745
211354678
211541537
211715673
211933062
212136193
212307927
212500745
212649311
212789341
213009140
213195714
213416527
213619327
213811213
214019110
214221428
214393709
214554048
214679646
214870445
214992404
215162456
215313428
215484633
215687686
215909161
216121870
216291311
216443960
216647816
216771754
216894944
216980550
217087347
217219858
217353931
217539329
217765132
217933720
218085064
218171886
218359300
218511585
218698783
218870432
219022278
219199705
219304499
219389887
219526877
219628345
219805400
219975647
220129801
220314965
220400934
220555689
220757385
220960040
221156316
221327372
221444602
221565008
221702255
221895672
222068614
222223678
222368734
222540239
222726276
222847037
222929906
223034338
223153586
223357360
223441517
223544711
223682376
223851342
224006042
224207741
224326135
224449040
224631297
224796041
224931530
225082624
225255563
225393196
225531777
225718447
225837170
226008822
226093596
226210466
226413713
226515222
226653575
226855180
226957324
227119038
227305551
227457727
227577478
227699159
227851211
227970615
228147047
228336477
228524454
228660207
228865466
229017906
229191439
229314355
229467278
229655234
229824542
229993487
230183072
230368998
230555105
230711409
230863549
231070215
231207658
231357953
231510369
231617907
231736280
231922601
232107128
232296468
232434988
232603118
232776382
232914166
233118895
233241454
233357897
233526773
233715443
233834952
234024061
234121069
234260445
234462573
234614917
234734870
234874730
234990516
235156934
235310460
235464015
235631541
235767446
235937807
236110669
236281977
236418062
236553497
236690042
236850268
237021466
237139717
237290489
237477004
237628561
237821650
237904693
238042142
238182076
238364995
238534888
238658420
238828410
238946462
239115779
239235831
239422987
239578152
239748192
239936901
240111729
240300875
240489409
240657866
240776980
240980118
241133289
241322409
241477238
241681928
241834710
242021555
242210243
242364615
242533098
242633807
242821884
243011641
243196713
243303540
243490894
243607972
243709920
243845051
244037901
244223299
244325659
244479338
244632182
244803796
244941249
245110669
245280845
245467875
245653841
245757302
245892784
246011227
246179795
246316227
246518484
246675419
246794262
246985506
247155370
247271233
247458510
247645150
247780861
247934396
248085996
248255729
248443039
248583353
248752573
248889374
249009439
249180241
249369042
249502961
249657924
249828611
249997889
250190596
250360111
250477900
250619789
250772879
250910533
251043852
251178742
251350427
251470880
251675426
251843380
252032749
252199606
252353400
252453645
252573943
252711667
252813246
252951215
253053455
253221940
253356968
253461321
253594606
253713802
253866223
253974488
254123579
254291975
254412552
254565762
254654732
254825043
255010448
255197293
255365900
255505340
255672929
255845675
256034076
256217373
256405044
256557186
256743930
256895139
257099333
257251894
257456915
257645259
257763341
257902791
258056195
258154885
258275549
258461323
258597046
258736044
258852675
259056379
259244770
259415565
259563643
259699878
259887074
260005134
260158083
260276738
260463998
260549931
260699474
260855602
261007213
261158563
261346081
261468258
261666266
261824007
262007619
262162985
262337371
262521959
262640970
262759077
262894928
263081795
263219461
263339851
263439406
263593200
263712755
263813955
263965858
264153063
264293391
264459459
264659420
264777260
264899647
265100361
265306630
265442965
265564663
265737310
265856173
265975039
266130377
266345974
266450176
266675634
266868655
267059610
267247263
267490656
267659530
267829615
267984553
268187586
268375784
268532750
268635865
268739763
268941888
269130279
269316504
269436826
269555751
269694096
269845242
269981563
270215025
270381684
270586320
270775784
270914670
271071303
271240436
271410662
271562327
271781403
272005719
272175767
272326768
272498576
272668687
272805143
272961114
273128683
273263947
273398487
273534886
273725066
273910621
274107104
274209637
274378845
274563900
274670811
274907428
275045987
275166942
275316758
275506669
275661163
275830874
275967789
276103422
276256758
276479447
276578874
276737720
276939962
277062324
277263846
277486988
277674372
277899788
278088023
278219595
278356708
278564813
278790711
278908985
279116358
279230048
279371495
279561850
279771943
279992665
280128849
280305164
280475645
280677065
280833101
280984824
281188069
281394164
281529309
281700049
281939396
282107375
282260319
282431812
282672593
282916259
283059506
283258832
283430724
283653650
283789355
283912357
284113959
284336462
284471310
284607972
284799780
284938466
285126169
285262451
285380873
285569886
285718506
285876088
286014740
286182031
286337098
286493154
286623155
286836916
286952056
287088081
287302011
287530168
287630110
287799354
288018390
288172870
288357937
288493561
288699079
288815955
288951992
289122340
289274851
289395712
289579727
289717282
289885962
290024607
290178013
290332305
290534761
290671180
290842008
290964719
291101004
291270264
291490723
291592621
291763752
291899796
292087980
292308278
292521724
292660320
292836416
293057262
293196190
293382541
293521135
293745568
293883736
294021339
294153549
294288426
294488172
294657598
294843395
294964506
295086768
295310693
295443549
295599071
295737097
295941643
296149474
296335755
296469865
296574571
296727318
296861935
297049651
297168769
297337900
297443414
297542013
297730348
297891813
298115580
298269509
298421285
298647665
298820288
298969168
299119911
299222525
299408019
299612426
299714277
299884105
300070584
300274051
300411398
300583341
300777278
300912474
301039023
301175740
301293226
301413066
301553994
301756162
301896002
302066865
302288732
302463570
302673339
302876367
303079576
303233939
303421453
303629686
303761140
303884652
304024293
304181097
304321601
304493204
304692727
304783406
305013633
305183499
305402393
305606413
305759260
305911127
306080669
306232603
306373864
306549319
306697568
306817729
307017925
307152532
307358039
307459328
307611852
307781349
308005532
308173907
308353242
308591412
308726065
308904164
309023809
309193777
309331036
309481511
309703528
309809809
310029729
310154811
310271085
310459771
310580878
310789220
310977075
311151024
311359228
311565665
311704134
311841564
312050630
312181250
312334933
312454360
312588154
312776245
312988068
313106386
313276505
313427907
313631772
313820406
314023502
314143484
314264771
314383774
314500971
314673108
314791590
314999750
315121722
315321463
315464480
315615151
315784390
316006467
316174384
316364846
316470744
316659661
316831480
317045054
317253206
317440215
317590620
317742616
317955895
318159134
318298012
318486153
318690387
318895008
319115640
319301630
319453178
319678249
319816215
320002067
320140316
320359383
320564639
320779243
320950066
321121897
321272835
321498109
321635637
321791304
321965815
322166534
322371917
322508421
322703170
322901092
323139712
323326790
323429484
323615810
323751563
323921242
324063402
324231895
324371664
324488053
324659396
324868258
325072626
325292260
325515420
325668748
325854790
326025511
326160268
326363643
326575339
326800987
326932540
327038281
327239822
327408721
327613026
327821117
327978278
328168180
328353765
328490067
328625067
328777824
328898414
329023045
329190795
329347419
329485053
329687551
329884762
330068160
330186974
330341692
330543373
330694748
330904275
331052792
331204221
331360991
331496664
331649968
331852802
332044721
332165696
332400276
332625277
332780412
332911336
333013783
333183099
333388796
333576789
333733394
333907814
334076937
334246691
334434115
334586515
334721507
334946522
335061686
335222076
335338980
335559735
335763695
335923820
336076544
336161451
336330002
336468680
336630472
336798410
336884598
336964721
337084382
337132525
337284054
337385749
337521839
337607204
337707889
337843388
337931777
338115255
338284369
338453436
338536885
338622339
338777945
338927335
339081678
339253358
339424640
339578112
339746750
339921043
340054379
340154417
340339698
340442415
340628914
340712393
340883917
341000654
341085018
341255161
341413008
341633979
341839735
342008613
342157953
342329763
342481300
342687870
342803250
343008371
343200285
343370167
343540277
343689697
343825148
344013499
344221860
344437502
344624456
344794334
344915453
345031813
345218466
345426157
345616310
345821933
345991902
346212326
346349754
346486388
346622182
346758131
346909869
347078963
347232934
347405346
347507141
347694939
347801244
348000294
348204951
348359018
348500094
348702773
348855251
348996634
349127360
349267694
349470641
349677067
349894747
350053001
350192410
350312014
350431102
350599300
350768658
350937504
351123062
351309122
351497817
351685445
351855692
351994417
352130665
352282811
352408138
352538847
352761812
352862347
353031410
353204091
353411514
353582247
353700550
353818453
353941535
354118276
354234428
354419607
354626540
354797518
354999791
355115949
355285648
355461856
355656162
355808381
355957488
356170354
356321589
356443474
356581276
356801824
356987102
357198713
357399904
357517985
357736996
357891267
358112160
358248830
358389917
358504056
358621953
358790699
358996519
359118570
359304576
359457429
359677830
359795370
359919282
360132724
360334847
360473261
360613933
360747889
360914825
361033882
361220644
361406399
361543943
361752466
361890514
361993024
362127441
362261837
362347479
362448721
362639402
362791629
363000135
363132703
363356261
363524902
363762066
363981649
364170114
364374761
364575686
364712206
364833016
364951875
365103908
365307414
365479656
365680057
365833009
365957575
366141067
366299927
366505269
366725999
366896550
367030380
367254578
367389027
367506769
367676153
367793671
367947613
368083725
368251144
368457587
368641920
368822272
368990105
369092291
369278488
369469466
369685387
369807319
369922108
370108226
370277956
370402136
370622247
370849821
371006851
371177075
371309579
371447493
371552199
371771636
371976217
372110922
372755869
372982431
373123173
374161843
374315286
374475227
374662215
374813484
374953165
375125463
375285903
375438077
375526159
375609273
375728416
375899219
375979687
376152523
376320582
376491375
376676909
376853911
376989419
377132387
377293997
377466400
377636264
377810572
377867157
377967499
378101406
378272982
378449480
378602000
378762705
378933438
379017363
379123270
379254821
379329574
379393787
379529295
379614116
379787890
379961482
380098390
380267542
380369123
380541959
380725312
380863904
381047063
381185715
381353940
381489916
381555338
381656684
381812380
382014266
382098717
382185408
382352206
382475005
382592777
382778578
382915940
383095457
383237576
383385775
383608594
383797436
383971967
384193263
384413336
384551931
384677835
384831264
385009232
385160482
385348475
385470367
385665396
385851952
386039569
386277330
386446329
386552636
386775907
386948086
387171017
387324235
387459989
387630260
387766766
387918932
388020733
388213620
388349187
388473682
388592170
388736816
388919154
389137635
389259202
389375393
389529091
389768795
389977363
390145880
390315304
390490292
390642635
390796362
391015004
391219576
391396010
391564733
391784691
391936728
392145764
392360640
392535722
392710683
392921330
393090768
393243632
393365276
393542604
393677923
393813041
394016139
394184433
394338648
394473592
394659736
394829982
394998140
395116785
395241900
395397999
395547342
395753526
395885954
396108214
396310594
396478181
396613189
396852292
397024369
397193020
397329100
397464307
397606961
397805884
397946409
398127552
398327229
398481795
398667879
398873718
399009654
399206491
399360918
399581631
399790242
399993847
400128464
400316967
400468829
400694320
400866622
401063057
401232634
401457663
401661042
401812992
401955293
402164210
402353847
402556521
402729082
402898521
403076359
403179110
403350864
403545839
403664173
403884934
404021349
404241177
404428032
404530871
404636939
404836034
405025210
405210590
405414099
405549033
405776557
405943055
406146557
406353632
406554184
406675570
406892818
407063625
407287673
407479558
407648324
407770123
407988124
408140956
408362325
408517868
408704670
408861988
409047866
409269992
409370932
409524474
409730783
409851629
410004997
410123850
410241440
410379447
410602234
410701023
410807406
410977250
411196762
411349372
411486004
411627176
411810442
411930001
412064673
412205980
412311720
412464445
412634131
412822500
412954063
413162235
413359887
413500908
413615831
413783781
413886026
414105691
414328356
414551070
414691518
414890349
415008911
415129218
415322789
415476630
415632258
415835372
416043568
416215583
416406914
416605453
416809822
417032597
417154117
417289418
417427927
417664881
417858281
418046015
418197567
418336845
418475783
418591823
418746685
418902043
419058089
419192294
419350483
419557385
419751873
419919700
420093164
420227903
420380834
420536158
420721702
420880689
421019285
421203422
421319598
421405174
421512855
421681596
421883878
422057006
422159213
422320437
422494952
422664617
422732768
422918283
423087470
423273164
423425937
423595948
423748830
423916626
424101647
424206101
424374582
424425513
424595191
424745874
424920840
425072020
425156363
425293559
425396255
425478439
425665531
425782619
425971847
426155820
426291830
426442804
426631270
426751728
426927543
427131522
427265544
427454680
427586481
427758140
427947324
428155464
428341622
428478643
428634282
428803062
428928181
429075083
429296568
429533384
429656655
429858230
429961016
430196853
430385771
430555995
430743418
430948154
431093556
431248677
431454875
431690709
432011174
432227815
432405535
432669350
432886670
433105362
433360832
433639418
433804940
434067660
434281181
434562583
434754609
435027216
435272349
435444658
435696975
435866182
436113201
436345462
436548873
436826598
437084871
437287613
437493591
437670544
437906810
438207513
438476536
438696393
438919251
439188224
439401906
439655888
439880211
440032239
440272720
440501721
440774525
440995536
441257309
441481764
441696326
441984968
442263671
442504454
442696502
442943574
443183154
443403394
443659567
443913694
444085814
444372659
444583479
444836275
445029538
445235906
445440272
445621188
445870122
446096276
446358176
446548396
446766359
447007053
447221397
447458490
447679663
447873719
448023442
448223122
448530811
448783229
448922682
449170769
449399391
449594732
449831533
450078342
450321925
450574803
450792660
451031968
451293701
451525315
451741663
451971745
452218107
452415497
452688736
452977823
453199693
453387871
453640173
453830610
454055857
454245322
454451782
454713427
454938368
455116776
455345597
455599291
455787321
455970905
456197211
456426363
456678566
456901505
457109599
457328420
457606498
457862171
458083938
458339481
458594586
458856752
459111917
459311775
459549183
459785291
459993449
460183006
460467686
460726752
460964859
461171001
461343815
461611565
461888082
462110841
462351521
462522488
462778999
463005258
463244690
463451158
463671677
463875461
464106594
464293586
464552519
464839682
465087403
465325864
465539319
465810928
466099812
466330978
466542429
466715173
466957517
467128067
467353011
467556771
467760679
467967718
468221675
468415109
468602451
468841259
469002077
469238809
469410793
469657664
469864432
470132067
470385312
470589483
470855670
471094513
471362277
471601320
471759017
471963102
472207169
472447649
472652458
472835458
473078268
473335519
473565845
473744656
473964202
474188659
474429794
474635143
474871144
475060236
475297437
475537760
475775017
475949205
476122820
476301169
476525209
476663034
476801835
477007528
477231883
477387612
477574946
477797927
478022459
478247653
478498137
478736405
478950250
479175617
479392217
479651557
479843075
480116267
480327354
480536302
480688246
480927119
481113128
481298638
481500046
481693482
481925338
482131355
482337841
482573510
482816448
482952361
483197951
483450608
483693956
483887700
484109466
484346027
484571958
484746045
484944584
485140582
485329598
485585326
485824165
486060172
486286944
486510398
486731033
487008949
487199543
487409902
487672049
487822866
488042430
488297971
488546123
488712884
488900928
489128640
489336475
489558827
489832820
490083207
490287601
490437776
490597690
490799593
491026092
491286270
491511564
491754263
492045633
492283204
492507362
492699951
492916115
493146925
493397428
493635088
493889990
494127974
494355445
494585534
494865647
495052814
495222150
495476338
495739575
495895868
496083856
496320151
496472902
496696509
496934687
497159722
497379838
497589130
497846232
498014234
498254815
498508208
498719683
498871038
499114433
499357234
499582317
499784800
500022876
500281888
500487053
500719466
500938763
501110784
501309839
501544973
501770569
502021829
502272404
502527153
502718896
502919715
503179258
503371014
503557566
503819336
504006523
504245604
504396965
504583314
504805019
505056719
505280655
505458126
505699447
505890439
506069044
506310290
506549286
506781043
507034971
507289820
507499637
507748132
507952255
508128993
508298650
508483669
508638530
508849418
509035489
509239911
509526063
509765360
510013938
510219530
510458242
510630603
510879536
511068998
511323226
511511713
511735724
512012306
512184071
512339707
512545076
512747307
512918070
513193224
513386749
513591609
513853059
514032094
514225692
514462736
514637298
514808140
515050077
515308727
515465131
515643269
515815830
516048009
516255831
516461452
516597650
516828499
517028753
517249462
517437985
517627273
517870116
518160212
518401685
518635402
518841391
519063790
519284217
519470489
519690671
519963601
520200773
520406485
520662091
520881287
521158349
521324067
521528440
521757780
521947829
522140811
522332933
522586788
522850338
523111419
523354455
523634047
523875544
524010738
524273293
524441417
524664999
524902206
525124029
525357735
525562613
525719620
525943078
526223172
526425160
526645386
526887473
527106936
527318387
527534974
527775143
527950695
528197450
528407817
528639291
528788727
528950122
529163857
529420959
529676745
529905102
530144681
530382893
530591882
530751474
530993650
531229498
531448394
531598007
531800607
532013714
532219627
532392470
532581340
532800154
533022232
533161986
533367722
533554111
533762035
533989200
534240379
534482774
534694766
534948297
535175130
535323370
535577022
535816463
536056331
536265693
536467203
536710539
536927566
537114420
537294121
537519033
537725571
537963231
538122854
538352360
538588688
538864018
539106469
539351834
539588679
539836236
540069268
540309781
540531679
540785275
541025588
541242693
541421353
541678011
541935919
542122132
542362688
542620581
542865208
543065408
543235094
543491416
543661143
543885070
544051932
544301401
544556399
544712709
544860774
545053721
545298608
545512961
545682958
545901742
546108568
546279395
546532969
546754824
547010631
547251316
547495436
547723842
547943811
548181339
548354978
548596441
548817600
549009560
549239627
549492989
549662966
549920027
550182296
550417259
550587635
550820461
550973228
551148159
551354748
551617202
551840857
552101660
552403878
552731552
553006352
553230557
553486320
553656354
553893283
554113093
554395077
554541252
554775572
555047100
555237273
555446938
555667937
555856397
556081388
556288569
556552362
556760078
556998231
557169906
557385428
557603398
557832217
558001181
558219111
558427379
558643107
558794896
559014785
559232392
559391857
559618294
559798399
560018842
560292024
560573918
560832405
561012476
561250860
561457952
561686397
561907658
562143411
562300768
562508118
562714029
562905432
563111407
563380282
563648225
563853379
564090610
564315886
564528285
564782971
564954321
565200277
565435424
565640779
565800808
566055223
566226334
566440703
566666964
566888563
567082397
567271642
567547449
567772640
568006618
568245864
568489235
568785375
568949309
569203860
569443520
569685923
569880372
570066061
570275864
570468931
570680120
570883905
571085798
571258844
571439021
571632297
571823791
572060066
572266940
572468820
572707678
572927410
573079235
573234272
573441246
573613064
573780920
573967197
574171407
574432314
574641280
574867605
575054034
575298917
575470677
575639204
575847647
576007578
576245017
576455803
576724912
576957006
577147219
577355087
577599648
577831940
578057565
578264989
578468696
578727029
578940875
579145292
579390370
579560541
579799345
579990333
580195877
580417961
580588850
580758324
581017168
581218776
581422715
581649408
581873817
582035253
582244218
582430978
582691411
582929504
583178344
583419244
583639556
583843068
584101028
584357447
584549767
584757010
584947374
585176590
585421651
585669319
585829040
586052214
586277469
586498682
586689364
586951589
587155273
587426930
587641264
587811224
588047809
588307971
588494900
588706045
588954046
589122301
589305393
589527381
589735726
589951540
590179551
590384691
590610437
590843879
591087825
591332300
591553078
591792432
592029785
592284877
592461781
592716916
592853570
593014529
593249113
593502023
593723041
593975803
594195061
594466838
594738572
595016591
595217422
595430698
595639874
595827560
596052738
596262786
596463152
596682980
596884186
597124222
597359112
597612922
597885794
598098223
598329214
598498235
598703707
598958644
599201220
599423489
599659825
599894341
600101776
600347132
600540733
600792720
601030108
601199452
601354626
601544048
601698007
601940197
602155004
602242452
602446083
602647793
602833320
603039598
603246884
603472296
603587886
603707187
603909872
604061384
604281270
604488242
604640809
604741478
604893980
605047138
605250366
605425126
605595254
605749472
605887037
606073658
606263336
606500179
606652657
606787881
606990159
607127398
607300790
607451778
607603171
607815643
608051130
608301287
608491021
608749956
608950272
609174556
609398352
609656024
609842457
610066484
610269722
610464258
610694181
610897481
611083551
611270965
611444971
611668744
611904671
612121435
612368306
612607401
612811954
613055437
613288808
613452346
613676115
613899941
614159240
614399323
614612091
614878671
615045052
615252486
615438834
615679749
615916949
616121287
616374753
616544676
616765723
617024006
617241979
617478648
617704566
617968424
618155890
618313352
618503143
618740763
618953000
619154839
619383795
619621649
619847211
620086822
620325029
620553844
620856763
621049716
621237791
621393653
621697640
621865457
622106750
622340746
622546840
622748678
623003137
623242617
623429314
623657176
623846250
624072180
624286900
624473773
624756353
624956012
625143615
625416744
625655301
625963621
626229597
626433808
626689158
626911800
627157933
627363515
627571467
627762802
627950414
628152395
628405547
628634604
628843583
629031042
629255832
629461319
629601972
629777644
630013993
630217338
630443213
630611762
630885462
631088393
631347228
631553501
631721342
631911909
632085449
632295610
632599632
632861267
633064907
633343494
633576106
633818141
634060860
634335115
634518935
634761609
634998010
635190994
635413846
635643371
635899835
636088436
636295089
636507503
636649587
636829952
637033853
637162934
637344364
637462713
637644679
637784179
638225959
638365185
638553429
638741470
638874510
639046139
639162517
639348231
639485516
639635419
639804439
639930540
640116800
640216742
640404037
640543382
640659355
640847218
641050517
641186226
641372560
641472904
641626150
641759129
641860964
642015652
642255720
642390265
642507254
642696308
642867435
642952964
643072096
643226480
643330647
643462428
643635235
643851728
644037840
644215198
644351377
644570321
644702355
644877755
645065729
645267840
645465441
645547369
645756304
645957827
646127003
646302706
646471544
646692983
646931522
647159363
647387135
647651121
647883551
648169831
648441294
648725347
648952093
649223545
649461785
649758945
649995821
650208718
650437925
650689419
650898282
651130672
651401998
651622512
651828566
652033638
652279256
652521285
652678236
652860867
653080426
653307962
653511349
653738571
653995607
654239278
654503810
654746754
654922487
655160776
655398250
655639679
655844082
656099439
656313167
656558522
656773341
657038579
657250387
657453446
657696302
657932745
658085646
658305029
658489395
658696871
658951092
659174470
659436550
659672306
659865621
660051739
660292047
660460994
660684303
660920585
661164078
661372567
661604953
661845050
662022253
662212027
662467260
662740116
662928046
663184239
663406880
663625283
663882267
664016464
664307629
664536713
664732465
664970242
665207374
665460295
665679391
665882239
666170839
666341935
666528058
666765184
666968738
667215462
667371013
667522060
667639069
667826228
