0
15363
33583
49367
70385
84786
100277
118377
133831
150707
167776
184650
201652
218694
238612
253297
269433
286718
303104
320001
336994
353591
370454
388316
407339
421919
438053
455373
472410
489304
505878
523004
539516
556397
578194
591372
607196
625545
642726
658447
675150
692064
708958
726050
748330
765460
778767
795657
812441
829042
846408
864127
880259
897728
917294
932370
948351
966966
982085
999151
1015999
1659638
1830004
1982068
2187225
2281262
2387141
2547111
2637656
2788608
2892987
3027864
3130520
3217891
3386243
3487860
3589032
3708191
3809432
3932921
4036641
4136229
4239869
4411366
4590035
4722781
4851319
5021275
5157099
5262469
5380735
5467469
5587823
5730057
5833350
5987815
6185733
6301876
6409387
6543974
6716299
6853402
6991575
7180662
7367826
7452361
7554210
7659379
7816593
7913811
7999870
8104801
8275823
8377784
8516243
8620408
8705896
8826288
8949159
9038820
9157265
9260076
9430596
9538943
9666935
9752197
9907583
10007355
10144160
10279513
10386640
10481584
10583462
10703319
10895056
10989800
11112199
11219655
11388520
11487047
11674754
11761937
11912614
12049404
12168009
12276197
12361185
12481419
12600303
12718718
12860824
12966863
13137891
13295401
13488520
13636659
13738743
13842575
13944141
14045821
14133200
14269330
14454756
14556405
14681590
14797209
14899982
15026901
15124075
15245358
15347489
15464446
15600031
15708019
15840065
15943439
16049567
16190637
16310600
16447519
16621584
16791903
16877202
16997829
17100615
17183397
17371293
17472269
17624899
17711270
17881744
18001345
18174632
18294321
18480719
18566729
18652148
18839990
18975972
19085951
19255627
19406977
19508481
19627916
19763830
19933223
20036078
20123611
20226950
20331727
20450741
20606905
20793449
20912877
21052566
21122094
21289071
21344236
21483108
21632364
21702488
21839813
22010641
22146547
22299893
22368148
22470059
22521814
22572821
22628630
22713517
22764067
22882871
22951252
23001164
23053643
23105044
23156080
23223534
23274310
23335490
23402257
23488214
23539291
23607417
23658617
23725808
23776391
23861530
23912869
23963041
24014141
24081629
24131753
24186570
24238218
24322576
24374681
24441241
24580663
24697075
24767838
24817554
24938079
24994801
25094104
25178558
25229373
25299922
25348990
25423259
25491447
25560752
25625714
25726992
25778356
25915982
26050064
26103178
26174035
26214850
26328595
26364975
26444450
26497962
26563358
26631064
26768098
26870471
26920688
27005761
27059622
27140116
27184667
27259975
27327887
27411897
27480322
27569822
27637802
27755774
27825256
27959824
28095246
28249358
28387678
28488042
28569154
28678596
28772613
28912074
29009791
29128676
29231325
29336527
29458064
29578614
29770201
29916697
30035106
30143639
30298754
30386301
30522649
30630420
30781544
31000665
31155209
31289005
31463623
31619191
31787870
31916788
32037056
32119946
32225208
32378654
32480360
32616087
32734526
32903869
33006434
33125451
33246589
33349064
33465267
33569013
33671647
33841676
33930548
34035264
34206544
34290371
34477219
34564171
34680615
34780686
34905485
35037982
35178082
35279314
35382112
35485955
35623708
35709577
35844259
35948094
36083416
36173112
36266365
36385278
36505024
36607370
36760013
36844888
36998686
37102040
37204073
37391398
37496657
37603348
37762776
37865114
37968153
38071143
38159771
38262467
38384054
38485227
38605319
38722249
38824305
38908673
39012051
39115032
39236616
39338980
39441410
39526622
39646493
39784858
39895536
40072146
40172132
40257763
40357510
40478816
40588844
40682736
40754592
40843488
40934563
41069544
41169303
41322648
41451346
41535937
41670132
41755910
41890473
41981392
42101771
42219082
42321091
42477398
42593178
42763148
42899004
43051657
43157406
43255275
43359123
43465527
43584248
43713419
43814861
43924657
44047064
44130058
44286693
44446141
44595063
44717191
44819396
44919524
45006176
45108143
45193183
45330356
45431807
45532665
45633719
45802907
45924062
46074834
46159500
46247239
46330483
46470713
46607885
46758137
46894756
46995637
47080819
47220745
47358979
47447162
47564595
47684274
47804926
47905268
48058202
48176063
48263020
48347719
48448298
48618106
48722382
48843789
48959015
49113060
49196052
49335042
49417735
49524045
49640272
49778213
49898086
50001562
50105646
50215273
50333810
50434001
50516929
50602299
50699957
50800240
50922250
51057616
51210399
51346043
51516757
51620172
51726110
51861781
51947274
52041255
52194190
52346918
52454463
52586233
52775709
52892850
53012253
53163568
53301358
53402812
53492397
53575446
53661403
53744898
53866734
53950638
54068976
54157297
54293101
54377703
54547961
54651058
54754211
54858030
54976530
55150170
55289315
55443546
55548284
55665936
55767444
55890046
55992148
56143254
56264708
56348902
56434804
56554870
56680214
56848997
56938071
57036742
57137570
57223498
57342820
57447395
57545775
57687077
57805251
57912532
58031589
58168013
58251706
58338869
58525404
58609828
58731008
58814433
58918424
59040188
59195303
59317562
59416968
59500308
59621106
59740888
59910072
60095011
60179843
60282685
60404419
60488693
60573287
60697067
60830709
60967040
61068673
61241667
61367596
61472260
61644286
61797387
61918535
62038927
62191667
62314652
62451859
62538302
62626497
62711199
62880040
62982094
63085282
63168872
63270411
63357103
63475828
63584292
63674852
63793273
63929738
64035320
64187709
64340346
64428379
64530049
64680249
64783403
64886029
64969638
65090869
65211613
65397792
65483114
65584576
65674277
65856848
66044535
66136860
66290801
66401992
66505413
66607131
66751721
66954260
67047082
67147319
67302134
67392012
67552347
67641414
67723883
67831067
67949422
68085397
68175470
68284726
68434228
68552471
68688377
68793396
68893786
68995057
69099411
69236497
69337767
69422592
69543128
69630739
69713448
69819675
69904609
70006615
70126220
70244857
70404153
70524674
70712117
70830929
70951138
71085018
71237885
71359381
71511170
71669224
71750489
71854992
71956845
72109353
72216360
72332644
72435476
72558372
72672366
72757754
72861055
72981446
73107345
73192398
73330876
73467618
73568773
73689275
73874273
73980081
74066414
74170264
74289165
74444577
74544006
74681423
74770130
74939829
75059562
75161898
75268377
75355309
75459175
75602673
75739758
75828629
75928392
76028966
76131565
76284911
76405282
76492235
76597355
76700714
76789172
76928372
77034241
77115839
77235612
77355485
77491032
77612038
77747358
77834343
77954968
78040370
78217326
78319569
78420509
78590347
78709177
78794156
78900786
78987278
79072794
79211484
79364482
79467896
79550858
79635675
79741130
79874842
79962758
80082979
80184220
80273870
80429041
80531068
80649782
80820241
80995761
81094694
81214679
81319394
81435274
81537045
81675967
81774360
81894164
81978824
82080732
82187845
82268294
82357981
82454255
82609039
82790388
82907221
83029500
83148972
83232011
83355427
83472438
83560757
83712210
83799515
83917641
84019601
84139846
84247439
84380162
84502384
84589251
84703349
84790214
84874586
84995983
85116039
85234949
85388312
85530754
85623387
85718860
85839005
85960562
86137297
86237359
86339022
86428451
86531042
86614023
86725160
86823288
86923272
87043791
87128023
87231085
87332037
87452544
87538476
87677832
87779919
87865709
87986175
88087173
88175767
88260002
88364859
88491996
88627728
88714358
88833226
88915247
89017234
89088678
89172557
89308825
89446020
89584797
89682462
89808393
89930497
90067363
90219904
90352325
90539362
90628168
90750516
90835714
90936651
91040819
91126971
91212222
91333211
91486164
91589244
91792512
91926902
92010370
92113586
92218379
92370260
92478661
92597554
92700214
92783061
92872194
92978319
93130176
93238385
93342582
93461067
93612914
93719996
93804174
93891725
94010674
94121889
94222355
94323961
94480226
94615556
94786335
94873840
94976126
95118805
95219887
95323469
95409389
95520274
95653652
95753668
95874643
95987903
96109619
96212855
96313184
96469665
96606663
96697843
96819686
96939557
97079414
97193674
97297828
97422274
97539771
97624439
97709041
97794916
97933778
98016516
98104683
98222146
98373060
98492130
98595226
98680547
98766137
98850084
98936876
99076971
99161743
99263801
99391382
99548319
99634255
99721731
99838825
99940053
100059107
100178537
100299864
100402311
100554669
100706175
100810408
100910996
101018619
101133108
101251877
101387969
101489316
101612370
101716749
101802911
101885968
101973209
102074850
102214023
102398680
102534514
102663230
102751535
102883479
102968191
103073080
103173497
103292098
103417065
103539908
103641409
103746433
103848210
103951374
104050308
104170587
104299467
104382243
104472848
104570307
104656300
104779060
104865109
104963451
105116936
105253272
105371481
105526811
105700559
105818818
105952708
106090124
106195447
106281278
106367648
106467110
106567980
106690245
106805926
106925427
107112464
107233092
107335229
107442981
107546963
107652517
107787526
107926669
108009476
108145950
108231389
108368954
108489191
108625082
108747014
108848465
108948984
109050032
109188424
109278843
109382899
109483827
109620598
109727248
109811264
109912824
109997257
110184933
110278441
110375808
110464259
110563306
110648363
110768262
110851405
110955112
111059337
111145990
111227241
111380316
111500157
111637435
111744476
111866780
111950313
112077527
112162277
112316366
112434273
112521389
112604134
112755795
112912911
113017030
113109979
113228304
113330579
113466518
113568864
113722651
113823386
113908589
113992814
114146077
114236000
114350040
114535856
114672823
114829342
114947339
115052907
115139564
115261374
115361864
115482150
115622396
115718904
115822467
115928141
116033538
116123987
116223250
116311221
116444288
116529664
116634948
116751916
116840086
116943985
117047302
117180939
117286155
117392389
117495157
117600013
117719851
117836805
117955880
118057962
118197913
118294155
118413446
118552847
118728450
118812989
118985062
119084109
119206400
119307957
119453346
119577326
119680596
119783869
119870306
119987356
120102033
120252607
120370514
120489269
120626028
120728850
120881698
121001670
121087225
121205140
121297981
121428623
121566130
121649676
121759402
121843712
121944502
122051475
122141321
122242110
122329230
122429650
122514004
122617746
122789950
122908161
123046968
123131969
123323705
123427123
123615266
123715606
123873010
123956273
124081775
124222363
124304714
124406590
124510876
124610632
124730736
124822807
124991726
125095573
125198786
125319214
125525536
125696259
125836787
126042495
126145416
126286825
126403230
126522973
126611970
126715414
126810807
126912326
127015282
127119432
127202017
127303644
127396040
127482728
127582557
127774252
127861190
127979071
128078560
128182743
128267001
128374692
128505952
128606320
128742489
128827872
128931052
129015422
129132326
129218013
129336660
129422938
129509162
129594377
129683880
129839496
129925597
130096838
130214554
130301188
130385033
130491336
130593599
130697004
130786981
130959121
131072996
131158903
131248809
131374816
131494840
131614626
131750068
131870620
131993186
132112897
132215711
132317996
132420026
132547051
132658768
132761071
132915669
133066069
133218301
133319901
133441066
133546195
133663171
133764220
133873866
133992498
134092654
134279614
134364647
134487056
134604456
134707992
134842657
134929469
135051639
135169290
135269993
135355097
135429423
135546937
135697967
135833533
135939024
136039395
136140632
136241794
136342715
136465563
136634611
136754922
136873134
136989974
137096470
137181284
137335595
137453944
137540796
137679822
137798047
137917835
138021463
138107229
138229987
138315483
138420729
138523228
138660771
138763158
138865613
138956458
139024314
139157991
139245740
139378268
139469924
139621148
139714624
139794988
139899575
140055697
140137470
140290826
140377684
140511322
140598941
140717714
140856484
140958228
141059399
141143378
141281704
141384732
141485775
141590722
141706437
141794994
141877036
141977951
142119442
142275114
142390083
142545327
142646837
142767330
142867542
142956362
143038776
143124081
143207687
143360150
143511252
143633637
143733363
143818345
143949466
144100965
144265180
144387262
144510394
144696290
144818900
144907027
145047683
145202870
145287414
145423248
145509108
145629067
145783343
145886906
145969667
146058617
146157062
146301593
146409792
146525382
146628272
146749920
146868545
146988174
147139384
147258438
147361255
147465745
147592301
147703466
147810534
147891384
147979147
148080518
148184799
148285676
148371888
148457659
148591798
148694943
148829645
148980342
149083090
149234676
149320461
149421181
149527812
149645633
149747862
149833946
150009485
150111611
150216939
150350322
150434715
150521752
150656711
150813209
150935084
151061585
151160855
151281028
151385195
151485192
151572354
151672062
151775011
151876272
152013954
152100542
152220250
152305383
152437105
152558326
152677733
152764434
152904689
153044247
153165866
153251990
153339638
153440007
153628097
153748073
153851877
153951873
154037942
154139518
154262171
154347271
154482019
154625915
154714315
154796928
154897416
155032639
155111405
155253633
155355135
155491472
155636486
155759662
155913755
156050316
156172875
156293546
156393732
156529697
156666220
156817384
156922555
157058766
157160729
157246246
157366343
157452610
157590666
157695640
157779238
157881050
157983465
158083076
158201761
158288759
158389341
158494445
158597213
158680045
158785505
158917647
159036904
159154940
159287534
159374499
159478952
159648481
159732282
159854414
160004712
160123291
160216922
160296145
160401928
160590550
160678313
160778819
160910741
160996199
161084880
161233636
161369659
161523023
161624487
161745486
161847209
161936488
162087251
162205868
162332570
162435654
162624659
162723134
162844143
162997998
163080582
163184172
163304966
163409177
163508510
163630787
163732297
163833462
163935711
164021189
164106114
164195893
164321425
164409531
164493208
164644440
164729656
164853782
164991116
165111153
165198260
165298665
165419468
165521924
165606097
165697437
165814765
165907951
166028689
166133055
166318343
166437742
166538946
166624632
166727082
166829066
166916830
167050266
167153962
167256481
167358706
167458996
167599457
167681731
167781450
167956036
168125975
168252584
168355709
168442521
168540825
168680992
168801676
168882749
168972493
169127068
169296898
169415114
169538958
169626211
169727151
169864602
169981354
170100054
170184488
170306092
170393737
170496413
170617591
170700202
170823478
170957386
171059763
171216541
171335558
171437294
171573016
171693588
171796608
171885521
172018118
172103441
172214296
172317204
172438996
172542779
172628163
172763314
172867065
173000490
173102320
173187856
173340998
173428216
173510848
173630750
173758272
173858733
173947319
174097663
174265252
174370059
174504307
174629195
174811343
174898422
175069355
175153948
175253925
175374105
175545424
175697434
175831090
175918461
176021273
176144908
176229100
176347111
176502539
176602432
176755404
176854796
176983061
177119130
177241859
177327552
177449083
177568783
177672899
177758291
177860198
177965281
178068497
178152892
178239701
178358799
178478852
178580975
178703378
178802611
178941625
179084895
179222648
179408947
179543293
179644954
179785868
179943875
180025354
180114973
180214848
180384306
180472564
180615764
180749485
180903669
180991342
181174713
181294615
181397644
181500878
181586160
181686880
181771688
181907565
182014452
182113648
182267710
182386844
182505423
182666621
182750685
182853201
182988437
183089875
183186180
183355953
183458778
183577309
183681633
183800497
183908771
184020611
184123470
184259473
184385759
184507680
184623760
184744650
184846691
185033658
185133753
185339785
185446231
185597696
185716917
185821498
185980476
186112756
186266431
186367278
186540572
186691683
186878237
187016518
187172284
187271068
187371962
187498541
187618960
187736628
187858193
187960484
188117916
188222290
188386260
188488354
188623106
188747538
188848613
188950204
189089554
189196258
189297072
189400195
189505414
189668310
189753271
189858292
189977814
190079208
190199978
190311049
190415218
190497149
190602176
190737727
190838000
190959207
191077849
191180517
191299445
191403298
191535497
191673561
191793478
191895748
191983190
192122041
192239993
192341734
192548782
192666382
192769954
192873421
193046489
193155721
193273942
193393118
193575954
193681559
193784587
193883535
193989688
194088941
194225098
194326612
194411751
194518367
194655355
194841168
194962391
195147751
195264309
195390216
195514164
195632284
195716959
195822110
195941617
196061677
196164944
196282361
196406764
196513535
196630185
196736775
196860210
197011937
197127770
197219462
197337092
197477641
197595688
197698448
197800286
198002764
198116098
198238187
198324712
198417221
198529240
198682759
198803181
198887682
198991458
199116720
199234090
199386131
199509176
199696762
199806493
199991365
200096505
200284367
200387375
200475125
200596785
200711978
200834681
200924280
201028465
201128419
201232688
201351667
201454761
201558763
201692994
201814414
201917740
202005732
202123529
202194669
202259265
202313951
202463935
202601501
202770071
202874490
203029191
203076110
203175266
203349005
203398983
203467129
203536699
203674216
203742903
203860591
203966244
204030960
204115708
204166755
204276098
204343030
204430373
204478846
204563509
204631914
204719512
204793417
204928898
204996292
205086645
205155984
205257136
205325458
205392444
205446721
205548754
205666429
205734360
205852459
205938899
205994774
206097125
206203897
206276105
206361445
206464325
206564518
206632551
206682780
206784407
206838216
206940053
207013024
207109428
207236244
207287044
207388584
207438934
207564102
207633353
207726941
207814549
207952592
208059824
208173008
208275198
208359567
208461072
208569520
208684379
208820511
208991278
209084255
209214205
209348698
209469123
209675511
209792225
209978735
210082931
210250552
210429968
210549533
210670524
210788223
210923249
211056548
211161797
211277869
211382150
211568898
211674306
211790514
211895674
212021976
212178186
212297428
212416260
212539273
212636918
212739630
212859045
212978121
213123261
213252917
213367110
213484587
213575542
213671338
213808562
213944389
214129772
214233781
214355501
214474572
214598839
214713662
214869080
214955482
215071945
215211077
215329805
215431217
215551896
215669177
215888891
216008249
216132000
216248526
216402835
216516659
216635284
216787678
216956639
217125548
217278229
217418482
217520370
217622645
217741777
217856803
218006510
218111543
218288558
218411483
218513778
218656135
218741823
218859718
218945110
219037609
219225077
219363088
219465595
219588944
219685973
219821783
219992950
220128445
220250358
220371801
220504563
220629640
220730150
220832668
220916562
221019078
221125992
221256718
221381854
221472674
221589530
221691229
221814533
221930724
222033172
222118000
222219879
222395932
222544638
222681648
222779515
222898651
223024286
223122053
223225179
223393939
223479571
223658429
223778171
223886663
224036849
224121451
224224934
224327940
224428735
224585678
224702381
224788171
224888920
224991394
225096362
225281074
225415450
225517241
225623547
225782554
225897048
225997998
226103082
226274963
226436083
226553791
226641380
226790753
226875335
226962836
227171549
227269960
227388539
227568454
227699922
227804204
227922615
228021710
228117714
228237956
228361033
228511411
228666024
228769610
228876700
228973657
229092144
229198924
229300023
229393850
229491594
229594385
229698946
229801134
229886759
230005436
230109539
230209520
230317373
230408195
230597280
230729007
230830105
230964958
231066682
231169485
231277124
231467806
231567554
231736873
231840800
232018337
232116740
232287449
232399430
232520894
232676761
232772626
232926501
233043705
233163787
233282990
233402127
233588590
233723056
233896432
234016938
234104943
234209395
234342020
234471967
234563503
234663724
234811119
234996961
235114891
235253527
235355338
235457890
235561346
235697813
235834987
235941474
236055239
236201470
236321920
236420721
236556370
236643980
236743176
236887747
237041124
237212105
237350018
237451546
237586360
237677276
237792023
237893742
238016424
238130499
238219279
238686684
238890077
238990781
239111009
239244535
239419645
239538224
239733738
239836512
239886752
239988071
240039785
240091505
240159472
240208688
240310515
240380591
240483515
240549265
240653334
240720511
240839569
240910613
241012369
241060431
241162352
241216917
241288634
241339586
241391900
241457427
241523531
241574939
241626311
241711446
241797700
241915754
241999789
242051796
242102812
242221467
242291698
242393487
242511538
242579020
242711837
242770249
242864211
242915407
242979477
243035349
243085239
243250562
243323465
243374833
243511593
243597317
243668623
243800022
243851436
243917419
243977536
244039659
244156815
244209192
244274988
244345353
244397406
244478203
244548582
244632503
244701937
244783954
244853065
244954810
245004409
245123451
245177472
245281255
245329219
245464678
245532536
245602811
245668235
245769717
245839388
245930521
245991936
246110902
246165750
246213644
246297132
246350416
246443703
246503731
246590532
246746969
246812305
246897403
247005146
247208418
247300466
247470840
247571868
247724695
247845381
248031890
248127371
248297297
248412951
248564599
248702632
248808320
248920356
249023918
249178644
249341587
249453334
249589695
249691911
249776491
249914194
250020854
250136182
250241382
250334862
250437625
250561024
250732768
250830251
250934841
251075271
251264576
251388147
251506528
251618422
251738805
251855984
251979090
252165367
252268394
252384580
252486633
252655978
252823364
252940575
253091712
253179069
253297811
253380187
253488387
253604133
253772728
253925333
254078032
254229666
254316357
254434616
254654269
254755598
254896435
255019659
255116324
255220736
255327501
255446644
255536663
255675210
255795641
255890345
256035357
256120015
256227156
256324470
256443333
256581777
256768378
256885910
257038153
257216951
257352755
257473475
257644068
257820434
257959522
258094445
258212105
258331480
258454148
258587909
258723554
258826337
258955933
259047016
259154414
259250358
259352133
259494467
259605964
259708280
259898411
260024665
260221479
260390851
260512387
260707931
260819182
260961788
261082355
261166585
261301618
261414865
261511406
261600140
261806981
261913960
262050395
262197728
262291849
262428959
262510668
262646721
262788154
262910156
263028713
263135401
263282361
263404184
263569777
263737588
263846775
263946916
264048140
264153012
264267856
264408517
264559233
264688970
264859846
265008770
265109281
265214344
265331040
265423772
265566687
265649371
265819482
265993811
266097900
266197529
266335001
266436916
266543921
266647834
266806571
266930034
267012583
267147855
267342934
267449457
267618577
267716215
267818389
268025797
268133685
268213864
268332689
268437679
268564263
268686179
268835315
268950881
269036359
269137425
269324357
269435395
269554265
269654969
269790284
269891979
269993430
270129778
270250741
270390080
270545664
270645655
270763554
270900481
271057110
271158223
271281111
271389207
271510808
271662755
271824437
271934253
272120129
272219403
272323201
272450380
272644599
272757198
272917289
273104856
273224242
273331590
273427845
273548816
273651218
273785866
273909603
274029058
274147688
274283033
274421608
274591336
274677132
274767365
274874141
274971552
275089436
275215476
275344308
275429559
275532885
275685388
275854464
276007141
276109815
276214569
276350765
276452042
276577366
276694353
276796139
276965074
277104486
277236664
277389155
277490994
277597081
277712809
277833777
278009342
278146959
278247079
278331936
278473464
278573013
278674085
278775602
278862580
278967511
279165580
279336529
279421385
279523112
279634930
279749916
279924397
280009179
280112077
280228244
280334606
280449763
280552106
280731674
280868888
281038305
281207881
281326188
281410373
281534701
281630788
281767366
281905426
282076733
282246481
282367135
282518786
282640725
282761510
282861401
282990435
283178401
283297604
283442033
283561483
283735059
283889304
284026813
284119243
284256411
284379799
284529194
284653941
284755349
284944485
285102877
285172179
285225112
285292503
285463584
285563560
285666116
285733712
285795597
285865392
285953514
286041680
286106795
286191621
286245377
286384338
286464451
286551274
286635108
286695811
286814672
286868945
286937953
286984394
287037058
287120800
287171413
287259022
287329343
287414240
287485427
287554916
287606470
287692186
287741524
287827073
287894475
287996325
288100598
288149691
288217645
288269604
288318706
288369095
288507469
288594291
288648327
288716125
288802914
288870323
288936150
288988059
289092102
289162889
289243383
289313366
289396864
289456672
289531656
289676814
289747742
289811151
289861679
289949512
289999843
290058987
290153535
290220375
290270795
290327034
290390308
290458785
290525259
290610927
290678218
290745385
290799545
290851980
290970824
291096373
291147387
291223698
291289906
291363896
291442230
291560907
291672351
291866743
292020091
292105729
292205966
292360790
292495833
292581208
292682864
292784771
292887137
293007403
293125791
293278285
293381959
293537904
293622403
293765347
293950041
294068750
294169692
294274548
294447858
294579632
294748980
294868139
294973671
295108508
295259220
295428688
295582074
295683367
295823041
295923633
296059958
296196324
296320585
296452845
296554185
296659625
296808372
296928614
297030009
297148378
297283470
297386119
297497986
297636812
297756875
297923627
298110184
298266446
298391856
298473127
298594189
298717868
298817048
298918715
299019202
299175484
299276365
299415215
299549160
299685538
299805805
299916293
300014969
300135160
300277478
300385585
300486192
300592626
300712954
300805429
300921029
301059415
301194850
301330961
301470058
301571587
301675810
301853998
301972549
302058112
302162587
302260764
302345463
302502121
302620300
302740490
302878656
302978906
303132641
303268374
303391033
303551643
303650443
303856697
303939530
304063981
304180191
304283915
304406081
304504499
304708353
304832663
304970715
305174104
305309187
305411565
305513041
305633562
305737110
305872256
305976805
306095302
306232665
306333190
306469374
306590866
306691541
306810841
306917466
307058389
307179689
307280125
307400094
307518309
307620760
307749229
307866899
308054515
308156678
308261988
308365197
308485039
308603731
308704930
308866626
308986119
309172361
309325085
309499303
309601007
309709951
309812920
309931247
310074929
310208597
310350099
310469584
310591807
310693038
310847844
310950734
311171945
311295552
311463131
311581332
311689598
311893383
312012014
312169810
312313169
312449074
312566999
312726314
312832670
312932061
313015003
313137610
313223893
313328794
313500826
313633689
313786828
313922376
314028589
314199928
314297974
314399536
314501821
314653691
314841959
314944908
315048880
315184784
315320123
315490516
315595102
315694324
315853061
315953782
316075624
316217389
316330431
316515763
316703393
316829925
316940226
317062320
317200253
317383467
317503299
317622467
317726705
317815542
317934964
318042264
318215145
318304763
318421738
318557379
318698324
318799785
318971450
319091423
319244047
319408404
319592950
319677890
319781184
319866555
319951180
320037118
320137140
320278045
320381886
320499424
320636136
320741041
320948559
321082761
321201028
321305240
321407083
321509527
321643478
321745480
321847489
322004849
322113665
322232897
322353889
322452765
322570785
322710928
322848498
323017593
323140179
323231814
323369390
323525310
323656138
323757491
323879106
323981028
324153265
324255415
324381317
324514127
324649629
324784287
324957951
325072448
325173911
325277656
325380878
325570205
325690664
325792051
325908207
326074511
326262512
326363192
326500078
326604784
326720637
326873447
327033909
327203373
327338512
327540857
327693078
327799152
327897123
328000355
328185817
328309767
328458096
328595349
328698048
328832947
328950932
329103269
329334405
329554752
329784832
330026183
330200637
330369239
330539555
330713151
330838440
330939837
331046163
331188419
331289762
331392974
331515041
331603290
331706010
331826424
331928421
332029255
332181204
332285592
332368240
332539323
332676601
332814168
332914195
333032352
333151865
333252850
333356395
333492514
333600410
333716302
333838888
333943362
334094444
334199514
334324137
334446584
334552066
334637825
334738717
334870018
334967208
335103266
335209219
335327182
335480637
335616160
335720432
335820888
335939444
336042732
336199452
336328295
336463988
336599113
336702568
336804502
336944407
337058170
337167412
337353557
337544889
337683185
337817596
337918850
338022856
338144435
338291918
338394064
338540790
338660614
338833942
338996844
339149166
339278575
339383928
339506337
339624997
339798066
339902897
340000793
340123715
340229362
340361742
340466375
340596420
340712082
340865769
340984087
341106155
341204750
341342059
341510480
341595299
341697025
341832984
341935381
342055574
342193907
342297363
342379995
342503955
342608725
342725935
342862060
342964327
343172367
343329407
343479278
343581537
343681365
343819961
343903941
344039140
344164019
344264997
344351855
344486986
344571409
344724905
344845117
344947348
345064422
345186639
345289300
345406553
345508473
345634984
345738950
345843597
345979181
346080516
346165111
346317497
346492685
346613498
346718672
346820354
346955824
347075601
347160413
347249608
347451722
347623475
347751124
347836603
347937621
348127476
348229587
348330746
348433376
348518388
348653346
348790498
348909416
349030143
349184414
349304838
349476738
349657709
349792423
350018817
350136353
350255357
350361466
350476813
350595466
350799499
350929030
351065519
351189204
351310987
351430095
351634356
351769535
351857487
351956782
352044386
352148406
352267613
352426482
352560233
352697653
352816211
352920171
353055683
353159065
353281537
353402775
353503554
353588446
353724307
353808661
353945953
354080037
354199322
354285419
354440964
354556815
354658805
354760235
354951082
355104012
355255823
355442252
355601160
355737363
355822161
355925129
356067069
356167418
356285090
356404627
356526942
356660464
356797531
356882488
357021950
357156841
357275065
357443812
357632615
357771317
357892752
358002174
358108456
358295956
358448161
358606644
358829506
358945652
359066003
359167924
359272652
359405993
359509918
359631689
359723338
359851800
359957022
360056828
360193921
360317828
360432808
360517037
360635292
360752961
360926631
361029080
361147484
361250487
361339302
361472818
361575847
361679563
361795015
361939039
362043774
362164744
362333221
362456254
362593349
362682021
362800520
362935880
363045253
363146399
363234977
363355003
363456246
363614797
363734671
363835186
364004745
364107790
364225943
364399659
364570470
364664373
364854143
364959473
365111787
365196350
365318165
365402224
365540239
365653471
365769187
365951902
366054017
366138813
366345793
366443692
366566784
366668125
366769930
366902621
367002410
367103890
367209875
367308199
367480551
367572945
367712632
367815723
367934572
368057984
368143179
368300743
368423032
368543080
368746797
368864059
368984918
369085808
369221658
369341189
369451734
369568401
369710345
369814507
369933496
370101930
370222004
370374017
370526815
370662946
370800308
370936016
371053581
371190960
371291831
371412575
371536060
371637114
371756127
371919472
372056884
372160612
372262274
372349759
372450144
372637774
372841736
372965481
373117730
373251906
373456239
373565186
373706608
373823596
373983631
374119013
374271357
374438729
374601923
374704348
374823748
374931306
375068513
375187678
375327654
375449556
375570416
375723111
375810301
375910462
376097253
376198585
376300669
376403486
376489515
376589416
376695518
376810589
376980659
377117195
377270350
377389094
377578411
377697981
377818948
377953778
378108135
378236511
378371559
378490371
378641398
378830904
378917951
379037163
379156333
379262481
379446212
379550968
379685217
379787176
379952972
380040490
380144057
380286433
380392249
380509135
380676514
380859750
381030624
381192577
381291533
381414810
381552269
381695236
381830266
381950587
382059064
382158938
382295380
382416395
382535692
382654630
382843376
382946247
383047269
383234598
383336213
383454232
383557976
383658921
383763594
383898405
384016906
384164690
384286322
384384741
384495829
384643279
384823437
384979191
385096795
385218384
385360207
385478603
385602974
385694545
385829864
386034786
386136982
386310163
386413782
386519351
386618705
386765761
386889784
387022459
387123992
387240790
387346218
387463181
387616882
387710008
387846297
388049926
388170021
388320666
388541439
388643151
388748352
388882688
389000930
389121667
389231765
389334907
389420051
389573441
389762402
389932030
390038828
390138005
390253629
390376747
390512907
390615783
390754736
390855659
390956519
391147036
391322675
391443825
391530604
391651943
391736558
391857188
392012288
392149319
392235195
392374146
392457871
392594111
392695965
392797324
392938189
393039607
393143916
393227329
393314327
393437566
393542091
393713382
393842301
394010010
394162000
394284802
394383158
394474437
394595780
394712532
394797482
394967829
395103206
395188637
395308454
395446880
395582435
395736983
395841793
396010881
396132960
396267215
396354653
396472775
396592965
396729537
396832243
396950996
397054319
397175705
397293447
397481533
397599349
397803393
397990803
398126449
398277684
398430987
398534536
398634261
398775815
398881676
398998124
399085000
399202477
399298180
399476907
399560228
399665810
399818137
399992391
400188264
400323591
400481692
400578794
400698663
400858640
400959377
401043517
401230469
401337755
401434249
401553852
401655838
401756180
401892456
402016434
402148664
402265818
402369648
402508066
402627515
402744672
402868369
402969335
403105097
403211635
403312515
403431076
403553630
403669726
403809158
403963123
404067159
404188274
404322409
404442350
404566245
404720906
404840685
404933354
405066486
405186353
405307825
405409594
405553388
405740306
405861646
405996994
406135831
406218977
406411656
406532599
406666443
406784752
406886042
407042197
407145941
407266310
407402773
407491615
407649007
407750806
407868097
407954233
408058275
408268453
408387865
408490266
408590904
408742611
408845957
409015443
409134173
409236439
409360737
409480030
409600823
409753473
409891276
410060174
410177713
410365681
410504489
410608377
410767919
410869439
410972356
411122795
411278039
411412495
411532801
411650566
411820169
411957433
412093469
412211984
412347559
412501071
412606441
412723649
412899364
413098421
413200624
413301281
413403635
413513072
413610260
413746084
413855214
413972068
414088578
414262600
414382681
414519665
414690601
414832247
414932814
415053013
415171246
415306266
415443572
415612131
415767273
415868037
415969000
416107247
416208441
416325518
416427867
416616254
416754275
416852677
416970405
417159517
417266992
417464499
417605363
417702722
417908921
418030631
418132797
418252444
418398715
418517185
418638763
418789645
418930906
419033052
419158694
419326824
419424935
419579775
419724016
419878890
420029290
420134370
420250162
420356993
420489381
420592065
420710315
420831214
420951606
421086374
421225282
421330452
421434002
421536880
421638177
421829540
421948794
422056077
422162577
422281646
422364995
422467075
422574176
422691803
422836847
422956474
423061070
423183244
423305115
423405384
423527262
423661490
423764987
423865524
423972378
424077082
424180173
424299263
424436257
424522699
424675846
424780368
424896143
425015233
425136304
425324831
425426410
425530364
425648101
425768005
425886590
425988161
426090917
426196198
426285915
426404749
426609012
426715774
426796930
426933295
427021390
427173025
427291358
427409313
427546906
427670384
427787395
427889775
427991073
428095881
428252300
428367043
428486563
428608763
428764218
428904472
429042303
429144937
429250761
429385324
429539798
429675956
429783879
429925021
430029953
430115333
430269384
430444886
430630130
430749816
430869950
430990992
431094257
431196687
431280754
431401458
431486418
431604281
431724652
431826742
431928572
432066165
432175399
432386305
432536374
432618937
432769466
432974271
433079404
433248848
433431642
433531519
433649247
433773878
433871709
433959370
434079893
434172816
434324755
434480639
434646056
434812224
434996639
435117188
435221189
435387428
435517309
435619826
435745041
435882407
435986398
436071209
436257451
436443780
436631159
436734179
436872415
437041156
437143882
437262493
437364461
437572171
437689623
437823553
437910571
438026095
438165496
438369203
438488150
438594664
438743258
438850954
438938788
439090534
439245034
439398254
439517887
439634298
439772202
439891402
440009732
440130879
440247010
440350200
440523033
440674994
440816216
440949310
441099131
441200857
441326085
441442682
441580626
441686267
441843422
442079562
442183915
442297976
442402466
442506360
442679307
442812552
442897196
443004093
443136841
443263837
443392280
443491503
443632611
443742676
443855523
443941382
444027057
444128802
444232293
444318597
444403072
444537819
444690935
444774460
444862598
444999127
445120468
445225270
445341939
445477591
445579061
445696731
445799072
445922859
446056774
446159383
446279263
446379143
446515541
446725734
446843968
446980849
447101157
447202639
447315352
447510061
447627472
447816103
447935638
448106004
448240043
448410059
448583383
448753387
448894052
449042868
449146405
449264762
449434143
449573110
449705407
449809339
449960737
450116559
450273407
450446771
450547294
450665671
450788105
450887245
451015075
451140436
451258432
451360476
451513008
451648160
451805608
451906402
452048114
452153247
452324407
452494967
452636269
452770998
452906867
453060074
453165263
453283562
453401603
453503756
453621750
453741932
453863776
453964943
454081627
454186135
454286868
454379026
454530728
454634519
454768781
454871931
454989631
455108166
455210555
455319001
455438448
455611119
455731748
455833591
455922792
456022753
456148160
456289885
456407298
456495462
456596059
456817465
456936212
457038424
457139507
457328532
457430131
457646764
457764152
457931552
458033542
458136470
458256620
458372413
458514721
458689019
458791123
458891804
458981965
459098561
459202537
459304425
459489529
459678957
459784570
459888382
459992301
460096068
460196512
460357776
460510215
460629258
460814354
460917045
461041466
461210560
461315032
461434505
461569349
461705053
461823663
461929658
462027251
462130857
462236287
462355947
462462249
462563336
462671275
462795395
462891559
462980055
463078892
463223576
463432325
463554159
463658454
463777789
463903152
464057742
464195690
464299210
464383935
464539875
464655941
464745201
464847370
464949813
465032970
465169833
465322415
465528844
465657658
465779833
465901817
465988207
466076097
466125239
466215001
466263854
466323081
466393548
466456999
466590112
466643959
466694770
466779282
466864435
466913937
466968863
467032835
467107720
467242830
467378515
467445225
467581409
467662207
467761907
467823501
467914406
468001761
468068102
468159871
468208888
468293705
468361894
468439934
468505420
468572841
468694380
468793479
468864576
468964004
469015316
469082746
469150213
469230774
469298315
469471909
469677431
469736483
469815032
469950190
470006332
470086255
470161293
470247650
470317568
470437492
470488171
470583008
470644503
470787711
470843081
470905245
470972497
471082049
471132630
471202584
471288069
471353589
471466557
471638785
471697859
471835482
471921594
472026607
472166965
472266313
472402909
472505156
472701470
472844089
472975110
473183093
473297728
473386074
473470135
473575539
473678726
473869677
473986707
474090926
474293922
474416778
474572982
474673438
474758666
474878239
474998388
475100409
475220342
475357337
475444993
475547622
475667643
475804417
475905695
476009296
476160482
476245813
476368368
476536787
476686486
476822710
476927326
477132463
477264282
477400639
477505646
477607857
477709124
477793797
477917883
478037019
478160598
478284570
478422918
478557112
478694853
478800529
479003508
479122264
479224691
479309818
479446958
479546640
479643103
479748975
479888399
479986286
480172238
480324715
480411794
480511640
480630048
480749091
480850373
481055015
481189795
481330155
481443379
481543768
481627599
481713266
481816661
481944072
482075613
482176439
482283169
482452651
482553102
482655531
482799073
482913302
483014685
483115744
483217750
483403714
483527878
483682779
483784277
483952539
484055245
484189934
484383334
484505294
484602581
484803323
484922867
485006415
485130299
485239400
485380369
485476489
485564829
485680065
485849694
485970093
486122506
486294712
486404083
486501529
486594169
486729111
486830981
486920636
487072268
487191439
487276746
487377190
487484558
487579231
487722848
487825025
487925353
488081935
488224053
488327923
488427753
488512744
488597975
488699426
488839770
488956994
489080026
489169134
489300261
489471567
489588006
489765864
489866022
490000616
490104204
490192865
490304969
490406829
490594459
490763836
490899369
491000625
491103234
491188585
491297344
491416430
491500885
491602040
491789352
491941806
492063648
492178218
492306315
492410117
492525946
492647566
492755281
492955355
493056735
493158497
493264149
493362333
493464593
493570078
493674276
493780404
493916850
494037887
494157706
494276194
494428685
494548596
494653736
494752030
494856103
494958131
495062068
495215502
495300365
495401818
495553633
495661551
495775026
495910706
496008234
496123064
496250748
496385815
496525031
496622883
496729488
496849769
496955076
497070597
497180445
497315170
497417344
497519283
497697326
497798438
497903941
498002738
498108974
498211251
498367874
498553778
498673390
498808734
498914959
499049770
499169559
499287854
499422602
499507694
499613682
499693734
499833234
500027172
500135851
500268672
500387325
500542093
500666832
500749361
500868080
501073070
501175892
501293328
501411606
501501514
501600647
501722528
501862005
501997893
502133618
502236775
502357031
502471844
502659581
503253621
503414958
503548305
503667467
503816354
503991730
504122976
504261978
504440415
504527785
504595350
504681194
504732890
504842890
504897598
504976507
505028166
505130348
505183221
505254455
505305276
505406276
505475048
505530473
505595620
505728404
505779089
505884740
505931149
506019268
506067546
506121234
506170473
506289074
506341942
506432030
506480239
506567175
506617106
506704820
506803291
506854723
506905575
506975223
507043753
507101041
507177018
507228424
507297548
507348505
507468374
507520630
507654777
507740590
507792288
507858342
507894129
508015372
508081257
508150182
508199945
508282397
508333624
508454397
508557183
508606621
508649622
508710303
508761958
508863359
508916227
508990168
509039716
509141231
509246604
509281291
509348444
509382419
509470278
509521601
509590312
509664384
509782812
509833620
509899533
509933157
510052246
510103038
510187757
510233307
510297496
510364047
510413984
510466913
510567270
510618243
510690125
510794958
510845628
510914787
510965415
511033965
511083646
511204916
511254670
511328397
511431685
511503462
511619619
511723085
511859621
512018318
512132163
512222395
512311241
512412373
512500013
512638290
512740183
512815619
512924410
513044316
513212273
513312519
513412846
513528779
513647943
513734494
513837365
513953832
514072825
514227424
514349179
514490967
514576994
514765483
514850518
514987315
515088513
515208437
515320920
515406983
515494423
515580250
515666986
515788391
515889907
516024428
516109306
516193789
516301302
516441932
516611449
516697348
516814831
516916138
517003545
517153940
517254556
517410799
517541312
517696904
517815066
517900913
518007209
518131975
518239369
518353991
518455893
518630193
518753557
518871878
518960527
519113419
519215445
519301218
519439943
519610692
519745066
519883025
520001270
520122381
520203165
520308144
520391083
520477299
520643326
520729556
520868525
520990608
521157739
521258774
521360716
521480528
521579230
521699524
521800385
521884707
521969980
522123060
522227983
522365676
522523973
522619778
522723685
522878948
522997391
523083482
523254574
523407446
523529246
523630916
523834450
524039119
524141798
524367639
524590290
524762023
524917976
525013473
525239133
525410798
525512420
525719145
525869253
526072304
526208721
526379104
526565914
526739457
526931258
527091452
527261105
527434379
527625304
527811521
528002569
528154264
528322445
528511984
528699773
528781785
528901476
529072977
529259377
529445215
529567558
529754054
529892235
530028178
530178907
530314750
530453157
530639322
530807280
530959243
531111977
531297265
531467236
531635885
531821529
531992862
532129101
532265386
532434226
532590895
532779501
532964198
533083467
533255606
533412088
533623839
533857208
534018734
534191008
534328965
534463539
534655407
534770961
534940375
535135793
535290590
535497115
535682655
535890089
536110535
536304952
536530950
536684213
536843720
536964130
537133628
537302590
537471910
537625551
537811445
537934617
538085049
538226766
538414479
538620354
538808568
538946035
539066534
539219571
539355533
539526948
539712347
539899035
540033664
540186916
540374657
540475588
540644969
540821586
540941877
541061122
541247764
541400543
541573079
541695828
541878371
542051055
542210297
542394131
542549080
542700780
542888991
543020998
543199977
543407489
543591604
543717583
543869897
544056409
544248845
544419954
544578472
544747310
544899300
545070096
545223007
545424713
545529473
545701994
545852250
546022157
546214991
546384620
546552756
546690802
546849617
546965529
547134578
547305548
547457559
547643166
547830191
547986611
548163671
548332861
548452051
548642420
548781669
548969360
549108731
549280263
549451969
549604637
549744390
549894591
550047909
550199676
550350812
550490603
550607864
550762161
550912403
551068944
551239725
551394357
551544325
551662982
551814257
551971134
552072163
552224561
552380230
552500082
552638820
552773757
552893281
552998740
553132422
553303050
553488143
553622377
553775919
553927115
554062027
554219649
554357255
554427030
554529530
554647109
554803190
554938736
555090523
555262113
555418051
555571575
555743136
555934075
556056339
556243190
556382025
556515358
556684605
556838305
556956687
557127443
557297765
557481664
557636646
557825085
558027760
558215563
558424950
558577569
558763498
558969561
559153743
559343820
559491608
559645480
559819530
559975989
560157243
560333201
560462705
560580923
560750998
560958940
561168010
561335407
561467297
561676306
561825012
562015922
562188779
562301265
562490499
562704384
562855648
563008216
563159791
563329478
563514659
563684078
563871029
564041133
564140795
564329750
564504062
564690680
564860518
565063497
565269201
565421303
565623791
565777413
565981929
566149741
566287990
566447229
566644521
566784695
566985762
567190263
567379682
567530575
567755770
567947267
568167778
568370966
568540946
568730522
568947856
569129765
569344103
569604608
569836724
570060141
570213197
570365959
570552881
570772032
570919329
571061654
571235946
571407013
571617436
571837209
572092730
572350328
572525453
572714533
572967132
573153916
573310937
573479068
573662958
573886390
574075322
574278902
574451078
574624185
574863891
575085196
575273257
575459285
575635005
575857188
576095977
576316377
576475474
576595675
576797290
576965455
577083973
577219914
577398438
577566883
577788854
577938031
578158833
578298730
578516713
578722775
578927459
579149982
579333285
579539394
579748914
579973880
580187993
580324965
580543833
580647044
580818052
580959660
581112087
581316356
581454261
581659709
581845880
582071237
582273325
582480203
582650349
582795471
582998925
583224299
583360569
583566984
583789058
583940543
584147132
584334920
584522168
584674846
584877922
585099432
585234639
585372063
585495453
585697030
585820132
585937216
586056443
586193129
586347551
586497281
586718360
586942642
587095624
587316293
587505127
587699043
587816429
587987660
588191430
588342312
588512123
588664134
588889757
589043504
589250166
589434417
589661826
589782066
589985770
590107992
590242043
590380644
590518570
590708697
590897563
591017308
591221451
591378069
591543790
591713092
591918728
592054170
592207332
592380192
592532669
592721185
592907028
593060078
593248924
593473608
593718202
593962338
594199050
594369375
594596124
594844739
595054492
595279276
595380385
595608592
595806030
596011498
596114996
596265449
596385326
596554749
596655911
596811991
596999567
597201534
597407019
597614687
597768125
597922916
598076131
598230304
598450778
598656871
598879180
599082757
599250152
599471527
599608557
599796274
600016808
600170167
600375505
600612732
600808783
600948186
601171761
601329528
601431497
601618199
601803971
602020764
602239770
602466649
602704295
602908728
603134097
603353252
603541614
603744634
603914493
604051784
604203438
604327017
604479116
604649433
604869555
605004825
605157675
605366738
605583975
605805669
606028593
606197237
606355346
606562664
606743838
606903631
607113153
607251741
607428759
607612852
607782826
608003846
608230176
608433693
608570054
608692510
608912570
609115287
609252345
609405972
609559214
609780677
609993315
610209108
610411776
610631927
610801931
610938187
611107824
611278505
611431396
611532746
611722964
611907685
612029626
612247504
612383145
612507783
612743597
612983407
613155385
613324141
613445747
613571343
613740380
613925058
614148908
614368658
614573987
614763802
614934192
615167316
615343225
615530002
615664995
615822100
615941107
616112642
616229930
616454562
616589176
616724271
616881664
617050550
617276024
617462674
617634853
617804975
617924278
618138445
618306303
618478498
618613792
618766910
618970473
619173280
619345275
619514903
619686760
619956570
620251042
620420769
620679896
620888297
621065772
621335989
621599807
621838718
622009754
622247103
622476791
622648050
622905887
623106021
623357794
623536371
623724372
623944830
624251905
624494963
624692060
624945712
625207698
625455047
625687149
625874043
626174672
626346782
626571271
626774332
626982482
627206375
627448249
627688536
627980728
628187183
628421740
628645429
628904731
629045359
629254743
629525854
629710624
629937365
630124084
630327853
630565119
630785095
631087043
631312313
631521556
631829510
632111214
632351501
632579975
632829228
633106308
633324519
633571105
633796233
634051589
634275895
634533462
634754031
634994055
635194192
635433428
635679492
635945148
636172576
636343716
636616078
636788943
636994148
637155792
637377099
637532508
637779774
637968663
638188182
638431306
638680741
638988345
639164401
639426549
639595748
639855762
640080632
640298774
640554426
640748924
640991263
641208440
641380670
641652315
641908069
642098798
642361196
642618195
642866348
643141278
643360934
643573141
643793394
644049070
644303449
644473016
644647246
644933808
645156695
645343453
645547625
645809706
646067156
646289738
646543793
646770398
646941945
647135135
647436418
647657642
647882170
648104817
648360395
648569225
648775122
648997788
649167231
649355014
649526947
649739435
649972512
650210115
650450298
650690728
650867531
651122611
651344897
651619260
651863115
652085245
652246406
652435042
652675540
652913597
653150453
653323592
653596812
653749479
654004310
654279644
654515369
654713403
655027276
655245475
655398084
655601748
655859641
656012988
656182861
656353459
656588518
656760585
656967080
657225496
657428998
657710043
657941360
658167894
658336834
658559180
658764245
658983818
659170229
659411329
659617304
659839035
660062766
660317032
660572863
660798621
661035856
661277788
661548170
661718524
661889297
662132777
662349318
662512741
662800675
663025715
663172611
663398233
663650949
663838486
664109902
664311831
664556291
664760422
664967039
665208292
665445550
665690687
665912496
666171246
666388969
666633462
666834578
667003318
667191743
667396104
667618236
667890990
668103205
668309109
668559929
668808075
669030140
669282426
669520571
669768090
669971576
670209829
670384181
670624765
670844187
671048208
671288737
671459643
671696814
671904203
672075963
672263074
672450453
672738413
672962966
673189774
673432094
673607924
673847097
674012904
674237951
674477464
674743553
675047767
675230216
675489362
675727212
675934802
676185859
676399725
676674001
676945464
677181962
677341295
677581971
677751376
678000602
678266885
678510101
678695231
678879580
679105982
679361792
679603055
679822653
680042381
680311134
680546349
680815059
681071667
681291621
681549236
681759289
682003450
682314816
682518392
682769434
682990938
683183748
683350759
683540775
683791435
684020170
684261941
684434155
684678224
684918121
685069049
685265024
685445203
685700248
685852345
686110891
686384374
686538214
686808605
687038696
687191420
687400309
687640615
687862958
688084413
688261579
688454149
688664677
688889998
689115128
689358576
689595687
689835107
690027447
690280732
690536290
690670751
690893078
691103267
691319763
691523202
691676474
691849109
692153553
692321658
692594495
692819728
693018521
693257234
693509692
693677493
693864400
694015494
694206359
694389726
694592244
694831167
695066799
695287243
695545554
695721909
695933011
696167199
696406899
696594797
696848543
697095361
697306180
697477448
697713484
697954945
698188716
698443863
698633102
698853064
699061053
699234648
699454983
699695224
699973161
700132311
700335412
700643333
700880950
701074444
701383280
701516761
701703542
701893894
702049528
702235089
702408030
702627358
702888927
703078759
703309127
703528398
703755134
703941231
704200909
704370096
704629035
704833910
704985741
705195239
705364119
705579512
705766257
705923966
706108569
706269550
706485999
706714146
706984914
707145683
707368788
707594537
707767972
708000651
708217818
708439768
708610191
708787185
709024930
709177311
709385477
709561702
709819354
710041863
710247845
710397722
710655082
710829237
711020235
711283700
711459943
711738993
711975057
712193961
712401561
712644353
712864444
713101898
713307210
713529038
713762560
713989439
714251161
714489342
714726860
714982130
715239793
715435284
715632566
715861336
716103733
716316835
716497916
716670150
716946482
717136954
717310144
717477195
717682465
717899166
718155746
718308098
718546064
718767820
719011445
719296862
719494254
719698814
719953887
720142990
720330937
720574208
720823094
721044844
721260588
721480715
721731106
721958787
722179658
722335406
722573149
722724181
722978987
723204951
723436569
723659659
723882971
724117830
724360713
724581793
724869553
725127378
725370598
725610860
725863872
726085804
726238731
726413809
726668156
726891227
727097898
727338114
727585594
727814191
728051328
728346901
728632872
728859239
729077731
729320295
729547228
729733977
729951263
730196666
730458296
730685891
730854787
731024416
731192881
731296779
731455263
731636834
731821772
731911547
732122230
732237876
732445349
732529865
732720243
732905174
733058225
733249244
733331216
733516190
733658713
733873506
734075940
734211161
734346550
734562375
734790893
734946892
735118628
735355072
735557371
735760417
735950290
736154010
736375154
736612308
736836247
737048811
737287292
737507575
737645337
737904778
738088281
738313219
738501757
738688552
738924958
739149395
739385871
739629147
739920547
740141878
740389924
740574751
740796750
741038843
741287648
741517522
741707570
741929255
742131485
742337354
742580892
742777927
742942651
743147512
743349364
743553188
743756137
743950295
744156657
744314961
744487685
744728339
744994399
745231747
745414166
745640231
745839430
746011634
746197300
746393721
746614646
746836119
747110630
747268741
747490020
747731045
747957316
748208729
748417657
748655293
748847249
749086215
749324154
749528836
749669151
749900909
750124699
750361801
750591008
750824454
751077614
751282199
751521963
751746243
751982582
752238557
752447735
752647204
752849500
753078680
753332543
753521970
753717735
753942777
754150512
754391739
754615082
754785064
754990429
755175812
755365961
755610643
755831714
756055287
756258210
756415096
756590656
756780513
756918060
757152184
757391837
757665415
757923717
758071597
758348151
758586636
758807701
759040754
759265873
759447316
759701437
759899093
760083662
760318855
760528392
760778629
761005062
761217156
761465729
761604331
761774845
761997272
762254149
762475861
762665682
762902805
763095978
763330629
763552748
763808901
764028648
764300303
764501532
764707146
764945782
765139311
765389827
765606061
765847360
766056377
766296704
766465756
766723129
766877608
767602058
767836816
767996216
769108483
769323830
769577811
769798168
769922969
770087024
770339083
770456934
770572856
770732211
770910975
771069975
771209761
771345133
771533786
771722792
771912032
772064783
772182768
772316335
772536673
772685545
772809114
772914185
773014861
773150433
773318818
773503926
773674207
773843890
773981761
774152278
774335044
774508064
774675039
774785528
774972323
775159942
775374181
775526756
775663609
775848766
775988183
776074103
776238193
776446635
776664431
776884429
777019978
777154745
777276188
777443168
777666188
777892676
778130948
778341178
778557195
778776943
778990638
779198106
779431719
779658361
779883782
780085198
780321455
780527709
780798831
780971563
781259396
781498960
781719581
781941419
782163955
782384366
782574971
782861350
783082405
783267331
783511641
783767020
784024593
784226073
784383117
784590733
784830196
785049558
785220532
785442511
785668343
785854194
786091412
786231163
786400734
786621692
786843108
787092717
787305221
787545267
787816020
788055875
788294528
788446766
788632719
788869468
789075333
789263078
789479189
789685340
789941325
790194542
790399113
790571297
790806848
791027280
791266215
791452745
791707248
791876646
792099029
792319566
792534772
792730984
792951757
793173957
793383665
793565341
793801227
794063291
794329495
794552107
794772719
794978208
795152286
795341994
795543068
795763349
795955232
796101822
796321766
796497087
796719779
796940453
797131455
797351326
797573917
797748162
797947432
798186871
798423971
798635126
798860710
799057721
799237594
799487719
799692787
799911321
800115270
800346942
800553518
800721223
800927710
801148054
801371332
801646909
801852623
802021721
802192365
802452531
802653213
802905007
803146079
803348757
803585933
803820657
804004560
804240092
804554237
804725221
804850198
805100241
805271023
805509148
805718333
805956734
806225630
806424413
806648220
806919027
807120775
807376312
807569168
807812743
808050626
808256288
808514146
808687933
808944512
809122001
809332099
809531796
809718622
809936957
810181267
810394871
810606377
810795208
810944773
811181992
811463421
811718386
811976613
812265119
812521267
812760843
813020853
813221944
813433040
813707122
813891126
814046131
814216130
814455538
814643866
814862159
815096880
815253501
