0
4980
38431
72064
108940
135360
169986
203256
236066
270119
304031
337425
373865
405461
441734
472106
505345
537633
572713
605712
638797
674104
708367
740167
778032
807711
840459
875031
907658
943503
978040
1010107
1752199
2016352
2217050
2457897
2694238
2862823
3067611
3232235
3472089
3602059
3869827
4072237
4305422
4575821
4840582
5042695
5246918
5484558
5647988
5819192
6052379
6251860
6493712
6722680
6960041
7224608
7461482
7632025
7869563
8071706
8273385
8514563
8710815
8878418
9082036
9281901
9417285
9652250
9860896
10023152
10198425
10359507
10599960
10900366
11206530
11402997
11638053
11806334
12007267
12180318
12409285
12613209
12744942
12944513
13115429
13423322
13693804
13897650
14162807
14429055
14574079
14833433
15067619
15369062
15673339
15983542
16238142
16504855
16746994
16979324
17288176
17589166
17857151
18131753
18436042
18699937
19010586
19244834
19443603
19615703
19780552
19917850
20114518
20323786
20552082
20757587
20959107
21160878
21394445
21667098
21829883
22030718
22267765
22469153
22638968
22841851
23106792
23349299
23551923
23718034
23956663
24158832
24363532
24561267
24702926
24828959
24968987
25166286
25333481
25534189
25736665
25940483
26075764
26242711
26518034
26687376
26855066
27122846
27325816
27556477
27792701
27959594
28127165
28365783
28566292
28701719
28841515
28974192
29146126
29312260
29545260
29756728
29948592
30151710
30318533
30484711
30655837
30822458
31025246
31191529
31394511
31593894
31794942
32030868
32264373
32438768
32568227
32837042
33079758
33247106
33456847
33680591
33848485
34050776
34218277
34386502
34588047
34762100
34958362
35194720
35398636
35599201
35734481
35932632
36105382
36266483
36437952
36669836
36906437
37145035
37307936
37511764
37748313
37947691
38179329
38420517
38618489
38828341
39026320
39164461
39361448
39563467
39767191
39933849
40138076
40303605
40509003
40739006
40973509
41144527
41310063
41448355
41647021
41748608
41948325
42150571
42316679
42551955
42721209
42923237
43200877
43425112
43659391
43835126
44069852
44238998
44472238
44705936
44942458
45142775
45314317
45514752
45748577
45950228
46184668
46384838
46587578
46786419
46957129
47123299
47325166
47526784
47762358
47996167
48245347
48467356
48636860
48837425
49105191
49345877
49543682
49777014
50011671
50252581
50483318
50691610
50887028
51088989
51290532
51492974
51727877
51893477
52061802
52269688
52464938
52635507
52834470
53002100
53138498
53339481
53546937
53780420
53961553
54159519
54398515
54665815
54931274
55133172
55444067
55654226
55912721
56184311
56417603
56618254
56854426
57122362
57340612
57563667
57799817
58068006
58272698
58539604
58782300
59056891
59297921
59534925
59774247
60011947
60279412
60486227
60755810
60958042
61226239
61429257
61664053
61931634
62075539
62338917
62575171
62851159
63011531
63246855
63585785
63863161
64126035
64393590
64562303
64830113
65032433
65333375
65748653
65950363
66132757
66389278
66625132
66904949
67166752
67369030
67601628
67837255
68038541
68243496
69149536
69386029
69550587
70027542
70336448
70479822
70638592
70878286
71718512
71947956
72391658
72554998
72821286
72997710
73190427
73428136
73596252
73811543
74089550
74322953
74522826
74724330
74926928
75127868
75328363
75435843
75598511
75807059
76039932
76240666
76475811
76677345
76877756
77118528
77349389
77592885
77830809
77994865
78164002
78298340
78432210
78632827
78867569
79070406
79305150
79541044
79741810
79909392
80152037
80381153
80583073
80782706
80951553
81164946
81391981
81626270
81835129
81963656
82197051
82432431
82668016
82902034
83104676
83271978
83476708
83721978
83965715
84209098
84469148
84737008
84978772
85177709
85442906
85678086
85913223
86182983
86419008
86620122
86856060
87091136
87326079
87568115
87762978
87962749
88168162
88402435
88668957
88935271
89177024
89441022
89651804
89859311
90093524
90359578
90603306
90837269
91039515
91306861
91543171
91808446
92076898
92347903
92621633
92849856
93117831
93319788
93554617
93792318
94061292
94333790
94601729
94902848
95135583
95372287
95642048
95944637
96208849
96412834
96687878
96953845
97253479
97559043
97828390
98099318
98376915
98606053
98839288
99046169
99279473
99547956
99885453
100186513
100522197
100863945
101154112
101431436
101730294
102103282
102450912
102805896
103108354
103408128
103747332
104051206
104392993
104701985
105034465
105306151
105639893
105948944
106220252
106606486
106948988
107227675
107491962
107774300
108108600
108412744
108714400
108923354
109272897
109584521
109899384
110207657
110542095
110815123
111120967
111418942
111718790
111955429
112266883
112564564
112899661
113204526
113474221
113775562
114110465
114443962
114748684
115048473
115321464
115622445
115974009
116276837
116548671
116883123
117216551
117484155
117789281
118102344
118376090
118709855
119013056
119288268
119488977
119659624
119894539
120168858
120370974
120638051
120873482
121109699
121311404
121512140
121782012
122015155
122250423
122493653
122734202
122968866
123168251
123439923
123706428
123941834
124176914
124448226
124715045
124983267
125254983
125520363
125790667
126093253
126362032
126595283
126862747
127171226
127437178
127709995
128046010
128317652
128556895
128793053
129076347
129413486
129716442
129988149
130288741
130592750
130902158
131197642
131501793
131835466
132102326
132370149
132675679
132978848
133263498
133556421
133821087
134133611
134409645
134714841
135050431
135367331
135706160
136002406
136263489
136563015
136831110
137116285
137415538
137691367
137991358
138328031
138665048
138970834
139306380
139676255
139977939
140290698
140627723
140900290
141209438
141510927
141812916
142150225
142500473
142804521
143117330
143394349
143729825
144070950
144320136
144590630
144891076
145228740
145502491
145837832
146078565
146377873
146714874
147026073
147331679
147602482
147903057
148141614
148420867
148718850
148988869
149232335
149531995
149831246
150106385
150374031
150642423
150879965
151136006
151334972
151573288
151842619
152110721
152383384
152684567
152964192
153240898
153510040
153745208
153986362
154246157
154482660
154761316
155022424
155254614
155490658
155724481
155959698
156229800
156499142
156706387
156985024
157219065
157457760
157700258
157957879
158231510
158508774
158756198
158990402
159229399
159537161
159809187
160044827
160246162
160513281
160756398
160988871
161221876
161433427
161662267
161934143
162236012
162452121
162675910
162911499
163181423
163414378
163686407
163955217
164159521
164426761
164692806
164961043
165164831
165399734
165680005
165924513
166170711
166362309
166608443
166904686
167188706
167446465
167714029
167983680
168252932
168524585
168790918
169026256
169309319
169516392
169750940
169922578
170123052
170331128
170726908
170911883
171075373
171277782
171477427
171713991
171950688
172224430
172469432
172636493
172873386
173071665
173378057
173509203
173676232
173912069
174078672
174255659
174490256
174661482
174895637
175167458
175309229
175505780
175675782
175877114
176110384
176282032
176451618
176657884
176890250
177097338
177363495
177563861
177803907
178037247
178206046
178406673
178612673
178778747
178982083
179183579
179419239
179621065
181503233
181743824
181843097
182005170
182186341
182590682
182892062
183128152
183361563
184279010
184442967
184956405
185087240
185292407
185521107
185689371
185864747
186065044
186237580
186436426
186710301
186913150
187148438
187383501
187585893
187820269
188054810
188256662
188424341
188667207
188931257
189164411
189534937
189703834
189868584
190071190
190275414
190510166
190647884
190844701
191052744
191253718
191496731
191704982
191902007
192208825
192441910
192677406
192914603
193216357
193419044
193737601
194028338
194297738
194565414
194840259
195037875
195310650
195442499
195674711
195910755
196114091
196322145
196586891
196833934
197069648
197372064
197640317
197941790
198217304
198413327
198682332
198954029
199255315
199566076
199903726
200205402
200421402
200674112
200976388
201211945
201416313
201730766
201974582
202185101
202480108
202784190
203121002
203393311
203594712
203866779
204065533
204264758
204467939
204669452
204937417
205140083
205341089
205574092
205743071
205890793
206082173
206354586
206558035
206754588
206898391
207125006
207359659
207629459
207870504
208070669
208342749
208445707
208680735
208879171
209114003
209351497
209553019
209788351
209956683
210192666
210426917
210666577
210945229
211173798
211372499
211548527
211717158
211888138
212093961
212360197
212560555
212799597
213064398
213235020
213470459
213702926
213940897
214109269
214316102
214546964
214748442
214916732
215118521
215324205
215521580
215724584
215825249
216027300
216272869
216469728
216706100
216941354
217142629
217312585
217544897
217712384
217917691
218147857
218318561
218485884
218691231
218856421
219026232
219224581
219391244
219526303
219699532
219929134
220137062
220377254
220609639
220875998
221076820
221279845
221447592
221722522
221884357
222117538
222394465
222632745
222836175
223074434
223239036
223506725
223774663
223947838
224149223
224357712
224589032
224788769
225031861
225266235
225441332
225643862
225879151
226078498
226313736
226519855
226725242
226957035
227094228
227260615
227497203
227735131
227968256
228145381
228305769
228442761
228646539
228910606
229079343
229246736
229450138
229648511
229850774
230051796
230289113
230492214
230689850
230924800
231164181
231327061
231566877
231808431
232008860
232208786
232446920
232682874
232950675
233155742
233389695
233556486
233810647
233977377
234224357
234451624
234720218
234922065
235158777
235327078
235630161
235872214
236139868
236409153
236677876
236982669
237218621
237450556
237719300
237991197
238225884
238493097
238680795
238981398
239184612
239429515
239665852
239871142
240103605
240377188
240548671
240780898
241050297
241252492
241385857
241659281
241855839
242131399
242301169
242470339
242681438
242873348
243190195
243523790
243792494
244138365
244444318
244815752
245186657
245453460
245755751
246063288
246330329
246628885
246863774
247132710
247409348
247709044
248013940
248382698
248649337
248922373
249190859
249495284
249775076
250115248
250412577
250746603
251083269
251419452
251688498
251923846
252057899
252292816
252492533
252662446
252998437
253200702
253404002
253604477
253839651
254042470
254243958
254446190
254580500
254823084
254984720
255218976
255420183
255621489
255854358
256023571
256259102
256427437
256595092
256696106
256864482
257032528
257269382
257471941
257605806
257774261
257976590
258145035
258310988
258546609
258750007
258982785
259218826
259454866
259622014
259862140
260060527
260227554
260465635
260698260
260968184
261171335
261437464
261637812
261805161
261973791
262143992
262342825
262612585
262848195
263081446
263249933
263487278
263721145
263990805
264231671
264497544
264733922
264933028
265203340
265404398
265639417
265843951
266075551
266311089
266512178
266694163
266928690
267094307
267231588
267430636
267698563
267900704
268102034
268276168
268504002
268706061
268907231
269108940
269290262
269480197
269722219
269956751
270187706
270355125
270589478
270858334
271094009
271330237
271596506
271765927
272006184
272238955
272507325
272742883
272943866
273181380
273446468
273716485
273883650
274089724
274287030
274487069
274690760
274889792
275058457
275225008
275494122
275696767
275863356
276120740
276356047
276512689
276787968
276982851
277121240
277319245
277557917
277728793
277962969
278097472
278331937
278532890
278768246
278935603
279119343
279286127
279556098
279799783
280075280
280269515
280472388
280641329
280874256
281081725
281276269
281517871
281713721
281948753
282151012
282387747
282589412
282792450
282994307
283262186
283497080
283666250
283900014
284107006
284303471
284545892
284777637
284973901
285175847
285345421
285512329
285787026
285985372
286186794
286390668
286592401
286826033
286992849
287161791
287363014
287570319
287803873
288071464
288306483
288476574
288705261
288941353
289110334
289311060
289486529
289648301
289822711
290018208
290163601
290422468
290690444
290963130
291127976
291400719
291635054
291803633
294014023
294253125
294452337
294950402
295191633
295390801
295630548
295794871
295935409
296645320
296841013
297319000
297517882
297714079
297991337
298217870
298420533
298664441
298863795
299028038
299263666
299496194
299732010
300007742
300203530
300346652
300605638
300773471
300978352
301213032
301382167
301548530
301751726
301918859
302088111
302322217
302491127
302624108
302792181
303032054
303229177
303369593
303581450
303726574
303951382
304119241
304288211
304456741
304690720
304892495
305069477
305328975
305497195
305699214
305866071
306074330
306301182
306475217
306676645
306813043
307045938
307214072
307424378
307583333
307757130
307922663
308099375
308325963
308494767
308730335
308862969
309105319
309300858
309539334
309738108
309939252
310077777
310275908
310510201
310714309
310880401
311082888
311320568
311458539
311623253
311771052
311996744
312135309
312329611
312468355
312665781
312805808
312970937
313142130
313407479
313609649
313775353
314045140
314280921
314519349
314789309
314956790
315225205
315427163
315627148
315895838
316132797
316399931
316636184
316771449
316970131
317203890
317442962
317674653
317910119
318116797
318316638
318487250
318655840
318825273
319027926
319259255
319495843
319697523
319967553
320168719
320367301
320637586
320842812
321045156
321280232
321514986
321782705
322016542
322253242
322420775
322724128
322924430
323200236
323472272
323603505
323873326
324146573
324381363
324590502
324787210
324991964
325193909
325391314
325597262
325827928
325996104
326199587
326401576
326568877
326735650
327004717
327206578
327374146
327580260
327777122
328013214
328216109
328450871
328650175
328890714
329091895
329323787
329492617
329699881
329902072
330139094
330316604
330475399
330646131
330877568
331112052
331318408
331562590
331796962
331931038
332165868
332337388
332505574
332738173
332909431
333110808
333349232
333580493
333782059
333951395
334183696
334387577
334620320
334856972
335093964
335294454
335495264
335700700
335930050
336131139
336303038
336536875
336771236
336973658
337108883
337382675
337577972
337779655
337945749
338182179
338351678
338552309
338753475
338990829
339188945
339428541
339631926
339867221
340035502
340239314
340471197
340674996
340849109
341088861
341252686
341520279
341766798
341991333
342157840
342437317
342631565
342898899
343166056
343337030
343606544
343804566
344007018
344242410
344413212
344612708
344812693
345049562
345248814
345484327
345723585
345921336
346155665
346391219
346629621
346862477
347032736
347267163
347474401
347670653
347838766
348075204
348276580
348446688
348647045
348818562
349016844
349250879
349387424
349586991
349756705
349990382
350163697
350361071
350628693
350836963
351065358
351267414
351437269
351601656
351805804
352006928
352205202
352342368
352478028
352645829
352849253
353047890
353214869
353416672
353623047
353794608
353994287
354094083
354295789
354466972
354667333
354874649
355106019
355341137
355576494
355814324
355980269
356221529
356351789
356582932
356791248
357027492
357198735
357398308
357634411
357837577
358071823
358270945
358473577
358706941
358879588
359109731
359312320
359481496
359714751
359924332
360154109
360387375
360593428
360755317
360990476
361228571
361397047
361630514
361832781
362033523
362235524
362405478
362612500
362779890
362980679
363215460
363383112
363620372
363858944
364126500
364326328
364530680
364700136
364899538
365100766
365334574
365573102
365804419
366008325
366208192
366414298
366618153
366818898
367021383
367191172
367329438
367524161
367693034
367929373
368162843
368363370
368604242
368766310
369008914
369238204
369508084
369644285
369883444
370188395
370462728
370632472
370899735
371134664
371404164
371606755
371842343
372049137
372312617
372580596
372781372
373020622
373183158
373394028
373654312
373821894
373995077
374193769
374462955
374666652
374864502
375136516
375336955
375569732
375770200
375972161
376208199
376417985
376612753
376781343
377053294
377252259
377451584
377687885
377854779
378024767
378223412
378393799
378591912
378771745
378932021
379106970
379337223
379536427
379704439
379939278
380142321
380343239
380543958
380748739
380950105
381185114
381386965
381555652
381693179
381898114
382134810
382330806
382498692
382731423
382998475
383234158
383402034
383638110
383739036
383906185
384108200
384277878
384512399
384713309
384948245
385116111
385257555
385418330
385655044
385831612
386090226
386291174
386501181
386664483
386870405
387036783
387238310
387439669
387675888
387848346
388010373
388247220
388447554
388682397
388857033
389086873
389294538
389531149
389757260
389965964
390161504
390397452
390645930
390879005
391074145
391309935
391482189
391656672
391891330
392152361
392320290
392489400
392690594
392859133
393060397
393235112
393463550
393702621
393915314
394140051
394374757
394582783
394814424
395045876
395282690
395517270
395691872
395887496
396023990
396187262
396388887
396597847
396759008
396995363
397230345
397430899
397706062
397946300
398173449
398349782
398588072
398819173
399069439
399262917
399497083
399702961
399976268
400171770
400408217
400677534
400845713
401086089
401280871
401448818
401683864
401918446
402152775
402386943
402589938
402824141
403059657
403339737
403572953
403772977
404016759
405466183
405704550
405903554
406067726
406279994
406419952
407157994
407288677
407844006
407971474
408179526
408375618
408607321
408810425
408978382
409190712
409347980
409550248
409719679
409952994
410156258
410289912
410530634
410762378
410998816
411232034
411398327
411540473
411736038
411904004
412071565
412239098
412439433
412641296
412842948
413045973
413247641
413483043
413685191
413853889
414056645
414233869
414393225
414569216
414730440
414908667
415066998
415270300
415437960
415639616
415876535
416080667
416282017
416447836
416617467
416783440
416985768
417188702
417354091
417624098
417861029
418094552
418280282
418440996
418643719
418843368
419113026
419288970
419515711
419749327
420018171
420185612
420353981
420592524
420791202
420995207
421196244
421398249
421704005
421870842
422104643
422341018
422445193
422622014
422852231
423055332
423225892
423424605
423630374
423894683
424163926
424435421
424738099
424971802
425143422
425353497
425614563
425850270
426084981
426385366
426553489
426791741
427032093
427259810
427495386
427714116
427905446
428173255
428342949
428579176
428845642
429112395
429351420
429617674
429854665
430062600
430256175
430359232
430592035
430860323
431126584
431370583
431571413
431741897
431977756
432144553
432314825
432581890
432750959
432916345
433117888
433287273
433523798
433760947
433993805
434159796
434330384
434498953
434666445
434873323
435142997
435342617
435548028
435785866
435949083
436184196
436387105
436554984
436755715
436989209
437260166
437495487
437735043
437964272
438166594
438336098
438570653
438738731
438939116
439176035
439345625
439578133
439846933
440083948
440316946
440517684
440731061
440931287
441102553
441268233
441437209
441641040
441870285
442041967
442241799
442409226
442645702
442851166
443083391
443318424
443528792
443761083
443997462
444206496
444368173
444541384
444705151
444941918
445107456
445309238
445551130
445757980
445958523
446198219
446462926
446733283
447005494
447177653
447475739
447688381
447890626
448126404
448293291
448497302
448730400
448964706
449234741
449506497
449706968
449976596
450214640
450412212
450619491
450884556
451150353
451317396
451519107
451719880
451856924
452024907
452203791
452475758
452809690
453086873
453328182
453596287
453828276
454032328
454266759
454565332
454801581
455078027
455321497
455547421
455750000
455959694
456269349
456475596
456715057
456879198
457086634
457325112
457593942
457863550
458131725
458367531
458607088
458836820
459085929
459317080
459582631
459817572
460021172
460187205
460426032
460622884
460859446
461098473
461295644
461497977
461700945
461933587
462168061
462504236
462714458
462913095
463124586
463320952
463522700
463724601
463959979
464132147
464303599
464507500
464910463
465111566
465279288
465446962
465649695
465851986
466052029
466220145
466426174
466657451
466795502
466992804
467225990
467395025
467628764
467896774
468099930
468267892
468468250
468669484
468869774
469106353
469318037
469524094
469720074
469885835
470090339
470293546
470493674
470694322
470930143
471164817
471367806
471600457
471803415
472005215
472214708
472443387
472661245
472863087
473063618
473265524
473505355
473746072
473923373
474155306
474352881
474555656
474806089
474975310
475177671
475410274
475681845
475918232
476118252
476385005
476635737
476898413
477132716
477401964
477672781
477950119
478157771
478394006
478603116
478935110
479135494
479407567
479609063
479880250
480115759
480355150
480585133
480821449
481027532
481259052
481493723
481764855
481967232
482167105
482402225
482612596
482881482
483083670
483283045
483520373
483788004
484029331
484271799
484515457
484754459
485018486
485221487
485488418
485733852
486037603
486346450
486615368
486884931
487153120
487425058
487658450
487896797
488142854
488369728
488637318
488872103
489115207
489395118
489668353
489970688
490274225
490478475
490678578
490946176
491228396
491496961
491777157
492116408
492390271
492786667
493088179
493390832
493690533
493933175
494236308
494570189
494876017
495146983
495447849
495717896
495967145
496256987
496559876
496897137
497153339
497458666
497770355
498014108
498294087
498597002
498869115
499155660
499391856
499656652
499891782
500170041
500505042
500869815
501275265
501516654
501812961
502048001
502287550
502533844
502771235
503029115
503263087
503537100
503700443
503975766
504221484
504513454
504713847
504918389
505184240
505420503
505722052
505989501
506294305
506532114
506770402
507005352
507304335
507580387
507842391
508085061
508313831
508591440
508884844
509086930
509356841
509658166
509863449
510131409
510470849
510784902
511051849
511286508
511557041
511827385
512061813
512304861
512601134
512839301
513117370
513356902
513665142
513958489
514237491
514541240
514773992
516725475
517026690
517263148
517759876
518000462
518202471
518441206
518667274
519451414
519679899
520121268
520319954
520425621
520590107
520792994
520986595
521222280
521426633
521561937
521801584
521960867
522140872
522364230
522606951
522844611
523046049
523278656
523447988
523616395
523851459
524086618
524287435
524523611
524756739
524957627
525166892
525360588
525594501
525765436
525968067
526178038
526336457
526512193
526742391
526942613
527185071
527411751
527615549
527751608
527990135
528197919
528364741
528568384
528768898
528939572
529172774
529410030
529645128
529846115
530080507
530251132
530452477
530653973
530896208
531056209
531191560
531392630
531598815
531798884
531965747
532171079
532367820
532577337
532838519
533040962
533251845
533412533
533613266
533851081
534016309
534217354
534421782
534593771
534792708
534991911
535132365
535334288
535501903
535672514
535871062
536109777
536342072
536579351
536781973
536979391
537118049
537352878
537521978
537689087
537926348
538126525
538334029
538503331
538769360
538975376
539174070
539411648
539611267
539776302
540014699
540184202
540387989
540665680
540927803
541195090
541431607
541698832
541871507
542106369
542277465
542440773
542681650
542911811
543112922
543284917
543516478
543716640
543923337
544123985
544291435
544493395
544672856
544942589
545183407
545450133
545690737
545956417
546156411
546397716
546661055
546860873
547094685
547332329
547497529
547667243
547903875
548101600
548340000
548538200
548773800
548976209
549212767
549416999
549649072
549853936
550098938
550296715
550498145
550665305
550831364
550966369
551169099
551337653
551471028
551605282
551838650
552041956
552276781
552481895
552684624
552916963
553087897
553286416
553490500
553623679
553797000
553960711
554131229
554327770
554467449
554665395
554867438
555069561
555237212
555406405
555674750
555876542
556009984
556209552
556347965
556549422
556719787
556886536
557129971
557295698
557465236
557598173
557842191
558068785
558268994
558513355
558743824
558944191
559114193
559286674
559458074
559623904
559861579
560095803
560329312
560598876
560800834
561068573
561211441
561507621
561772225
561941606
562146256
562343338
562612392
562849149
563117108
563384261
563574506
563766251
563933113
564170608
564368115
564573614
564772097
564973045
565207252
565410853
565582937
565748658
565982239
566150785
566418107
566651707
566889192
567054293
567289889
567492186
567692868
567898670
568097454
568271527
568506203
568742321
568951434
569153199
569315777
569492302
569695536
569899952
570098505
570234067
570468192
570703813
570941753
571143559
571343450
571514014
571746803
571986118
572184395
572419925
572622313
572854283
573055525
573222503
573392805
573629469
573865499
574132433
574268306
574502251
574640375
574905757
575072932
575275647
575477456
575681701
575847008
576017473
576221881
576455259
576590314
576795252
576997007
577165603
577373891
577534859
577711296
577937874
578180375
578415010
578650596
578850738
578986370
579227350
579400240
579605130
579805573
580008962
580242388
580375885
580543458
580712883
580914680
581090245
581318899
581521929
581726104
581928244
582100695
582264453
582499574
582666869
582903185
583107396
583272379
583471568
583609697
583841644
584012649
584249257
584453252
584718361
584918725
585087588
585254884
585422560
585688899
585924845
586159376
586361231
586598077
586831104
587033362
587235154
587405646
587604815
587808905
587939320
588173632
588375798
588577985
588778923
588981792
589216746
589418916
589651725
589827986
590056708
590256064
590389657
590592918
590797947
590894443
591131455
591297829
591469646
591699371
591934864
592137225
592307207
592513312
592642761
592848314
593044360
593213089
593383054
593616360
593788155
594023722
594158658
594362448
594561607
594797294
594997531
595236636
595402898
595639793
595843468
596009621
596215052
596379275
596613077
596851485
597084040
597320586
597487870
597654953
597857810
598091817
598260775
598461923
598696378
598901996
599064350
599332545
599537180
599769655
600005435
600209348
600406691
600643255
600811407
601014040
601183691
601385080
601596509
601790746
601960353
602193981
602369454
602536698
602770813
602975067
603105392
603309417
603509015
603709815
603911936
604081764
604214848
604348522
604551545
604721217
604886013
605096787
605305919
605533686
605734915
605905395
606106500
606312987
606547476
606715651
606917504
607121098
607332840
607494878
607668420
607830131
608064564
608239526
608447295
608644536
608844354
609046408
609214861
609455072
609693631
609921485
610159139
610294382
610465545
610701741
610803321
610965109
611178982
611350503
611549312
611784450
611985851
612160391
612322107
612525496
612737197
612930062
613173588
613370289
613603968
613743700
614012278
614181320
614383309
614549848
614683760
614885966
615155276
615355900
615557202
615793272
615994871
616201491
616439169
616631585
616900383
617113044
617340811
617607598
617843241
618122691
618385546
618622675
618796480
619060680
619267161
619535131
619770846
620003773
620174333
620374528
620596048
620826722
621091050
621358901
621600252
621761456
621963368
622230462
622506037
622700660
622907274
623142226
623346669
623579514
623815538
624018049
624153592
624352861
624620499
624890557
625126869
625393329
625562404
625803158
626008118
626212717
626446929
626641752
626883691
628191913
628460742
628660411
628835377
629097065
629880977
630103616
630548038
630809438
631078720
631346453
631490231
631716157
631986712
632164025
632363446
632577623
632766294
632913483
633136816
633336605
633506069
633740658
634012142
634182080
634386115
634520388
634687957
634956799
635168139
635334808
635509167
635811385
636014025
636247357
636520132
636689223
636967581
637226721
637427595
637650323
637873061
638111984
638320217
638546901
638748121
638990972
639251930
639453656
639664889
639858339
640027945
640227168
640438636
640596354
640769507
640971769
641138400
641346177
641573809
641782338
642021836
642292367
642529101
642731424
642941139
643211441
643420073
643601378
643871178
644107838
644241648
644509818
644749900
644980607
645182967
645423518
645652525
645887823
646026445
646234402
646466533
646705864
646912349
647119230
647349614
647617129
647851773
648128178
648356731
648624662
648832564
649068279
649341804
649542973
649779994
650080736
650327537
650562748
650769437
651036515
651305691
651571061
651810292
652049170
652219221
652491089
652725265
652991132
653260147
653498742
653667883
653934708
654172053
654437401
654706809
654906727
655155554
655323362
655563115
655794082
656029111
656262646
656501810
656703973
656869810
657072419
657244471
657408335
657645103
657811958
658116708
658315385
658589223
658824918
659059663
659294254
659565753
659766002
660004126
660172100
660441069
660676400
660913455
661117024
661383613
661591109
661792417
662023353
662264652
662533681
662771032
662980370
663210749
663480455
663715076
663918037
664151864
664418055
664659168
664901064
665010464
665236753
665442659
665687012
665955003
666220308
666457486
666695922
666868828
667100756
667306113
667472420
667744058
667979256
668278399
668513747
668782419
669062030
669290459
669563263
669794917
670035049
670304774
670550763
670817211
671063287
671263494
671531796
671771273
671968790
672202458
672441530
672677188
672976928
673246852
673519217
673756100
674057524
674224335
674467492
674733516
675031670
675300908
675573905
675814830
676083639
676346929
676617994
676887597
677164533
677500434
677760426
678100134
678401323
678741265
679013925
679222322
679490998
679794746
680164464
680400220
680636610
680883877
681150260
681449500
681719631
681985959
682192226
682429512
682698324
682935386
683136009
683409352
683713302
683946535
684216242
684482821
684592867
684890136
685086968
685265426
685425814
685659387
685828189
686095376
686328622
686602690
686866815
687074954
687303879
687506395
687705619
687981613
688222078
688419857
688586878
688820155
689055297
689296682
689528145
689793226
690027237
690365213
690642546
690835538
691069124
691316745
691509803
691747031
692046533
692181803
692483586
692683382
692888606
693155273
693396143
693599965
693799303
694033428
694236773
694473297
694740260
695014076
695243200
695515265
695781303
696047812
696255686
696529480
696803168
697046680
697243142
697446576
697611989
697850608
698119575
698332724
698640734
698876078
699143048
699417848
699679672
699955650
700257205
700525842
700838701
701115417
701410034
701677795
701911703
702217431
702477416
702706205
703044094
703320365
703523050
703760538
704029155
704330919
704599427
704846204
705115579
705349200
705625597
705929848
706229965
706506435
706774365
707046993
707351739
707561835
707858731
708179560
708445853
708749199
709055531
709269721
709563643
709830962
710097257
710402170
710773342
711147553
711490166
711765456
712001786
712237105
712544371
712811524
713047502
713282396
713522505
713756188
714006595
714262437
714498991
714842728
715151701
715418398
715793186
716160501
716537070
716873536
717266783
717680192
718103340
718462615
718774531
719080641
719468000
719841169
720118164
720438784
720778592
721084937
721421681
721724574
722027940
722334692
722601267
722888955
723189415
723523165
723862403
724134741
724424063
724723255
725026038
725327956
725636225
725970107
726307959
726574625
726878194
727111424
727316120
727656582
727964116
728311878
728580649
728850295
729151994
729435810
729702481
729936701
730245926
730548367
730791871
731033237
731275476
731546008
731813424
732082421
732353537
732692411
732929602
733210939
733548571
733763176
733986573
734187484
734457617
734701842
734941224
735175748
735451604
735690814
735962674
736273418
736507934
736745083
736956985
737267966
737513275
737852183
739537619
739909085
740534664
740734593
740976544
741176937
741381777
742226462
742415621
742892063
743120095
743322312
743564539
743793901
743994656
744269056
744471909
744741418
744943086
745212320
745444591
745679308
745815664
746048953
746318334
746552564
746789157
747022628
747226049
747458936
747695844
747897547
748130902
748274236
748535082
748737990
748974442
749217466
749421879
749690633
749972140
750203674
750438840
750608207
750843180
751110761
751346020
751583166
751783648
752020550
752154699
752387290
752662952
752926398
753160242
753387434
753629505
753830788
754066535
754340168
754575229
754813248
755013535
755179276
755424802
755626316
755860729
756096153
756333465
756568167
756802116
757005847
757187357
757413101
757611389
757848363
758093774
758287608
758491642
758696810
758963682
759164879
759438817
759705822
759973218
760243438
760542880
760793800
761061251
761258147
761465419
761729531
761929393
762141623
762371301
762671971
762873654
763113159
763346014
763614054
763784393
764020097
764223336
764390845
764662608
764859760
765130558
765365222
765536811
765772808
766040436
766308166
766579068
766711028
767018768
767250980
767527683
767792606
768093368
768370319
768606732
768885555
769220267
769516622
769793175
770100376
770401377
770704642
770989105
771268422
771516540
771786879
772021798
772257645
772511411
772812912
773050931
773323425
773487006
773661390
773857510
774127928
774396606
774673535
774900683
775201504
775477592
775781628
776084374
776319622
776554095
776824485
777097513
777400712
777718598
777923721
778192816
778416054
778683204
778982679
779251608
779526354
779771945
780003543
780315061
780515240
780722092
781019187
781221043
781465744
781663482
781896679
782102330
782368477
782638016
782875793
783151461
783381874
783580936
783784724
783987071
784160719
784391142
784794615
785066237
785331295
785568351
785805960
785938016
786238469
786443550
786715146
786918039
787193993
787389693
787592186
787794400
788060803
788315771
788486030
788768084
788970813
789206503
789407333
789612853
789845129
790012384
790260013
790525517
790796599
791062497
791269255
791538998
791859724
792025834
792266940
792532353
792768137
793011341
793360845
793628963
793894706
794136677
794443708
794753285
795051040
795321747
795659228
795862981
796171858
796504105
796781432
797103379
797470743
797743929
797975658
798219017
798558506
798831584
799179395
799483539
799796322
800022214
800290527
800559153
800799847
801065457
801296461
801573244
801915303
802216997
802497110
802799400
803066364
803305539
803539392
803847817
804151190
804380659
804651151
804950816
805297337
805600813
805887624
806151715
806486195
806753803
807024475
807330758
807632634
807868798
808136454
808441248
808742929
809047704
809381769
809726231
809996589
810234632
810535998
810837285
811075599
811404238
811842114
812176247
812515604
812859947
813126907
813464063
813852968
814127030
814445471
814727354
814996653
815331308
815634041
815976573
816278300
816614543
816929075
817222877
817524897
817859711
818142740
818507357
818840881
819115888
819490087
819832527
820198156
820472452
820844875
821140360
821479718
821781029
822060812
822403483
822677534
822911414
823157080
823492415
823661236
823909401
824169827
824471166
824773026
825079122
825333641
825619908
825844362
826077445
826351229
826644119
826906135
827174647
827411752
827683356
827988750
828218498
828425831
828698806
828899611
829175728
829445837
829752338
829999639
830245009
830512789
830787598
831062173
831291400
831593138
831795993
832070397
832368678
832638107
832905398
833173352
833418087
833611488
833814728
834092872
834386305
834619809
834892525
835202897
835499272
835735085
836036253
836353710
836650855
836899434
837157089
837356145
837559144
837762147
838006736
838253171
838487975
838750335
838986309
839219321
839438065
839649582
839907342
840147972
840416849
840656320
840892489
841052531
841329673
841592944
841761965
841963153
842237130
842432141
842634654
842835702
843069787
843345816
843590109
843848048
844115359
844317096
844553639
844789604
844989992
845195201
845428584
845633690
845832984
846067231
846308557
846510386
846782605
846917292
847182417
847390034
847587189
847754982
847969971
848161727
848396472
848598629
848798645
849001528
849308267
849538625
849773150
850043653
850280007
851348387
851590917
851825561
852002311
852127946
853051465
853252284
853732368
853991921
854261120
854494376
854698545
854900090
855081498
855272935
855507339
855674670
855875195
856044925
856245638
856448412
856614114
856784310
856950075
857100080
857358412
857592931
857826741
858072377
858307193
858540853
858784374
858977372
859212037
859381783
859584613
859793225
859989618
860160682
860325566
860594558
860829880
860996794
861198082
861432475
861633965
861770356
861936477
862104946
862271352
862489685
862678944
862821424
863047659
863250863
863418526
863621259
863828799
864023784
864195059
864426368
864594009
864762855
864944732
865175257
865368215
865574593
865778256
865958203
866258801
866459337
866695423
866899709
867168557
867437317
867670845
867905575
868073527
868250389
868420118
868619465
868854937
869057896
869272471
869495463
869663126
869863292
870034364
870267281
870467668
870668899
870911442
871107469
871341310
871510159
871745155
871918347
872115539
872255140
872453098
872654373
872893477
873090498
873264065
873428789
873664065
873865504
874104828
874338942
874545302
874743262
874984766
875219775
875387497
875520164
875724065
875891747
876125017
876360677
876599962
876830739
877031573
877235016
877437153
877671031
877907258
878106025
878276313
878477222
878710650
878878655
879046920
879247860
879447836
879653634
879854522
880086586
880288295
880423057
880627250
880828091
881062057
881262750
881462541
881670359
881870370
882103241
882343188
882540144
882776649
882947967
883179316
883383187
883586277
883788064
884025331
884222215
884457510
884697326
884896129
885094169
885299775
885530561
885732883
885901465
886102204
886204945
886436733
886685327
886917769
887120139
887290415
887488030
887691357
887925973
888097777
888336361
888570240
888746768
888913505
889083355
889247169
889448196
889618926
889785093
889987016
890221121
890455346
890692965
890925612
891194947
891461948
891733767
891933356
892112224
892373591
892608163
892807763
893078776
893345332
893615214
893788104
893986053
894253681
894522953
894795189
894997282
895134455
895334426
895533436
895738188
895970413
896172397
896339762
896609370
896844018
897047369
897283660
897489516
897686567
897825358
898058377
898258390
898426575
898661783
898894958
899102576
899345311
899577828
899781498
900016870
900252051
900456954
900656472
900830668
901061293
901262924
901504643
901776877
902019870
902189280
902323414
902499462
902699044
902869468
903068883
903237894
903437322
903603715
903841603
904043092
904251498
904443079
904644727
904812420
904985095
905216583
905451876
905618317
905756667
905953891
906155748
906290918
906460560
906632970
906833456
907037408
907205458
907438257
907614280
907807060
908042618
908215733
908412938
908652089
908891927
909056645
909226802
909427061
909633401
909830009
910032339
910167108
910369348
910535373
910735479
910975584
911139259
911310918
911476995
911654970
911850547
912052714
912187328
912388471
912558124
912723629
912959865
913132625
913301804
913501878
913702779
913870704
914071306
914308382
914546122
914784189
915050108
915187336
915358866
915523476
915699108
915927753
916127771
916330039
916530731
916765431
916972533
917135874
917305321
917537773
917710495
917908522
918074680
918244382
918446347
918650324
918819535
918952784
919190185
919425633
919694819
919860301
920071661
920230351
920402673
920632863
920834166
921005220
921205578
921411129
921641488
921911010
922108798
922314368
922545777
922714781
922921789
923093061
923226245
923393427
923593127
923830876
923997259
924199159
924403203
924636817
924875772
925043041
925275451
925514432
925748214
925981837
926185602
926387534
926586283
926756123
926957076
927196614
927434655
927673045
927881411
928089794
928256169
928425083
928626891
928762950
928962187
929177902
929373965
929547852
929720068
929951134
930193378
930458465
930623435
930758364
930960483
931226782
931396877
931598592
931803329
931973208
932241132
932513714
932716357
932914832
933151458
933420602
933653969
933858408
934094847
934363032
934531384
934799782
935007606
935205166
935503561
935737956
936007249
936208653
936411769
936649565
936927912
937121463
937390514
937626550
937859708
938133002
938399520
938608124
938868970
939105357
939371507
939617033
939811290
940079689
940295379
940518245
940754626
940991590
941226172
941427717
941640711
941932598
942132094
942335231
942572584
942776089
942985853
943212651
943448172
943684315
943850431
944091753
944255693
944428609
944691026
944900592
945115075
945343370
945539134
945781008
946018618
946211879
946455368
946692120
946958463
947160506
947397537
947595936
947866545
948140574
948301936
948535875
948771240
949005648
949275881
949543338
949745725
949979528
950181951
950389234
950653722
950889964
951167459
951433386
951669852
951901792
952136887
952412455
952608082
952785743
952989197
953154295
953355933
953603481
953805081
954007332
954216175
954447795
954679884
954913151
955149268
955417494
955652014
955925962
956159134
956428146
956659485
956863245
957101358
957364817
957574833
957738168
957937747
958171190
958408211
958643119
958877352
959114634
959382192
959621538
959887218
960163606
960433033
961708903
961954474
962185305
962363522
962596219
963408156
963571204
964078547
964277937
964417875
964581295
964755298
964979300
965121355
965315280
965518709
965760325
965954598
966155752
966358600
966593095
966770638
966929752
967104170
967231347
967465568
967633521
967844291
968012649
968180159
968315374
968484103
968619925
968822617
969020636
969221683
969387625
969556895
969695912
969833808
970066431
970269931
970483011
970672689
970874889
971009164
971211757
971447356
971579027
971821594
971982754
972119926
972286999
972455593
972623612
972789593
972957114
973126226
973359488
973533345
973736283
973945468
974184335
974313206
974519997
974714108
974921096
975057510
975297057
975534801
975761861
975995996
976212618
976406575
976607492
976742572
976945077
977183052
977414454
977616485
977855380
978088013
978258011
978492020
978635399
978823159
978986504
979121671
979263491
979427774
979568637
979771042
979946700
980140528
980373196
980643350
980878037
981045149
981284293
981416030
981651141
981850568
982054750
982254938
982425977
982595280
982798087
983030120
983267046
983466438
983606176
983801077
984001910
984169576
984338097
984507716
984673643
984842142
985012014
985212721
985413011
985655823
985848574
986052986
986288823
986455790
986622116
986757889
986995902
987159400
987299435
987495767
987731847
987936283
988067315
988274673
988475669
988678821
988877203
989116393
989355844
989553395
989757198
989957458
990125873
990362261
990595482
990830098
991034336
991265023
991501595
991734499
991936574
992141044
992381129
992582352
992784211
992989190
993192719
993399087
993700444
993934777
994134581
994346178
994616483
994754868
994986598
995257991
995429292
995693283
995926664
996195485
996440249
996631842
996899484
997202029
997404427
997570880
997776991
997941746
998140997
998312897
998513306
998748068
998950662
999218992
999386504
999655108
999823248
1000060231
1000227705
1000396618
1000597885
1000802536
1001033709
1001232767
1001404278
1001637686
1001837768
1002006362
1002108141
1002375233
1002612858
1002780475
1002981114
1003161913
1003387720
1003591304
1003762100
1003927096
1004131388
1004363819
1004563488
1004731069
1004908071
1005140068
1005374662
1005543132
1005709989
1005911978
1006146709
1006418477
1006649323
1006856086
1007122917
1007322277
1007557429
1007725193
1007926965
1008098142
1008264090
1008430476
1008666819
1008835316
1009004088
1009238602
1009405767
1009547653
1009709205
1009909930
1010110414
1010313159
1010483380
1010681950
1010852579
1011018881
1011226849
1011432749
1011669011
1011802569
1011971525
1012221563
1012453258
1012687106
1012888404
1013022946
1013262937
1013458089
1013606236
1013869384
1014100772
1014306368
1014544738
1014675930
1014878074
1015080777
1015250049
1015417990
1015585119
1015753620
1015987269
1016122969
1016395437
1016637789
1016899822
1017133621
1017334913
1017505209
1017741286
1017943608
1018144837
1018347564
1018579837
1018748144
1018918279
1019121066
1019324869
1019522350
1019722721
1019928992
1020161526
1020395604
1020631538
1020868264
1021101654
1021341926
1021540030
1021739593
1021907865
1022080741
1022281648
1022549805
1022751303
1022954140
1023120962
1023362518
1023556880
1023791281
1023996579
1024162064
1024373479
1024597768
1024765819
1024971071
1025170709
1025406580
1025642997
1025842566
1026051398
1026247753
1026413651
1026618709
1026854352
1027085554
1027220974
1027392956
1027559005
1027792471
1028028743
1028197179
1028400539
1028598290
1028799411
1029071726
1029271516
1029470733
1029673372
1029910809
1030083586
1030247531
1030419899
1030618190
1030785179
1030985541
1031155059
1031427592
1031590064
1031762689
1031927996
1032127283
1032295995
1032436098
1032700258
1032899804
1033068807
1033270448
1033455045
1033686869
1033853051
1034057997
1034298451
1034497857
1034698354
1034932560
1035171605
1035367110
1035599509
1035805042
1035970278
1036178249
1036374218
1036540660
1036677820
1036851975
1037048205
1037250433
1037486703
1037726726
1037960469
1038164058
1038431074
1038670487
1038875376
1039120862
1039290494
1039495677
1039696634
1039962841
1040199938
1040399854
1040635391
1040874045
1041073923
1041277862
1041478958
1041693500
1041935239
1042198523
1042431376
1042565883
1042767002
1043036981
1043203503
1043407275
1043619448
1043812394
1044080949
1044249542
1044482562
1044725350
1044893846
1045127479
1045330345
1045534305
1045740876
1045977910
1046171139
1046405763
1046575355
1046741631
1046911048
1047077369
1047318038
1047517739
1047657922
1047886449
1048121372
1048333365
1048559187
1048763962
1048963904
1049128174
1049336055
1049533430
1049734229
1049969639
1050238093
1050508266
1050682970
1050877757
1051112199
1051312358
1051580010
1051749405
1051950250
1052129496
1052256895
1052425269
1052590328
1052760615
1053034732
1053161120
1053297768
1053495911
1053705555
1053934195
1054137277
1054304342
1054437062
1054638612
1054840888
1055047532
1055208385
1055411310
1055577084
1055820669
1056058951
1056318209
1056552086
1056725590
1056923806
1057188530
1057398364
1057625277
1057836561
1058096563
1058330444
1058535142
1058801849
1059002840
1059270358
1059473123
1059708361
1059875399
1060044146
1060244139
1060418528
1060682809
1060856460
1061018484
1061284344
1061488325
1061692384
1061861632
1061990291
1062196912
1062432984
1062646225
1062847153
1063083459
1063250273
1063419588
1063654788
1063855725
1064090108
1064324675
1064494967
1064697052
1064896096
1065101099
1065332433
1065535211
1065735772
1065970771
1066143980
1066305534
1066542469
1066776276
1067012103
1067213520
1067415759
1067654807
1067788292
1068019620
1068323084
1068523776
1068766386
1069002188
1069203983
1069404198
1069609772
1069811432
1070044475
1070213024
1070419173
1070616476
1070785985
1072327398
1072564910
1072770883
1072973840
1073139027
1073305835
1074025556
1074213863
1074694107
1074955821
1075206219
1075409012
1075620442
1075854809
1076076181
1076300339
1076536439
1076804108
1077041575
1077341019
1077543099
1077811147
1078014785
1078282613
1078550460
1078788110
1078988051
1079256475
1079491657
1079735717
1079975927
1080216000
1080420857
1080587297
1080800663
1080996604
1081230643
1081431285
1081631417
1081868716
1082112499
1082346469
1082616969
1082828037
1083061622
1083230157
1083470582
1083705864
1083977437
1084245802
1084412650
1084647345
1084859501
1085019541
1085253467
1085492149
1085734000
1086004495
1086273652
1086408007
1086610548
1086778222
1086988183
1087113760
1087325729
1087584357
1087823437
1088056255
1088228741
1088392535
1088564177
1088730701
1088934495
1089170743
1089339001
1089540788
1089744792
1089884997
1090085489
1090292864
1090460231
1090662233
1090932866
1091167141
1091398754
1091568372
1091669253
1091872603
1092112313
1092345308
1092582201
1092818219
1092983410
1093220057
1093419361
1093592298
1093862205
1094097913
1094397631
1094637111
1094939894
1095069561
1095308240
1095648337
1095874383
1096075613
1096279949
1096512402
1096790022
1097024876
1097261800
1097502360
1097733377
1097974025
1098209633
1098408474
1098644268
1098947616
1099182772
1099453313
1099720070
1099957615
1100226825
1100495259
1100729816
1100975881
1101250714
1101519022
1101784821
1102059807
1102290955
1102572830
1102840876
1103047448
1103348757
1103613692
1103852381
1104092507
1104394560
1104693999
1104961730
1105230860
1105465645
1105668367
1105971786
1106243546
1106509549
1106812674
1107048444
1107248628
1107550010
1107798616
1108028477
1108264653
1108554429
1108792362
1109062212
1109263235
1109531792
1109772817
1110040667
1110310570
1110545572
1110816915
1111084518
1111351860
1111624518
1111892191
1112132098
1112402962
1112667882
1112937536
1113177547
1113409612
1113679523
1113982173
1114220629
1114486928
1114723858
1114989817
1115260303
1115503797
1115667599
1115881086
1116150550
1116488872
1116791962
1117124325
1117426869
1117731187
1118068111
1118404263
1118740728
1119076268
1119345972
1119683110
1119982940
1120294810
1120568801
1120842902
1121143788
1121481820
1121785131
1122056473
1122297265
1122596467
1122900901
1123182952
1123532012
1123801622
1124135191
1124405468
1124716756
1125046927
1125346540
1125650236
1125952785
1126252551
1126557768
1126855847
1127159891
1127427688
1127734913
1128002087
1128272657
1128588735
1128854901
1129156607
1129433438
1129796634
1130067537
1130338318
1130642120
1130946027
1131349791
1131682023
1132057311
1132461583
1132797432
1133162478
1133477406
1133890663
1134214832
1134585512
1134888743
1135157602
1135424416
1135693865
1135894092
1136097375
1136347848
1136584586
1136819740
1137123093
1137356832
1137655824
1137927944
1138167690
1138432959
1138734125
1139041192
1139310695
1139544484
1139746295
1140058472
1140333190
1140638092
1140911161
1141217706
1141516317
1141894927
1142231864
1142536810
1142801897
1143076835
1143354219
1143670221
1144008454
1144271537
1144574081
1144846233
1145182164
1145549814
1145925998
1146262995
1146569315
1146905564
1147207459
1147474626
1147778262
1148080803
1148387068
1148652574
1149023698
1149361315
1149660922
1149959874
1150233515
1150538763
1150843395
1151146792
1151445650
1151724831
1152026205
1152325461
1152628818
1152963391
1153269321
1153571296
1153870663
1154173643
1154479400
1154791047
1155085800
1155394691
1155708331
1156045224
1156321740
1156656982
1156958718
1157228699
1157512151
1157802839
1158104997
1158347806
1158616351
1158952316
1159219449
1159496370
1159729584
1160072432
1160373802
1160676476
1160979804
1161283189
1161560037
1161900399
1162125213
1162358986
1162596733
1162864542
1163133986
1163402875
1163637544
1163872402
1164110966
1164374944
1164616406
1164850543
1165120511
1165389883
1165624535
1165893383
1166161547
1166430644
1166668203
1166904752
1167179084
1167414721
1167620924
1167850567
1168118872
1168297324
1168523299
1168807864
1169044546
1169248443
1169516253
1169771010
1170027028
1170295499
1170528278
1170731164
1170972599
1171241788
1171552422
1171796754
1172058676
1172327123
1172561996
1172862870
1173165291
1173400403
1173636226
1173878389
1174152071
1174389747
1174688184
1174923900
1175225773
1175503398
1175796371
1176073116
1176301111
1176569225
1176891036
1177167443
1177444094
1177705365
1177978024
1178289460
1178589892
1178910891
1179170820
1179443474
1179741735
1180048053
1180315525
1180551085
1180855146
1181125512
1181358244
1181660752
1181898238
1183713083
1184019951
1184288985
1184789736
1185098028
1185312246
1185552354
1185755527
1186502265
1186727943
1187175446
1187474901
1187739416
1188041754
1188241614
1188453359
1188699182
1188873274
1189034477
1189268713
1189437321
1189639841
1189841025
1190076910
1190278001
1190555391
1190782612
1190983956
1191186136
1191420796
1191688746
1191863553
1192132822
1192365752
1192620838
1192855431
1193087598
1193263953
1193491472
1193734795
1193946875
1194205061
1194440239
1194642522
1194842852
1195114627
1195316869
1195549939
1195819344
1196090342
1196297942
1196592137
1196794329
1196968723
1197196564
1197431587
1197602579
1197767678
1197978253
1198103744
1198313269
1198541304
1198808267
1199042824
1199280298
1199480581
1199715688
1199917573
1200151623
1200424802
1200623904
1200827161
1201063613
1201335109
1201499123
1201674085
1201905588
1202138444
1202372331
1202575394
1202742969
1202950211
1203183574
1203414122
1203649052
1203885824
1204187334
1204422641
1204698242
1204963883
1205232044
1205463754
1205732449
1206005330
1206236062
1206480232
1206647179
1206883430
1207082794
1207252136
1207487833
1207726848
1208024394
1208226189
1208458305
1208696963
1208969721
1209171673
1209439520
1209677150
1209943380
1210113323
1210350430
1210619568
1210787804
1211024514
1211259543
1211492441
1211766128
1211928200
1212130430
1212333642
1212565684
1212835194
1213079286
1213279473
1213518755
1213752818
1213919093
1214124897
1214324570
1214591761
1214824986
1215063168
1215294683
1215532438
1215770252
1216003996
1216272058
1216478106
1216674975
1216909090
1217112115
1217380418
1217617418
1217822571
1218035579
1218136952
1218369673
1218602925
1218873139
1219075256
1219341572
1219515367
1219780451
1220014714
1220284403
1220523083
1220793195
1221021547
1221257569
1221460818
1221693869
1221872226
1222096617
1222331791
1222601487
1222876813
1223041650
1223274606
1223510939
1223744464
1223946335
1224218333
1224494465
1224694218
1224912568
1225170875
1225406211
1225674388
1225914357
1226142998
1226378220
1226585942
1226782226
1227049883
1227320444
1227598173
1227860804
1228160024
1228392811
1228662411
1228897717
1229132630
1229332320
1229571162
1229771089
1229944409
1230139731
1230341833
1230476353
1230619198
1230914897
1231113536
1231348522
1231622369
1231887664
1232087967
1232358948
1232595192
1232861845
1233065786
1233268147
1233536002
1233739701
1233941817
1234142983
1234412316
1234615725
1234881962
1235150549
1235385429
1235620392
1235854860
1236089953
1236329834
1236559713
1236795166
1237028973
1237209009
1237445295
1237614872
1237817590
1238051820
1238292742
1238488060
1238790975
1239032806
1239260897
1239462595
1239634150
1239898995
1240136464
1240408571
1240648073
1240845437
1241080298
1241282946
1241450445
1241686663
1241886464
1242156056
1242359050
1242593201
1242736717
1242997000
1243196387
1243403031
1243668858
1243868012
1244104341
1244343034
1244607549
1244876026
1245114327
1245358570
1245623832
1245860629
1246063148
1246264379
1246464197
1246667711
1246900565
1247073226
1247342766
1247538545
1247783108
1248043050
1248279200
1248481395
1248715823
1248885194
1249125137
1249354591
1249523207
1249726812
1249925780
1250194830
1250472970
1250664597
1250864094
1251072174
1251347085
1251615087
1251827747
1251987936
1252224040
1252429099
1252661283
1252927744
1253168984
1253400994
1253601455
1253773705
1254070764
1254341188
1254609191
1254877924
1255151061
1255450674
1255669118
1255837309
1256103883
1256307217
1256507672
1256742508
1256881801
1257146376
1257416981
1257684355
1257985997
1258494907
1258692222
1258859839
1259128307
1259330881
1259630619
1259867542
1260071604
1260310381
1260583715
1260846593
1261148185
1261452592
1261757286
1262032523
1262336249
1262568196
1262908913
1263211914
1263442993
1263745341
1264045554
1264316348
1264629193
1264994831
1265262309
1265569734
1265866175
1266104133
1266411917
1266683121
1267024292
1267296633
1267562289
1267795594
1268099610
1268399076
1268678455
1268939856
1269274555
1269576800
1269946128
1270148799
1270361789
1270630324
1270935822
1271269193
1271541959
1271908371
1272175857
1272545865
1272849966
1273087342
1273475648
1273754790
1273979758
1274282705
1274616407
1274951255
1275288555
1275661156
1275934111
1276233818
1276447125
1276706046
1277040130
1277308206
1277510138
1277790301
1278051890
1278318004
1278620232
1278956461
1279293115
1279597230
1279832929
1280142965
1280477475
1280737240
1281040693
1281275616
1281509535
1281764866
1282033540
1282334650
1282671940
1283016254
1283253409
1283589887
1283892952
1284202816
1284538627
1284803512
1285139309
1285441902
1285651984
1285950860
1286287405
1286593844
1286825319
1287131153
1287398726
1287635861
1287909601
1288207872
1288582899
1288845266
1289178673
1289482687
1289728734
1290059846
1290362792
1290665605
1290968659
1291379587
1291740694
1292075848
1292388053
1292731349
1293026841
1293307088
1293639715
1293937923
1296071206
1296548924
1297093183
1297482363
1297794761
1298804822
1299471370
1299820258
1300045588
1300321549
1300585613
1300849914
1301163823
1301462679
1301731459
1301998666
1302301401
1302515810
1302850668
1303123517
1303360227
1303592648
1303872344
1304164346
1304475869
1304708584
1305011037
1305247720
1305483603
1305783069
1306053043
1306353241
1306592838
1306840403
1307142606
1307444725
1307745340
1307950974
1308261190
1308595133
1308852876
1309189162
1309499046
1309741572
1309929218
1310203353
1310470499
1310748585
1311040713
1311321892
1311612974
1311862250
1312163461
1312466416
1312778118
1313014483
1313354853
1313630959
1313962601
1314232250
1314500117
1314706381
1314904083
1315172576
1315390391
1315687799
1315958581
1316259949
1316570161
1316872600
1317151387
1317389096
1317654223
1317963251
1318302251
1318503553
1318843360
1319120449
1319383439
1319719378
1320017943
1320254196
1320558963
1320859773
1321136862
1321411315
1321711524
1321945943
1322247397
1322549953
1322825869
1323187169
1323497670
1323728694
1324062509
1324334847
1324568952
1324903917
1325240433
1325540091
1325810731
1326079355
1326380252
1326648698
1326855303
1327155627
1327393868
1327692340
1327963205
1328233945
1328504336
1328773608
1328941339
1329153657
1329488090
1329755516
1330057766
1330368350
1330703806
1330977169
1331210355
1331447830
1331714596
1331951154
1332190049
1332466903
1332732752
1333036283
1333355760
1333691791
1333993368
1334336814
1334581782
1334846441
1335118551
1335455112
1335688850
1336024176
1336264076
1336433255
1336767784
1337037050
1337372075
1337614571
1337779622
1338117727
1338419547
1338696960
1339035485
1339336079
1339639880
1339906733
1340142160
1340481262
1340648675
1340951897
1341220551
1341485751
1341789907
1342126849
1342404440
1342699657
1342968090
1343270246
1343603365
1343906626
1344176489
1344428615
1344662548
1344930253
1345231967
1345534542
1345871293
1346171869
1346474456
1346720148
1346989350
1347231967
1347476053
1347838297
1348112460
1348376204
1348645632
1348950619
1349089630
1349389194
1349698104
1349999094
1350300586
1350538870
1350812329
1351085765
1351413298
1351745529
1351948703
1352216522
1352421126
1352762921
1353008604
1353312487
1353613046
1353915541
1354153324
1354501738
1354801630
1355073797
1355386733
1355689823
1356026483
1356342188
1356616939
1356912303
1357247403
1357451737
1357718632
1358037521
1358374226
1358648865
1358888478
1359125411
1359334380
1359672802
1359935276
1360203863
1360436598
1360704672
1361018308
1361323507
1361595134
1361839243
1362108412
1362401913
1362666285
1362896574
1363140541
1363479580
1363844990
1364086081
1364281447
1364517188
1364798424
1365106296
1365405119
1365708827
1366008181
1366275998
1366578907
1366882031
1367140204
1367437960
1367704169
1367975867
1368275853
1368488182
1368785807
1369086715
1369422587
1369690917
1369968101
1370236149
1370574213
1370877424
1371187434
1371451634
1371749745
1372021417
1372220535
1372533533
1372765846
1373059974
1373361512
1373632500
1373804595
1374034895
1374270822
1374549189
1374818035
1375117774
1375351620
1375619292
1375898909
1376123656
1376425834
1376697872
1376970138
1377215780
1377476365
1377649266
1377932938
1378195885
1378536504
1378800254
1379138220
1379439950
1379808448
1380053856
1380388868
1380654888
1380967831
1381303495
1381664620
1381900816
1382134875
1382369694
1382605047
1382873443
1383074940
1383346016
1383616182
1383817364
1383993340
1384220844
1384431786
1384692029
1384892429
1385161086
