0
16763
33564
52322
66806
83953
101043
117804
134662
151508
168508
185736
202674
221741
235629
253350
269831
286636
303561
320623
337487
354821
372696
392434
405633
423025
439645
456761
473529
490144
506582
525334
542833
562250
574931
592140
608978
624962
642384
659533
676047
693768
711319
729278
743347
760718
777478
794673
811243
828070
844798
862219
879143
898115
912100
929226
946385
963090
981233
997156
1013968
1238785
1371082
1557418
1745547
1879672
2102664
2260475
2412479
2583633
2723278
2877716
3064313
3201316
3388283
3559853
3740259
3945023
4080263
4215969
4396546
4521036
4703607
4928512
5138517
5358932
5579092
5727843
5939477
6094467
6328974
6481612
6649970
6870454
7075361
7312967
7515897
7651078
7839405
8008532
8179308
8370799
8522623
8726300
8844367
8983916
9186339
9323694
9527267
9670912
9888621
10109208
10261300
10413897
10533328
10709752
10864869
11004605
11140703
11344689
11531703
11667459
11853620
12062021
12247113
12450229
12603211
12771882
12961248
13163120
13350952
13519337
13739886
13942333
14114422
14302050
14520239
14745206
14880112
15045147
15213212
15384431
15540480
15693311
15827462
15963727
16167833
16286763
16491225
16708803
16898317
17105185
17241698
17415665
17605566
17784667
18070981
18275530
18379153
18531202
18750656
18953479
19089020
19244224
19378071
19596303
19816567
20047024
20199494
20419599
20633236
20820643
21039637
21242764
21430783
21636669
21786730
21871516
22091533
22193069
22295394
22463649
22565392
22751166
22904229
23107249
23262939
23449120
23639137
23825164
24012996
24163091
24332998
24520858
24654627
24823530
24958403
25144220
25314286
25500944
25602273
25788369
25958284
26109198
26278636
26447786
26617937
26787890
26955697
27124833
27327634
27480868
27616790
27836143
28022385
28124577
28227731
28430173
28600174
28812916
28981620
29168250
29304475
29442878
29624871
29815396
29955022
30092380
30311030
30486828
30637498
30840781
30995202
31129666
31264212
31401421
31621707
31828808
31996001
32130590
32232297
32384506
32536534
32706104
32861633
33078935
33231133
33434917
33570423
33756687
33959907
34163082
34315702
34484129
34696649
34832434
35035332
35255024
35361545
35497091
35686048
35837425
36024227
36108189
36313971
36533033
36722494
36912770
37120185
37336334
37539498
37760509
37965585
38165830
38336223
38455655
38626098
38828459
38984740
39167949
39305687
39492866
39643172
39748416
39940252
40160831
40279007
40414271
40567688
40692619
40866249
40999771
41184912
41421817
41570747
41790166
42010770
42197275
42318228
42538139
42690882
42879051
43050497
43220143
43423885
43627613
43831653
44018122
44136235
44274518
44425113
44615089
44763075
44958752
45128170
45226076
45446335
45668406
45859309
45995351
46154226
46354782
46523178
46744186
46880579
47050865
47238210
47441956
47594290
47699356
47831814
48000845
48102257
48270888
48457301
48575455
48716268
48897433
49117755
49323918
49478366
49698690
49937631
50165085
50344381
50513302
50682335
50817385
51037914
51261751
51397279
51619794
51804460
52025535
52161132
52347112
52534682
52709838
52896149
53048935
53201148
53361932
53530989
53699423
53919373
54037854
54257533
54452295
54639099
54790718
55013104
55176609
55340729
55443026
55612000
55782084
55885418
56057672
56259330
56364260
56565608
56725943
56929750
57116804
57286110
57445534
57597490
57796459
57982936
58117940
58254772
58376033
58544933
58700213
58900780
59120008
59289732
59492947
59628308
59836954
60006210
60159403
60379944
60569504
60789811
60959577
61162236
61332181
61535012
61706642
61890604
62130451
62362154
62569594
62795689
62965651
63166500
63402865
63609078
63744249
63896407
64014121
64234169
64420704
64606972
64793411
64938996
65145821
65314872
65520133
65689751
65859313
66030114
66233572
66452458
66588240
66757865
66960174
67112779
67265587
67418616
67631040
67783346
67968385
68174427
68327264
68547919
68688379
68859559
69013403
69165168
69319939
69525285
69658996
69782178
69951030
70050881
70219045
70391437
70595956
70813638
71003097
71225199
71361548
71552104
71704409
71878479
72031363
72234732
72438948
72641105
72844248
73046204
73232735
73419335
73623498
73758694
73928941
74133123
74318626
74489396
74642085
74795074
74958383
75145393
75368838
75489285
75605194
75793586
75944006
76154324
76340782
76446381
76596465
76832009
77035754
77205524
77381466
77572186
77792720
78021904
78243725
78412855
78598914
78751957
78938080
79073983
79177419
79328994
79445767
79614437
79789957
79942724
80112647
80281721
80485420
80620424
80811556
81032805
81221018
81336397
81506204
81676126
81898085
82083120
82201775
82372443
82579218
82700713
82819384
82971510
83157750
83327939
83535782
83622820
83791913
83946737
84134819
84252741
84396449
84531977
84734198
84904217
85073101
85261811
85418396
85553986
85689509
85885719
86071100
86258170
86427902
86597496
86801421
86970447
87122905
87251259
87403462
87521974
87726625
87863017
88051009
88186096
88355283
88489520
88658590
88846747
88999648
89201823
89438558
89582814
89767429
89953107
90106455
90261838
90378417
90565012
90779188
90973162
91179485
91315461
91535667
91722903
91915982
92067977
92231388
92417591
92623673
92742485
92896766
93079170
93218244
93386919
93557724
93689466
93789676
93975768
94078909
94246379
94469730
94637832
94824243
95028259
95197135
95350549
95519174
95705446
95842672
96028781
96185154
96336682
96506544
96592138
96743255
96878692
97065210
97183331
97394170
97597213
97699188
97871832
98040759
98209547
98345385
98532343
98701282
98886804
99056432
99226197
99403749
99522225
99708425
99881513
100101799
100255375
100442355
100629167
100803288
100956739
101170276
101374215
101508139
101695606
101813072
101982820
102151701
102321472
102474556
102718733
102867880
102985478
103137274
103306941
103426059
103579291
103747906
103917820
104136515
104340448
104560737
104661727
104832276
105001908
105204888
105374309
105543567
105713348
105898815
106101818
106305575
106493907
106719273
106922701
107092006
107312970
107468650
107678800
107915444
108038532
108206965
108375612
108510036
108645368
108831363
109041232
109177782
109369794
109521089
109745580
109883125
110118464
110344977
110547331
110750532
110976991
111162735
111365149
111501314
111669910
111857030
112077656
112264215
112433550
112638313
112807767
112977473
113149843
113283949
113436274
113589157
113741441
113927908
114063993
114181144
114350651
114540379
114709136
114902196
115087924
115206758
115409694
115579334
115750103
115903332
116058052
116226980
116413334
116616601
116820178
117042229
117232480
117466392
117670347
117822396
117993655
118196651
118332611
118518747
118705053
118908627
119081013
119249839
119420250
119637834
119807932
119960206
120129235
120250744
120419760
120589919
120725976
120860371
121064013
121233041
121385757
121588393
121724757
121876271
122028618
122180756
122349994
122488698
122638657
122756400
122925429
123094468
123230095
123440958
123608913
123778279
123999181
124167518
124338215
124525534
124726023
124929192
125098469
125267402
125453606
125639505
125843074
126052572
126253655
126440431
126608992
126812780
126965027
127145661
127349061
127568650
127723298
127929277
128150241
128336286
128489210
128658689
128829672
129015862
129202173
129406071
129630107
129831156
129982603
130169804
130373383
130559425
130763325
130882065
131084440
131271488
131495521
131696067
131833215
132016493
132137178
132288743
132390304
132491853
132644453
132796543
132983096
133101122
133236559
133390631
133559709
133746687
133881314
134017170
134186664
134322146
134508419
134661317
134813733
134983886
135169726
135356318
135474992
135637942
135772789
135942119
136165230
136368676
136537709
136690759
136842706
137063323
137165817
137316893
137438501
137659910
137837640
138025234
138177234
138281458
138448659
138618276
138809221
138991699
139094021
139262440
139449097
139656426
139805028
139976320
140075562
140228091
140381023
140533652
140702509
140888891
141025810
141127243
141349764
141567446
141720010
141888939
142108805
142280008
142483016
142652303
142771088
142874896
143058074
143261767
143430865
143617230
143838909
144008416
144178653
144383598
144534899
144703878
144889855
144998946
145203869
145390052
145559928
145695897
145915540
146088263
146307015
146510792
146683574
146838823
147033072
147201762
147424233
147634500
147839197
147972799
148124562
148276616
148462693
148631741
148800910
148936388
149072924
149261459
149398225
149618240
149790322
149976129
150128227
150331694
150500566
150664778
150868152
151020005
151155812
151341290
151561606
151731036
151866299
151968658
152090889
152274476
152373943
152560424
152780927
152986064
153191338
153382944
153565330
153734316
153871490
154024195
154209603
154402442
154539187
154690783
154860040
155087126
155291866
155496343
155646509
155815671
155883471
155987833
156086650
156222145
156342319
156512793
156682372
156832995
156968146
157081417
157166522
157302072
157456026
157592861
157778857
157952185
158131144
158302883
158456213
158591710
158748894
158916950
159116457
159258700
159340585
159528189
159670097
159839741
160025574
160178252
160347941
160467397
160637883
160791858
160964053
161143951
161342902
161512602
161651478
161850948
161989553
162139468
162274182
162411448
162579017
162747836
162882788
163070498
163204698
163345396
163492294
163645836
163831264
164021077
164203919
164377684
164545539
164665448
164803272
164974958
165178033
165330411
165467011
165687524
165860132
166046792
166254126
166455511
166643024
166812948
167020303
167175996
167279717
167463655
167617821
167773430
167970443
168110816
168242743
168378110
168546825
168682259
168817734
168971712
169106763
169209959
169379279
169515580
169652482
169810029
169958426
170161923
170316246
170485388
170633902
170839837
170972535
171141732
171276492
171411871
171580390
171784631
171936507
172071668
172223775
172443912
172545858
172765561
172883776
173002812
173193609
173409393
173612127
173798126
173933191
174085647
174254831
174440334
174563967
174774154
174993500
175179744
175382748
175516995
175686560
175872253
176093862
176295378
176481336
176667290
176886250
177038704
177173942
177325677
177477855
177579232
177731815
177833255
177985921
178188079
178373601
178526468
178678584
178830663
179033671
179236673
179354663
179506680
179726773
179912471
180098756
180307224
180508710
180728587
180931209
181123727
181292660
181499727
181683546
181838546
182037449
182175980
182391914
182580364
182768679
182950230
183119794
183305655
183509421
183714888
183866922
183968925
184121264
184222728
184443562
184628820
184848089
185052529
185258258
185372659
185596333
185812574
185998199
186150488
186337067
186457195
186591207
186709592
186861586
187013691
187216612
187419087
187588040
187740237
187858843
188060792
188230863
188382471
188534330
188720523
188907240
189127258
189278733
189413660
189616873
189802755
189920765
190123758
190329761
190461352
190647728
190842359
190999670
191151481
191269668
191455817
191624841
192215394
192389473
192559881
192760874
193638960
193830305
194052170
194249517
194435978
194620726
194801340
194914233
195068757
195222443
195386309
195510260
195694545
195778853
195948881
196070282
196159061
196229584
196399009
196518811
196686710
196839152
196958216
197128209
197197024
197264332
197313525
197425149
197499772
197635768
197775098
197907454
198052101
198208276
198351072
198513697
198664914
198787368
198909496
199079068
199223598
199382651
199529611
199683539
199857542
199952389
200125790
200242263
200383483
200487133
200673754
200806460
200873618
201010894
201127940
201246293
201398512
201569508
201773601
201945411
202133137
202369808
202573071
202776090
202971546
203159588
203312708
203499504
203726912
203910507
204065435
204163294
204369423
204520422
204673491
204858852
205030528
205253721
205419794
205554129
205690258
205896387
206049129
206236970
206404559
206609763
206814341
206984008
207186832
207312280
207466182
207622637
207775099
207943472
208129598
208311668
208522980
208674929
208881136
209064712
209233860
209379667
209583635
209755183
209909904
210030236
210148947
210336707
210504176
210689871
210831137
211000120
211153184
211341020
211526697
211729529
211953267
212136084
212338333
212490376
212659876
212879617
213065206
213200771
213335832
213492700
213648514
213815338
214017141
214218189
214404383
214609467
214835576
215002794
215187673
215356182
215489977
215711085
215848618
216081452
216220156
216406959
216595506
216747764
216934610
217104714
217307084
217442784
217628450
217831523
218000389
218185802
218372067
218524094
218658914
218794385
219013779
219135824
219270789
219490181
219676470
219878924
220018156
220171527
220375379
220552020
220721054
220889643
220974273
221177980
221381021
221566712
221718999
221942489
222132706
222362661
222547770
222767804
222920124
223113036
223335341
223467052
223586599
223773624
223986196
224172104
224273374
224442569
224577927
224699874
224831925
224949682
225153003
225309779
225495443
225699037
225817663
225969768
226121220
226227492
226341287
226545217
226734067
226913693
227096839
227284858
227506364
227726950
227912936
228064887
228234717
228440745
228556067
228744857
228863289
229032480
229184862
229370435
229573222
229729108
229952568
230104290
230273650
230496102
230664747
230884195
231036506
231206323
231357978
231561716
231730915
231933623
232136278
232322818
232512655
232660921
232813349
232982981
233169061
233339277
233473571
233629773
233734138
233901352
234070562
234189981
234342698
234565622
234737048
234904371
235075970
235242907
235412293
235567557
235759110
235908042
236062209
236248856
236419099
236570685
236722940
236874938
237078278
237247527
237416763
237637300
237738244
237941240
238076473
238229621
238433288
238604819
238714605
238911390
239067773
239253663
239440249
239575717
239680558
239813698
239914361
240026212
240179164
240320053
240400760
240570956
240675100
240877852
241034406
241177201
241293092
241446311
241614788
241783884
241999046
242137485
242218597
242406161
242575820
242631065
242762816
242918972
243102270
243288374
243476740
243596288
243731028
243831441
243972212
244164085
244284559
244418932
244501712
244672596
244824801
244995176
245131511
245248602
245383518
245519694
245693449
245841279
246030393
246201261
246337363
246473226
246589920
246764299
246952158
247086894
247239154
247393931
247578905
247698141
247953770
248195295
248362237
248579805
248724592
248986148
249215647
249450993
249620051
249773322
249993043
250129023
250297586
250536425
250709376
250923330
251195456
251299021
251519702
251688539
251875344
252087763
252273528
252460954
252664585
252819624
252916286
253121802
253257271
253409363
253546804
253698824
253840660
254013026
254183161
254353238
254565876
254786310
255044309
255233881
255458701
255611697
255832583
255968069
256139263
256327378
256583557
256820460
257018883
257259045
257390320
257644166
257831278
258084927
258236180
258396699
258585516
258704760
258857454
259045909
259283397
259470587
259605431
259759574
259947690
260119452
260343592
260510960
260683151
260917378
261104204
261327326
261496694
261645668
261868186
262091559
262314842
262545819
262682083
262905419
263098525
263317926
263523644
263693801
263897028
264084031
264286838
264456152
264675907
264814675
264983568
265083094
265286700
265438621
265608715
265810823
265963740
266155661
266306882
266391189
266560878
266665316
266832886
267052694
267221495
267379157
267538357
267737137
267941180
268109872
268262599
268407439
268526373
268714157
268882370
269034119
269152078
269321869
269508964
269660789
269846890
270033236
270185580
270355649
270526386
270680284
270848355
271017604
271204395
271423989
271644489
271812869
271982598
272133896
272290628
272509928
272679988
272832346
273021958
273124018
273277143
273464022
273664924
273851598
273952882
274107170
274259203
274470552
274690815
274894321
275045938
275222101
275312030
275521049
275691048
275879562
276049501
276233659
276402458
276579293
276698181
276866947
277053197
277210797
277406869
277558781
277782216
277884421
278056687
278241567
278448031
278616449
278799420
278954618
279123508
279326068
279494660
279681259
279766671
279936153
280123262
280341970
280552068
280704834
280891627
281077449
281195781
281417833
281590396
281803546
281989954
282177522
282329382
282538677
282738838
282958357
283180491
283400597
283615613
283883063
284072508
284331499
284534902
284740758
284895134
285033189
285184718
285371663
285541954
285698214
285850654
285988820
286190202
286345518
286488395
286714984
286894622
287099415
287267764
287420620
287573795
287759696
287928586
288115313
288335357
288562094
288678829
288868714
289057022
289275435
289430272
289602812
289783981
289939731
290056669
290230914
290440882
290579735
290714986
290867889
291070835
291239795
291434602
291657705
291840532
291998407
292213692
292417636
292623207
292847413
293018085
293252298
293472812
293695664
293930729
294134551
294307545
294497603
294719270
294919784
295124352
295310922
295421127
295610197
295748600
295847016
296037343
296261796
296476293
296662792
296868174
297088689
297240877
297428198
297646133
297817667
297961002
298113225
298350083
298536776
298670918
298790450
298976973
299111376
299316810
299488576
299690070
299894456
300098619
300217564
300438652
300659900
300829632
301016783
301133666
301292180
301460808
301633599
301837051
301989304
302158857
302345180
302499326
302618812
302808461
302946535
303115626
303304476
303507269
303660401
303863479
304067536
304202592
304426821
304644721
304847964
305017265
305176377
305355762
305508276
305659716
305816640
305985463
306172443
306360405
306501505
306668872
306855046
307076003
307261519
307381527
307549913
307719199
307907166
308062609
308232051
308333910
308553178
308757871
308961223
309114626
309300576
309503711
309656030
309860921
310048316
310238949
310413315
310645479
310849619
311020834
311226874
311399127
311604964
311791845
311948522
312119706
312286644
312503227
312689940
312893401
313062531
313197491
313400691
313586020
313723233
313909803
314112155
314320457
314524891
314711392
314914833
315139625
315310318
315515191
315684722
315834998
316054445
316274451
316444775
316596933
316734102
316936346
317106195
317276861
317428823
317583702
317704191
317873770
318026130
318194336
318347078
318516159
318701887
318822380
318992528
319212615
319296574
319466941
319670458
319839787
320043329
320180351
320330881
320534697
320636652
320805851
320974976
321178097
321364924
321584389
321770899
321940470
322092386
322193291
322348023
322517812
322723969
322876502
323049353
323251891
323456416
323624360
323811077
324000960
324220926
324373518
324542391
324695278
324864810
325050112
325235988
325456417
325625931
325846397
326040549
326172784
326358690
326493316
326680501
326782140
326985339
327119933
327296899
327507404
327662922
327886653
328055850
328271025
328421755
328639859
328844525
329063629
329268433
329470749
329639847
329759247
329945714
330065941
330252202
330456827
330657890
330881291
331034939
331203842
331390622
331594075
331748093
331933361
332137953
332323825
332514509
332729895
332951506
333144270
333367920
333584916
333753307
333957350
334177146
334390468
334541915
334733175
334866068
335037278
335206050
335412286
335628225
335832531
336052280
336260955
336487835
336683752
336863588
337033779
337219312
337440150
337608845
337828328
338018881
338177247
338308239
338453034
338606536
338827887
339045982
339235581
339429031
339549098
339720925
339921968
340090853
340294807
340401958
340584106
340804785
341002134
341188659
341360484
341513238
341733202
341889235
342081768
342233849
342455856
342606770
342815102
342984236
343170402
343324160
343526312
343679361
343848727
344067856
344220645
344407677
344542685
344762477
344931748
345100327
345303453
345523948
345678443
345848052
346047165
346146189
346247117
346417697
346624350
346845886
347031753
347220025
347389436
347539074
347760204
347914839
348052737
348207970
348394821
348547519
348716371
348853011
349004457
349139802
349361818
349480638
349700326
349852623
349954923
350163326
350382101
350520664
350689647
350827599
350995127
351198435
351409014
351634793
351854760
352057356
352243613
352380760
352484625
352582909
352787031
353012100
353229315
353380559
353554243
353705559
353874819
354061377
354181079
354333064
354552392
354707891
354890712
355095517
355281924
355451287
355554707
355725122
355959325
356127466
356283938
356405926
356578352
356777123
356931205
357134645
357277287
357466645
357652291
357805222
357973312
358143347
358312168
358482276
358668614
358855898
358959595
359144159
359244065
359396408
359565737
359666931
359819939
359989850
360229211
360450927
360626432
360764922
360970071
361140697
361346760
361515504
361665789
361854739
362054728
362256934
362477657
362700349
362851419
363078042
363247343
363436836
363624313
363793588
363912150
364098087
364236494
364405453
364608583
364827960
365048705
365199680
365319539
365490154
365659779
365836235
365954724
366059764
366264553
366418858
366569363
366759270
366913184
367048666
367201582
367387453
367610106
367745290
367933148
368156372
368306784
368509007
368646437
368839592
368973041
369178720
369362218
369566179
369734750
369904535
370131706
370318054
370540931
370758839
370978793
371164831
371353615
371506317
371747095
371902062
372072192
372243514
372461112
372604266
372794663
372931246
373085051
373286829
373506859
373667024
373852525
374055693
374242721
374412622
374584376
374777658
374998742
375201452
375387837
375567239
375770915
376009395
376179452
376361929
376550480
376770103
376959328
377161888
377297834
377483990
377585968
377789508
377930381
378069803
378225847
378376705
378546091
378666145
378819235
379004917
379140507
379292977
379461728
379631771
379800663
380003759
380156446
380360576
380580537
380783119
380970613
381173163
381377541
381545588
381698550
381918802
382069841
382213363
382403199
382555089
382690824
382911472
383136408
383289718
383424048
383612220
383764475
383934503
384154185
384322832
384531069
384755682
384939920
385076800
385278382
385463912
385666962
385821931
385940578
386127339
386296289
386434696
386571783
386689003
386807709
386994080
387164296
387383880
387537745
387690148
387876760
388062687
388267823
388491244
388714726
388952503
389122115
389292783
389461266
389652364
389819676
389951708
390138553
390273637
390446667
390598954
390772898
390983171
391101260
391245670
391380752
391550380
391705315
391876375
392045561
392178297
392397228
392552227
392742125
392962573
393131849
393303674
393475749
393662061
393848081
393971212
394177103
394329794
394468847
394655483
394868885
395055850
395241511
395463036
395687627
395851760
396068474
396287784
396456882
396644135
396848494
397001028
397219661
397374708
397576046
397679000
397830438
397984488
398204326
398423549
398594513
398757758
398964333
399167502
399320155
399540206
399733815
399886171
400008457
400214443
400383884
400605495
400807271
400986558
401203117
401406603
401622274
401792534
401978770
402183955
402404066
402538940
402757941
402893421
403033755
403231870
403401632
403604985
403807438
403962212
404167988
404303681
404456287
404626645
404829773
405033391
405220477
405411338
405632693
405852925
405971920
406107769
406264585
406463888
406668475
406889676
407059499
407195059
407364133
407516912
407661226
407856624
408082729
408304004
408472553
408641517
408861419
408947911
409151544
409303422
409509588
409679368
409832075
410051485
410208401
410410882
410532489
410703122
410879647
411077568
411280980
411467142
411669274
411838508
412018461
412170594
412313980
412500133
412635452
412821691
412974846
413111063
413312205
413449847
413604872
413718842
413890247
414060043
414228789
414432830
414584240
414736060
414854890
414990874
415143375
415362438
415514594
415668345
415874074
416043408
416164005
416333299
416468189
416672031
416808444
416928916
417153397
417344479
417551765
417746818
417915899
418102259
418289721
418492053
418678457
418877176
419066330
419235813
419407289
419598804
419697983
419816586
419952163
420053240
420192027
420294388
420446392
420617332
420800570
420935928
421124831
421273374
421443107
421632595
421729849
421916964
422095288
422180985
422349577
422489417
422638459
422826293
423026911
423231455
423400300
423469707
423569915
423688102
423807394
423961173
424046403
424231366
424400558
424570691
424707237
424874301
425010303
425180132
425348999
425562842
425766146
425935052
426103736
426274146
426412258
426528639
426650101
426785137
426987851
427140381
427280795
427433466
427602388
427771720
427906345
428051340
428257512
428461411
428578966
428714575
428834321
429003340
429189118
429393393
429561539
429697456
429804521
429978326
430125305
430243680
430414059
430515130
430737081
430873369
431077746
431166369
431314791
431432657
431618965
431804615
431939832
432144044
432313068
432520539
432690945
432843489
432997757
433185803
433338416
433494679
433630079
433815737
434019063
434226418
434431179
434616855
434819440
435022954
435191821
435377587
435547630
435767767
435984141
436176621
436328964
436514594
436701536
436856399
437033950
437220103
437371946
437592188
437794853
437963967
438168041
438370374
438523764
438642261
438831336
439002606
439115998
439318807
439473533
439660092
439879941
440066265
440252655
440405136
440541561
440760370
440916059
441067885
441222349
441406238
441507270
441713154
441849070
442055695
442256615
442459311
442611890
442763760
442932430
443033942
443202879
443340185
443508572
443689320
443858160
444027443
444163218
444317508
444470889
444625903
444812236
445016325
445151595
445321591
445422701
445644509
445760217
445929434
446064742
446251534
446402890
446623514
446792512
446981758
447152702
447352948
447491364
447640292
447816269
447951815
448104198
448291620
448446349
448597935
448819137
448971930
449175008
449292910
449479264
449684045
449766547
449871535
450071495
450217942
450416406
450603180
450806367
450958173
451110619
451247174
451448472
451651591
451854188
452082692
452253341
452400672
452501445
452670174
452858161
452992859
453128637
453297834
453466380
453568538
453721309
453856426
454008518
454162347
454333347
454469677
454624262
454807773
454999739
455203065
455310933
455494352
456861462
457082224
457276659
458262827
458480396
458650093
458818634
458988006
459163050
459360943
459505525
459655181
459840132
459976874
460111597
460230693
460431045
460504715
460606371
460781320
460964506
461049866
461154538
461275656
461476158
461577470
461665841
461850185
462018697
462193570
462361604
462495715
462647396
462817181
462987736
463144974
463326040
463512030
463702224
463852320
464020540
464159014
464262099
464445905
464604397
464728015
464859126
464997763
465119150
465234481
465384963
465565954
465721615
465823970
465978370
466149397
466291018
466486748
466707893
466916348
467123428
467308481
467464850
467615506
467767337
467919417
468106988
468241444
468412046
468581665
468760771
468961196
469183976
469385080
469571095
469740426
469911428
470079097
470234645
470421302
470592167
470761562
470966708
471102808
471277264
471399992
471568738
471789833
471997267
472207691
472359779
472494637
472698140
472852249
473005007
473175950
473361986
473564931
473733643
473874281
474009331
474213795
474382450
474601930
474772402
474924952
475148430
475281901
475487420
475671667
475855629
476075274
476210644
476380395
476533016
476734805
476944901
477165161
477317049
477469032
477604296
477708678
477911019
478082122
478291301
478446712
478585190
478815981
478951826
479053447
479206148
479353654
479492571
479654962
479808075
479993544
480077972
480265164
480454667
480653414
480821801
480990853
481148592
481379634
481535808
481636998
481828759
481977709
482146075
482314919
482484106
482673558
482804377
482957661
483180937
483328619
483518198
483717246
483937305
484106881
484260920
484412582
484633824
484819903
484989090
485141028
485326927
485430132
485633510
485855180
486062231
486192858
486364801
486504996
486674589
486860068
487012238
487232060
487421865
487604904
487722177
487873917
488061502
488271367
488487445
488707468
488859396
489033378
489185640
489388035
489592361
489760968
489930983
490099819
490268454
490406762
490558978
490711771
490881808
491001177
491219962
491388777
491575279
491702453
491905591
492058235
492264332
492368085
492502126
492671440
492893909
493084427
493237333
493355685
493490704
493642729
493777514
493914949
494135134
494304964
494510503
494734349
494967795
495204392
495390925
495559196
495703788
495855993
496024718
496232573
496444272
496643927
496880192
497032744
497256092
497439596
497574425
497726786
497863403
497998826
498100331
498285910
498489717
498675404
498793961
498946426
499098205
499324717
499472580
499627966
499796576
499972671
500162204
500366787
500567636
500770989
500960996
501114636
501286854
501490535
501642552
501829580
502016665
502152317
502342716
502533050
502669194
502895312
503065668
503217464
503369716
503470227
503608442
503792650
503930715
504030410
504131847
504241530
504359485
504461030
504579055
504767241
504938389
505092793
505246580
505456049
505646383
505781995
505956211
506073851
506247250
506417501
506559547
506755322
506893444
507016618
507203881
507322249
507456063
507575119
507746741
507896995
508067204
508227169
508413280
508615535
508769429
508894636
509013265
509163705
509333952
509453285
509641817
509795123
509902189
510070873
510232539
510402290
510519309
510689823
510909188
511076170
511232919
511402024
511572554
511689861
511876581
512045659
512181710
512320349
512417277
512588587
512790260
512946874
513169964
513403800
513573655
513742250
513895992
514082088
514270451
514405409
514607975
514771785
514995499
