0
30460
64969
99907
133475
168230
199074
234542
266369
301998
333861
368070
400644
435146
469537
507172
534453
568976
603889
637320
668921
704027
736381
769489
807315
841558
871713
905780
939579
974313
1007162
1445634
1651196
1865763
2063568
2305855
2545381
2710372
2943394
3115873
3319983
3560915
3757637
3992064
4168859
4401473
4601308
4806061
5039297
5246167
5408076
5610596
5811939
6049645
6256334
6489554
6720423
6956410
7192224
7429743
7669556
7872231
8107114
8278591
8480813
8682416
8883432
9081866
9290674
9520790
9759954
9962892
10160300
10363149
10597803
10800962
10975250
11204798
11409185
11645146
11910915
12154864
12390364
12624766
12824635
13092218
13294872
13528082
13697856
13897354
14098893
14337541
14571680
14803360
15008026
15208885
15408588
15644715
15846860
16081190
16250534
16453376
16692995
16921104
17123657
17256359
17462654
17662481
17899189
18099824
18303941
18500972
18710419
18839325
19073986
19311000
19479871
19649628
19881102
20083549
20286437
20486510
20694165
20890313
21126441
21362134
21561392
21796184
22004750
22199515
22411796
22642565
22809421
22946282
23179315
23382957
23585156
23818762
24019893
24222150
24429100
24625556
24858319
24993884
25227857
25440073
25668388
25869030
26072251
26339762
26576954
26808723
26977961
27178031
27381688
27618212
27821255
28022053
28187294
28396146
28626920
28862112
29100099
29294750
29496361
29634186
29901973
30106589
30342292
30608353
30815176
31013528
31211555
31417404
31621822
31790227
32027345
32230043
32461604
32665603
32898111
33137129
33368024
33569204
33774250
33972091
34182151
34375947
34579363
34779314
35021008
35220690
35460202
35664467
35870871
36033342
36206164
36435507
36671736
36881017
37074326
37311568
37514263
37713921
37951565
38158998
38388042
38562234
38758220
38994191
39194793
39428543
39664772
39885042
40086575
40317833
40520503
40723717
40957581
41124054
41226521
41462652
41703349
41942599
42134031
42374185
42572888
42808136
43014756
43218104
43422205
43659029
43825053
44000222
44198441
44409303
44600945
44701399
44936144
45172572
45313318
45574360
45748896
45986819
46215972
46428001
46586204
46821808
47022258
47259446
47431260
47592374
47768529
47965310
48165605
48401375
48606829
48837879
49041205
49242015
49453742
49688649
49917716
50124942
50325198
50521765
50755091
50891217
51095140
51259115
51499767
51734067
51969973
52205757
52380689
52576648
52780254
52981592
53114706
53350155
53584695
53787359
53987219
54224146
54425258
54662283
54898212
55132497
55333136
55571463
55774752
55941230
56145232
56377309
56576713
56813062
57015520
57250182
57486384
57691225
57892012
58101092
58330322
58539601
58741592
58977447
59218259
59413727
59614797
59788457
60022532
60193518
60429906
60630863
60864612
61032666
61201560
61403459
61636272
61811812
62008034
62208051
62411498
62591751
62786038
62991309
63224397
63458812
63727772
63938102
64175712
64400569
64668827
64848446
65070411
65309740
65515653
65779316
65979123
66214699
66382719
66583510
66818853
67054561
67260924
67427119
67634555
67834561
68035178
68274373
68508359
68740636
68981862
69179860
69414592
69656397
69818329
70052193
70256484
70456862
70623300
70860333
71094400
71295659
71532995
71737439
71939306
72140424
72351727
72626758
72826062
73060700
73295833
73534679
73732869
73900833
74135307
74379393
74611330
74808336
75013890
75214692
75449244
75584765
75819630
76018737
76118756
76324670
76524031
76757523
76967443
77198063
77428862
77636877
77834007
78075359
78271973
78476225
78647075
78843633
79044823
79279360
79515592
79754284
79989974
80219332
80424743
80623394
80824276
81023480
81230843
81461636
81676870
81875002
82110037
82344891
82576833
82712162
82944775
83124284
83356365
84348295
84618003
84749905
84919779
85104626
85305598
85468230
85635821
86046943
86241256
87052921
87252613
87426702
87589569
87791399
87994473
88198118
88364485
88599095
88767423
88867509
89038151
89204971
89375636
89575015
89748399
89911881
90114363
90279347
90483593
90685887
90922606
91054458
91256951
91459174
91626480
91829256
91896256
91995416
92163314
92368491
92568026
92739045
92942424
93119389
93281198
93461738
93651473
93872497
94078022
94224451
94425555
94598768
94766937
94971217
95137618
95340817
95541098
95744455
95850079
96047408
96248102
96416411
96583106
96785962
96930781
97125521
97327165
97493257
97696864
97867262
98068451
98301872
98543076
98807115
99072573
99311276
99478765
99713271
99915213
100155650
100389395
100624224
100896262
101127567
101365061
101598431
101766753
101968291
102204891
102407969
102578394
102810577
103044905
103280546
103518435
103749794
103953484
104191458
104390959
104659845
104833266
105067012
105276968
105538659
105774146
106009595
106211159
106411838
106618364
106815163
107025887
107198445
107433219
107640234
107872414
108073559
108244233
108409992
108615416
108847833
108997783
109223002
109424179
109628752
109796539
109998555
110230346
110467131
110670290
110901784
111103349
111349660
111579337
111813419
111984253
112187558
112361743
112589672
112823877
113059387
113298042
113496972
113733846
113934924
114138876
114377849
114606444
114808097
115049833
115144736
115349906
115547796
115784143
115987753
116201213
116403672
116636435
116838273
117043308
117241676
117476429
117647572
117878730
118015053
118248702
118452202
118690504
118923241
119095375
119295174
119494138
119697130
119897201
120107249
120268444
120467047
120703456
120906375
121115441
121342932
121580156
121788633
122021533
122195573
122365417
122580059
122817560
123017828
123253172
123455511
123627742
123792313
124030262
124226428
124463474
124667804
124932782
125172105
125371077
125606153
125845908
125942200
126178934
126415815
126613672
126819305
127051244
127251765
127526212
127726816
127926898
128132958
128296100
128535629
128735818
128902248
129143749
129306685
129544754
129741794
129944292
130112410
130312532
130516815
130748824
130985167
131225742
131388967
131561789
131828690
132063308
132299896
132467114
132702630
132872381
133109631
133309640
133547743
133748051
133982047
134186000
134357387
134557400
134756771
134991029
135196312
135432295
135669059
135837179
136037742
136243738
136442808
136678488
136914967
137150523
137386231
137587825
137859836
138057927
138296446
138494791
138729514
138971555
139199724
139400738
139569993
139803195
139978288
140174705
140374721
140613039
140813224
141047355
141285703
141451122
141688985
141889859
142090769
142293477
142526591
142728697
142895411
143097936
143199382
143435719
143640369
143875399
144111751
144351226
144546359
144750905
144954967
145188452
145387068
145623214
145822693
146031263
146227045
146462583
146667657
146900723
147103283
147338949
147609589
147815099
148055770
148317734
148519198
148727876
148957885
149167072
149400798
149562119
149763664
149964094
150200261
150408291
150635458
150846501
151042343
151206644
151381052
151616422
151858734
152095515
152321005
152529023
152767483
152961928
153161298
153363800
153565932
153803550
153968958
154211602
154407627
154641822
154845270
155012355
155248049
155419028
155651239
155852795
156054290
156286452
156462242
156621932
156797058
157027957
157235540
157433484
157666602
157809174
158038493
158247415
158443899
158677124
158944521
159185694
159385790
159554947
159756975
159959501
160166576
160395850
160605373
160799128
160968256
161136502
161371299
161613527
161846515
162043901
162244659
162414530
162650119
162860824
163089226
163323024
163530423
163794975
163996722
164199372
164398150
164641005
164877764
165007668
165173610
165375155
165611796
165846186
166088472
166291810
166460060
166632679
166829669
167033965
167268456
167402618
167605617
167804190
168013710
168246565
168448363
168692415
168885570
169091916
169292206
169530324
169707160
169903133
170101446
170274679
170505431
170673509
170873990
171076402
171311402
171546488
171745634
171958348
172184232
172389122
172584297
172820236
173090661
173328328
173527733
173735931
173930717
174131381
174340078
174572719
174807901
174979682
175176947
175417250
175654553
175916649
176151362
176354184
176523001
176762089
176960470
177169877
177370380
177572184
177783807
177977619
178246326
178478775
178715318
178948642
179184733
179418271
179655861
179856162
180091644
180330945
180528199
180729769
180905337
181106334
181348697
181547434
181755428
181995121
182229250
182465140
182700085
182931895
183101940
183335669
183536158
183707589
183939124
184112522
184379683
184613823
184858001
185089332
185284961
185525381
185727335
185962517
186163051
186366842
186599361
186771153
186900773
187108781
187339767
187475229
187641328
187880590
188119865
188347148
188552194
188751801
188986533
189188320
189406628
190723348
190964583
191066331
191231204
191471015
191673668
191874186
192416288
192583818
193427387
193598925
193798778
194002388
194198541
194376407
194574605
194742032
194943117
195118152
195312649
195451083
195646584
195847433
196048211
196184922
196351755
196562737
196803793
196966414
197142719
197235850
197403354
197572680
197749952
197981377
198158270
198349163
198542563
198756980
198927357
199090409
199328861
199530561
199704134
199907418
200141799
200310577
200520377
200681725
200861218
201056159
201225666
201357902
201560792
201794716
201967792
202133390
202308338
202468810
202669645
202844759
203046584
203247581
203419176
203626389
203830032
204033086
204199484
204404500
204640168
204872391
205073949
205249077
205444894
205678081
205879256
206051502
206256594
206490898
206722384
206931674
207063765
207273899
207499532
207736544
208002612
208238674
208455484
208686607
208926032
209125927
209324675
209566531
209766703
209972576
210204960
210442473
210672721
210910812
211080400
211319264
211514365
211687218
211922754
212056174
212223017
212461710
212673507
212907612
213142040
213277824
213481512
213650299
213850794
214084330
214286097
214486506
214693214
214899298
215100195
215336976
215571874
215775386
215985796
216221878
216458041
216696566
216928407
217173680
217411467
217643078
217813880
218049312
218216666
218384145
218624404
218892078
219127976
219366498
219599212
219800954
220076864
220281657
220513662
220749967
220982481
221216898
221459617
221657143
221862033
222094976
222296638
222430240
222629016
222866326
223100399
223333514
223536082
223739997
223910035
224114086
224346372
224582803
224827727
225054908
225289904
225526784
225760835
225928968
226132061
226334676
226533424
226769686
227006229
227204045
227405955
227611529
227814201
228013133
228212832
228383297
228616929
228855057
229053007
229256384
229423492
229593577
229829199
229964761
230186061
230448944
230653771
230822558
230990621
231232456
231461208
231697701
231934109
232170704
232372716
232577165
232847660
233075687
233247984
233520311
233751653
233953392
234154935
234355426
234524460
234725119
234930826
235162401
235396242
235632008
235802995
236002638
236206493
236404725
236616121
236879205
237077373
237311023
237547739
237783122
237988805
238155993
238358760
238563429
238799813
239036858
239171972
239438908
239644569
239879176
240081093
240318281
240549724
240785593
240991646
241225381
241461425
241668987
241934472
242099666
242275489
242477254
242686386
242879007
243113811
243352548
243582942
243818206
244025340
244257995
244492640
244727187
244895279
245097203
245371118
245601143
245803508
245970834
246171826
246381311
246611114
246848839
247054698
247254514
247456325
247658383
247892775
248094659
248329810
248529473
248766065
248966685
249207309
249379317
249511015
249711624
249944529
250084593
250313606
250484976
250684514
250885926
251092694
251287275
251529246
251698726
251932393
252173862
252377137
252615752
252847244
252981605
253188816
253424714
253623002
253826885
254059176
254296344
254572783
254773426
254977461
255177823
255384151
255594205
255751205
255985601
256188257
256359671
256562371
256761704
256994945
257274290
257471153
257703096
257909070
258145772
258378455
258622303
258780098
258956033
259152504
259385461
259587416
259756558
259992869
260204046
260429161
260597714
260834058
260998726
261168417
261402979
261645043
261882259
262111565
262317852
262512727
262747049
262918957
263152333
263326721
263490308
263691519
263897862
264061804
264294200
264533649
264767344
264942719
265179394
265388703
265625319
265794227
265994214
266200174
266376660
266571257
266806664
267045419
267242630
267480525
267651843
267885822
268061520
268298889
268495313
268736500
268971118
269165523
269405757
269647925
269843890
269945891
270178436
270383706
270594808
270792229
270963645
271162594
271397603
271600361
271835514
272008511
272240880
272447846
272680915
272846430
272981178
273179096
273354534
273584644
273818689
274028188
274221210
274423770
274668873
274866053
275103088
275302558
275476637
275711298
275941424
276148079
276346547
276491724
276721399
276884569
277118183
277291420
277460603
277708141
277876193
278042853
278279358
278517503
278751311
278981869
279149055
279389225
279620321
279862541
280096545
280325842
280532508
280768986
280963389
281204269
281400763
281602185
281809521
282011349
282216351
282378982
282550920
282746834
282914175
283121228
283349944
283587378
283825430
284025896
284237184
284430284
284630384
284864634
285032186
285202983
285369416
285539921
285706478
285873789
286109917
286316086
286523561
286756072
286956554
287125457
287332985
287567331
287803803
288004368
288207412
288410205
288641528
288812641
288978974
289184600
289381434
289625642
289854024
290051290
290292451
290488737
290688506
290863312
291092673
291328083
291563026
291764589
291969275
292211343
292406023
292647761
292843381
293045394
293180541
293379451
293580633
293750400
293990042
294227118
294456674
294661484
294901221
295135680
295374757
295582312
295812366
296017483
297128568
297366603
297530686
297732257
297934696
298140608
298335714
298812374
298978806
299822227
300013209
300249892
300454649
300656478
300856928
301058910
301224957
301372972
301562817
301763668
301896892
302099176
302300274
302506428
302672596
302846006
303074992
303248832
303381517
303585256
303722341
303921523
304123489
304359881
304531754
304729791
304931989
305133687
305336741
305546790
305739390
305912085
306112508
306348777
306481393
306683968
306891229
307119044
307290089
307489268
307622658
307858191
308059434
308263991
308465432
308630909
308867254
308968895
309173817
309339134
309543958
309743723
309979115
310151874
310321454
310554140
310691587
310932073
311160977
311371837
311544388
311740059
311976560
312212941
312448906
312622618
312890393
313124807
313322784
313527582
313760137
314003251
314251764
314515485
314758367
314960500
315160891
315397431
315600867
315835308
316040777
316279161
316511795
316711877
316948962
317148580
317383724
317587368
317819442
318027276
318192740
318424669
318629529
318864607
319035967
319266533
319467189
319708923
319904648
320142576
320343663
320577129
320813565
320947315
321116287
321315637
321515005
321756882
321963970
322164291
322398836
322597109
322796638
323075832
323302464
323535197
323744580
324010692
324247256
324451385
324652285
324886943
325105976
325335046
325571403
325787197
326022602
326223519
326460862
326692164
326927723
327132514
327367729
327571598
327809620
328040774
328242124
328445090
328679320
328915353
329118134
329353382
329557514
329828957
330061343
330303264
330535142
330707940
330943853
331146444
331344118
331548943
331750554
331951610
332156176
332356109
332589125
332829973
333028995
333263859
333510250
333643294
333847696
334012989
334247298
334484936
334720636
334956306
335192158
335391713
335562615
335763909
335962078
336167279
336365363
336574195
336739887
336840133
337074683
337247838
337476976
337715414
337926302
338160378
338393703
338623313
338796253
338895541
339100264
339334469
339572251
339771933
340010249
340244504
340446710
340647533
340858004
341097563
341196329
341397946
341597802
341832115
342033986
342244392
342443870
342682610
342884181
343057255
343294683
343456788
343666852
343895246
344099265
344335582
344567611
344765682
345013718
345209258
345478325
345684068
345883136
346097768
346303418
346500131
346705121
346937644
347209064
347411514
347647389
347880212
348055289
348248196
348487701
348689472
348859781
349092602
349297320
349530422
349701346
349868928
350136284
350371488
350538147
350746688
350978241
351208414
351446295
351686239
351922075
352120269
352323725
352525407
352731691
352962792
353197236
353369033
353571578
353776966
354006354
354174578
354311030
354552155
354757030
354991928
355224001
355464560
355628620
355830457
356033120
356267887
356449747
356651957
356888460
357161532
357357548
357559243
357795575
357961229
358130889
358365870
358607899
358738581
358939837
359147999
359378241
359579965
359818924
360018956
360252276
360457706
360690126
360924437
361093897
361295451
361466388
361665539
361873813
362102030
362278731
362516426
362748857
362952134
363189340
363389429
363562907
363759445
364005517
364263469
364464733
364699249
364884797
365119157
365292595
365493708
365701355
365903132
366101941
366279105
366471557
366643169
366851817
367060118
367292986
367456699
367690686
367892635
368101395
368306882
368535006
368649323
368875260
369109084
369345689
369581232
369815524
370018183
370251843
370486563
370694441
370893859
371101339
371264815
371438054
371673398
371866426
372068766
372272029
372504570
372683680
372907669
373116922
373317185
373517055
373720253
373887693
374090215
374325568
374559395
374727183
374962787
375196727
375432809
375668831
375877067
376078602
376245048
376446280
376650574
376881974
377085905
377320078
377556022
377757473
377992298
378164194
378361862
378561135
378766581
378932406
379176945
379371183
379605686
379808494
379942592
380190561
380355825
380624868
380866903
381104200
381329460
381599150
381778823
382037043
382270671
382444499
382641768
382845145
383080562
383311748
383558174
383797016
383988656
384231155
384465936
384695833
384901607
385135417
385341558
385545534
385746641
385983598
386189297
386391852
386527784
386725882
386969052
387179560
387338465
387541317
387754917
387959768
388197696
388391674
388635444
388869774
389095749
389331714
389566415
389770247
389910101
390176879
390410276
390676904
390810861
391018016
391224872
391418167
391658111
391856345
392056928
392261521
392499831
392675358
392911630
393108576
393309360
393511703
393711358
393881794
394046566
394255764
394454594
394693317
394891718
395093307
395329789
395531193
395634723
395835221
396070857
396280998
396514432
396722142
396922306
397119134
397320601
397490536
397727206
397926861
398163938
398363319
398566186
398768108
398976461
399204317
399440543
399648082
399876880
400083240
400317864
400515871
400758598
400989162
401185963
401387828
401591425
401724763
401925520
402126737
402334712
403363648
403603528
403768988
403905909
404105633
404271953
404440527
404610772
405053932
405179714
406060220
406284680
406486652
406693118
406857956
407027643
407200350
407294625
407495656
407671677
407871931
408078866
408240473
408416467
408576611
408750666
408945506
409181776
409347902
409549494
409757581
409952385
410188487
410355339
410558016
410729904
410830182
411032520
411273894
411476900
411656106
411849016
412052397
412253325
412462617
412664605
412901186
413071246
413276573
413482631
413647414
413747213
413881126
414051280
414219467
414353573
414521208
414757987
414937409
415065877
415268969
415436085
415602578
415773082
415975466
416177942
416343660
416546223
416783351
416982446
417152696
417386782
417591813
417790639
418059865
418295739
418531529
418765742
418972753
419142326
419343542
419550359
419783723
420018145
420221983
420453486
420690262
420894744
421128578
421365101
421570645
421833460
422068435
422309461
422515796
422746415
422947646
423186391
423384795
423592209
423786513
424026303
424230053
424430284
424699884
424903757
425103027
425278095
425543893
425776982
426012590
426248290
426448353
426683528
426884547
427097047
427265733
427398337
427565167
427798945
428035097
428239258
428471013
428683580
428919886
429122586
429294947
429524535
429696646
429899421
430133535
430367819
430572407
430806087
430978444
431178073
431378956
431585054
431752654
431986068
432226394
432462655
432663505
432867891
433067719
433266816
433438331
433643760
433839738
434049071
434245697
434446303
434682937
434882662
435059149
435254516
435452875
435661510
435889016
436092690
436293217
436493934
436696276
436930632
437165470
437407140
437605576
437807222
438045483
438248142
438481442
438685693
438815963
439017977
439222351
439430656
439594517
439828625
440103898
440300724
440532020
440704933
440936296
441170860
441410945
441641859
441878037
442120285
442324901
442560715
442797448
442970026
443184846
443315725
443551683
443790392
444023016
444225625
444461262
444662906
444860878
445098779
445267386
445504540
445704672
445869168
446071100
446245450
446477460
446710790
446882726
447083611
447286260
447527164
447692053
447928051
448163292
448368273
448567786
448771599
448976626
449111708
449345030
449577574
449816181
450047079
450250245
450451645
450684938
450822107
451023300
451191974
451393198
451601862
451802191
452039430
452273015
452479683
452678872
452921750
453127941
453325848
453566927
453799294
454010883
454248039
454445711
454649302
454885305
455155379
455386829
455604564
455836521
456072411
456312045
456508859
456709618
456948099
457180516
457386835
457586300
457787366
457956434
458156425
458360125
458597725
458866223
459099325
459339307
459535785
459774593
460023133
460248533
460484317
460690119
460886096
461087584
461292042
461527734
461728724
461933018
462132556
462370545
462600951
462781494
463040858
463276427
463439839
463677441
463911516
464147358
464351295
464548762
464723280
464919074
465153679
465391100
465622498
465861868
466061741
466268374
466443384
466672526
466881075
467117414
467346644
467582503
467788884
467982625
468153503
468352743
468587460
468795008
469023100
469231165
469467134
469696317
469905676
470144367
470370531
470603393
470810989
470975118
471212395
471380399
471586384
471748232
471922223
472085255
472321268
472523128
472724302
472935111
473175363
473363480
473566603
473771157
474005050
474208955
474445022
474678447
474882775
475115322
475350324
475454125
475687764
475924093
476195830
476395593
476639159
476829231
477032500
477232947
477434428
477647997
477839347
478074126
478273792
478476962
478679614
478850567
479048447
479284616
479490585
479720022
479895997
480124893
480357610
480528359
480762542
480962448
481199773
481433466
481633985
481871782
482106699
482308592
482507893
482711452
482946068
483148033
483357701
483551978
483821203
484029357
484187486
484424787
484658090
484861348
485035771
485266405
485465993
485702920
485945727
486174456
486339909
486541572
486774808
487011068
487211180
487413078
487681840
487881835
488081819
488485183
488726977
488966079
489158591
489360646
489564732
489799431
490036225
490236118
490480699
490683784
490884640
491093842
491326414
491590243
491825497
492060737
492296695
492402097
492570987
492805003
493016178
493176588
493410964
493646054
493881181
494121033
494387959
494554680
494796905
495033781
495225593
495474155
495704904
495899592
496141245
496379382
496571576
496815624
497012922
497247268
497387812
497594200
497832983
497963245
498231190
498470894
498676359
498848977
499054116
499289628
499533454
499727478
499899820
500110444
500310810
500548390
500781864
501014004
501229238
501465479
501659698
501860201
502065273
502298966
502473642
502700702
502867838
503073013
503274161
503445195
503643641
503846666
504080558
504283410
504450843
504691024
504860139
505059989
505265347
505502569
505696118
505937743
506135807
506336762
506614404
506847141
507040793
507281538
507445936
507646597
507884952
508057782
508297011
508494910
509722074
509995007
510164152
510367001
510569051
510770837
510972044
511415549
511578497
512418573
512585808
512756507
512951384
513151251
513357837
513560514
513767164
513962462
514161797
514363073
514530016
514733561
514901987
515108725
515304465
515536544
515706189
515906439
516077544
516311709
516455224
516645669
516881236
517055021
517262329
517422616
517591329
517761161
517928745
518163115
518366182
518582143
518816471
519006063
519214604
519415934
519584351
519722587
519896771
520097995
520299483
520433884
520634859
520871416
521072600
521288142
521520534
521719798
521921501
522127894
522297000
522498411
522703196
522872502
523073880
523276233
523444474
523678688
523923202
524158865
524359820
524530353
524763875
524964413
525166981
525365455
525574818
525803507
526009864
526246711
526377892
526563397
526800819
527008067
527244994
527480787
527681449
527882692
528085744
528320926
528556065
528788724
528994071
529226953
529460763
529696499
529932633
530168798
530333177
530535273
530705620
530906993
531106318
531316451
531484579
531718029
531919124
532152814
532386490
532591558
532826665
533059287
533295268
533495636
533731723
533967759
534169038
534405409
534608683
534808601
535029880
535155980
535362747
535593494
535828608
536035328
536231842
536435758
536672046
536837923
537109455
537309782
537544645
537747993
537949106
538148551
538393031
538620491
538826330
539062663
539296046
539499906
539737541
539966875
540135419
540348968
540549338
540782998
540953020
541188536
541390190
541626105
541830144
542065627
542265063
542469220
542636891
542872041
543075452
543310268
543512148
543679616
543881939
544086300
544319779
544583781
544721242
544924048
545100383
545338826
545570850
545817371
545982697
546184629
546421194
546620865
546854131
547091416
547327813
547566984
547695616
547931526
548137844
548368894
548570726
548775820
548975380
549185419
549414396
549620515
549865672
550060043
550261793
550463677
550666927
550871350
551068586
551271107
551505268
551677501
551880398
552078306
552279254
552454277
552692215
552896367
553063836
553300971
553401637
553632843
553835063
553971336
554211066
554408186
554642983
554881230
555078838
555279773
555484231
555683857
555886269
556119348
556259142
556467860
556700553
556938604
557135472
557339124
557545178
557709481
557876872
558112257
558312927
558481078
558648201
558818583
559029523
559269321
559442330
559650019
559878642
560116390
560346470
560584986
560818453
561025828
561199661
561403548
561569755
561804972
562043523
562276840
562546155
562714677
562951045
563152438
563374678
563571098
563737812
563909317
564145825
564347585
564583938
564785136
565018986
565250687
565452151
565654828
565891212
566094712
566335300
566567795
566777562
566980697
567180640
567384139
567584760
567820629
568026639
568226948
568430699
568594606
568829677
569078928
569277670
569481261
569683155
569885077
570088554
570256094
570487305
570695285
570892915
571095318
571334789
571467168
571666195
571836584
572100150
572302832
572538642
572775488
572919789
573079288
573311780
573487150
573696282
573867089
574066122
574273034
574514043
574741412
574949249
575146557
575318109
575520683
575751342
575975001
576208513
576437183
576672892
576907412
577075733
577243235
577414165
577652083
577847742
578083248
578256711
578460393
578626780
578864456
579100931
579305300
579504462
579704505
579874051
580075086
580276437
580478754
580748040
580921857
581116666
581322579
581557530
581792325
582031278
582194410
582395203
582602422
582801478
583049356
583279699
583510718
583746384
583951150
584181050
584387869
584625138
584786967
584962671
585157901
585359977
585596834
585829670
586069879
586268596
586506226
586745764
586940512
587174489
587377950
587579357
587814615
587987799
588182638
588382800
588626844
588860174
589062804
589232708
589439047
589675591
589871843
590074091
590275674
590508833
590712403
590882002
591079866
591214931
591416811
591618328
591821195
592028513
592227947
592366931
592629021
592832410
593042243
593271214
593478619
593677226
593907776
594077971
594314450
594549071
594727687
594953787
595159809
595359306
595592815
595832006
595993868
596167437
596362898
596597930
596798460
597034128
597268194
597509209
597706293
597909524
598111204
598343766
598547521
598759415
598954150
599157593
599391472
599592754
599828779
600064278
600263674
600498953
600735514
600936613
601174108
601374337
601545196
601746107
601982963
602186495
602385599
602587373
602798662
602934913
603142478
