0
7809
36809
73058
105015
138919
170764
204806
239514
273278
307381
343406
372075
406356
440437
474624
507517
540678
574621
609174
643516
679002
708717
742781
777234
810115
844687
876502
912107
946811
980248
1016393
1719948
1955594
2158209
2424895
2661129
2863446
3098494
3304259
3538620
3771881
3973658
4206242
4407813
4610447
4810854
5017922
5251800
5489451
5690700
5856804
6065352
6264760
6498219
6670404
6903153
7104941
7205317
7339568
7575976
7774844
7976951
8177296
8381475
8581297
8782645
9021512
9258842
9498769
9730828
9932678
10167722
10404949
10617103
10818439
11018474
11185786
11422369
11636389
11870284
12105739
12340647
12548221
12782593
13020963
13157052
13321656
13554725
13757992
13971917
14203804
14408800
14643841
14854077
15053055
15253353
15462825
15692037
15927442
16064413
16298437
16501853
16701246
16936778
17138923
17345499
17582530
17785220
18015219
18230427
18365394
18629835
18866398
19102605
19371239
19543880
19776541
20009211
20212676
20446760
20648849
20884899
21054374
21257293
21494779
21732322
21967196
22208237
22445931
22647099
22883501
23116368
23289900
23522485
23723692
23925255
24128451
24336009
24540059
24707984
24907667
25142514
25278062
25482789
25714453
25915880
26148958
26386669
26588200
26821214
26993956
27192216
27423385
27625854
27863979
28067987
28271279
28503993
28705164
28907798
29074495
29242161
29444386
29578733
29812507
30025438
30256497
30491740
30728451
30968575
31199173
31370663
31503598
31667245
31868741
32071396
32274412
32507534
32686420
32921766
33155480
33359087
33593180
33761189
33969086
34164553
34371584
34568332
34803777
35038334
35273633
35439763
35643525
35875969
36111001
36314812
36584262
36819424
37024562
37228908
37434756
37668429
37868632
38106088
38339644
38543193
38749656
39020769
39255405
39425862
39659683
39893576
40097201
40332454
40532511
40769727
40904689
41103319
41273584
41441068
41647049
41883917
42086533
42321257
42557160
42792921
43027818
43229007
43464417
43698904
43934248
44104622
44336578
44540179
44675543
44908753
45160250
45396056
45536957
45731300
45962771
46167239
46369321
46604139
46840287
47041391
47276452
47481390
47682497
47918427
48155891
48324194
48525345
48730535
48931058
49139727
49351128
49608850
49808766
50045160
50278310
50551025
50750766
50953130
51153800
51361195
51558504
51793800
51993357
52195413
52432478
52634428
52836224
53051501
53243870
53475548
53721201
53982764
54186146
54391723
54589596
54788409
55024897
55260065
55401393
55598740
55832421
55973097
56202768
56408668
56607078
56806061
56978427
57214861
57422747
57618095
57853276
58096866
58327372
58526059
58775990
59006777
59172657
59342556
59573674
59806910
59985460
60219332
60460906
60701078
60894874
61134621
61328071
61530571
61667550
61867053
62102863
62303686
62475370
62674628
62873568
63109281
63308325
63543323
63718286
63914692
64154967
64318587
64553287
64790665
65024699
65257610
65458357
65593359
65794476
66042716
66244966
66447050
66684190
66815690
67052837
67254194
67429749
67624776
67825788
68064880
68301152
68465304
68735484
68873394
69112047
69338658
69548380
69743233
69944090
70117121
70316068
70557743
70719610
70894216
71090203
71324626
71527158
71730279
71931119
72098386
72265150
72473493
72668860
72871180
73106154
73272599
73455243
73687989
73890969
74093423
74272454
74462998
74662245
74869038
75066681
75236143
75480929
75618686
75853018
76080746
76214608
76417539
76583475
76793921
76966745
77163183
77365825
77541831
77801465
78002928
78212299
78372738
78608837
78809590
79010707
79179838
79381366
79574175
79774515
80015541
80217975
80417443
80652934
80854874
81088528
81293091
81527740
81730385
81935386
82166923
82402252
82573938
82809796
83053352
83289382
83414615
83648729
83852256
84086237
84292528
84525113
84691345
84927476
85126567
85362754
85564767
85767104
86001378
86202868
86410828
86642304
86906593
87142181
87344197
87512189
87756352
87956294
88194150
88395626
88599527
88799886
89009914
89237980
89456374
89689634
89919447
90162560
90398762
90632945
90835795
91072491
260797202
261045117
261180515
261413873
261618411
261826607
262014592
262511212
262704511
263514335
263706464
263908580
264146527
264346985
264546800
264824724
265058759
265229888
265426324
265632231
265842160
266107296
266345358
266561655
266828523
267030191
267235178
267405411
267532779
267769073
268007768
268251706
268474526
268743351
269047810
269256037
269420060
269600973
269792953
269932892
270066848
270271276
270469211
270665227
270870321
271069274
271280450
271472714
271642136
271841309
272078725
272314976
272513313
272648383
272820866
273022571
273224843
273392031
273569014
273729550
273898662
274099033
274304250
274538177
274769448
274979725
275243566
275448293
275680380
275920072
276119129
276356733
276524301
276768247
276970102
277204617
277404373
277608275
277844578
278111448
278350547
278546483
278784761
279022275
279186569
279384571
279626820
279827748
280039316
280264177
280500878
280670835
280873042
281138765
281339905
281573891
281809272
281981000
282211916
282480520
282756952
282970748
283105173
283340517
283542991
283755829
283985805
284186849
284391202
284589707
284726640
284958669
285127772
285329929
285528390
285771886
285970310
286203586
286406535
286573473
286786745
287010685
287212456
287414423
287546448
287721941
287918127
288126099
288323379
288521054
288726525
288958754
289192469
289429770
289563404
289812605
290009588
290155016
290347621
290561161
290729899
290876195
291114471
291347729
291547685
291786870
292020635
292226325
292392417
292592438
292759064
292927471
293131283
293364762
293567082
293735282
293904068
294103910
294305903
294547212
294778923
294980706
295221811
295452363
295654167
295855356
296092546
296334926
296504782
296705147
296942770
297179849
297386970
297620849
297824046
298061028
298268726
298538202
298774331
298971734
299175252
299383892
299584674
299784105
299986989
300188785
300357519
300558855
300759939
300995905
301236579
301503964
301737442
301980967
302106815
302345666
302552409
302754649
302955907
303156006
303334817
303537858
303751290
304024709
304224618
304458843
304699060
304862134
305064473
305299444
305535247
305768376
306002669
306204247
306438731
306675465
306877627
307077956
307248801
307515599
307728019
307958293
308167920
308403867
308601516
308769125
308974391
309208503
309412579
309609800
309879176
310115829
310351346
310553516
310757128
310987199
311190825
311361186
311559124
311770506
312014836
312254710
312455650
312689531
312923094
313158698
313360180
313601159
313837360
314075765
314308096
314507841
314712049
314878679
315084493
315318198
315551380
315756438
315954688
316189749
316424887
316594319
316831923
317061436
317230551
317433475
317667060
317903946
318039478
318178060
318408815
318580632
318818435
318951119
319188278
319386888
319593563
319728078
319930342
320134758
320403141
320569608
320771368
320974633
321150751
321314460
321516674
321685868
321922064
322159165
322336774
322503515
322702509
322912455
323072738
323314451
323517440
323751722
323986184
324263604
324427967
324597985
324860770
325097078
325229231
325464930
325707257
325903026
326139530
326377276
326542596
326745878
326916907
327112608
327349439
327586199
327819752
328027954
328234472
328432249
328669384
328908853
329111605
329279821
329513746
329760532
329919795
330156431
330393173
330526730
330772343
330965072
331200063
331439199
331637120
331869417
332111168
332239317
332507734
332709803
332911643
333121769
333316447
333515801
333718737
333920425
334055124
334322807
334490077
334725330
334926451
335096924
335330675
335538523
335775383
335942331
336150695
336344493
336512146
336721834
336914861
337156873
337320696
337454052
337658549
337922789
338165107
338358567
338593560
338795231
339001414
339232767
339335550
339569436
339743302
339938345
340179201
340417322
340613548
340816047
341051051
341254590
341454204
341652912
341789782
342025440
342236904
342400488
342632943
342869501
343072604
343305729
343481039
343676369
343884390
344087742
344320569
344495071
344690579
344861083
345094823
345338825
345546492
345779595
346013481
346189981
346384899
346626628
346859624
347055152
347296392
347531500
347730663
347966977
348164742
348367905
348640081
348872880
349105930
349337942
349552738
349743435
349986680
350182587
350417805
350655197
350891178
351087593
351289704
351491651
351663786
351867849
352102899
352303846
352541950
352773306
352975357
353176576
353377345
353615048
353848874
354119418
354358052
354594256
354822415
355058629
355269648
355496043
355663820
355832195
356068038
356303648
356470121
356640399
356874352
357077050
357311751
357549125
357747820
357956334
358150942
358355630
358588613
358788616
359025436
359196979
359401601
359635850
359767310
359971756
360201833
360437205
360645691
360880170
361047627
361246987
361418691
361615050
361757832
361954852
362188081
362426190
362665181
362860751
363060921
363262854
363464643
363672038
363868490
364070136
364302627
364544103
364743343
364977624
365182354
365382537
365618937
365856111
366090932
1391051035
1391296888
1391526353
1391761565
1391967965
1392216456
1392756151
1392979905
1393755626
1393921237
1394125488
1394354193
1394554540
1394799268
1394959974
1395130925
1395367500
1395540547
1395708368
1395911263
1396120656
1396315722
1396516565
1396718638
1396951387
1397153809
1397288088
1397491329
1397656984
1397799192
1398029871
1398265188
1398472822
1398734408
1398837383
1399003196
1399203190
1399406749
1399606885
1399814932
1400009494
1400177127
1400378006
1400578767
1400781710
1400980780
1401216387
1401419709
1401620698
1401827423
1402022726
1402261474
1402498224
1402695933
1402863815
1403068296
1403265560
1403435125
1403600780
1403805351
1404007196
1404208100
1404308327
1404443041
1404645053
1404850523
1405050150
1405282431
1405494733
1405695909
1405930719
1406136544
1406369208
1406569562
1406805329
1406938466
1407175261
1407407779
1407610428
1407818970
1408084931
1408355548
1408594007
1408998512
1409169011
1409370536
1409604645
1409804926
1410025827
1410228754
1410435390
1410670432
1410876920
1411110496
1411345289
1411581438
1411782349
1412015476
1412220152
1412452834
1412653498
1412865212
1413102963
1413335586
1413572422
1413773189
1413943881
1414176735
1414318706
1414514914
1414747964
1414950434
1415184037
1415418226
1415623211
1415855758
1416057508
1416258486
1416459434
1416669345
1416898420
1417098331
1417267810
1417436069
1417634888
1417869102
1418071890
1418272715
1418473182
1418709508
1418945335
1419178685
1419380490
1419619513
1419828017
1420059305
1420262290
1420497777
1420706987
1420934939
1421167939
1421344842
1421545795
1421780429
1422018434
1422249467
1422485046
1422686502
1422887747
1423089880
1423290124
1423524881
1423793655
1424031159
1424232773
1424465686
1424634058
1424833665
1425076055
1425272327
1425505641
1425744522
1425951893
1426184073
1426387392
1426586802
1426789004
1426992659
1427228492
1427433921
1427699384
1427903832
1428108113
1428307038
1428447797
1428675548
1428909102
1429115609
1429314296
1429514396
1429716998
1429919309
1430120959
1430353124
1430556052
1430723669
1430925928
1431129946
1431326717
1431493090
1431696630
1431899687
1432100968
1432302250
1432535056
1432739125
1432938805
1433143402
1433341729
1433576948
1433777448
1434013397
1434211548
1434414621
1434649016
1434852065
1435088318
1435289836
1435503265
1435705102
1435936143
1436138964
1436373184
1436539054
1436742237
1436945846
1437145689
1437347494
1437582532
1437785113
1437984467
1438157056
1438388745
1438623491
1438826264
1439024843
1439228912
1439428771
1439666464
1439898499
1440102282
1440302140
1440508643
1440741274
1440974297
1441177423
1441382546
1441591591
1441859908
1442056859
1442293801
1442530166
1442730144
1442966394
1443201267
1443401912
1443605032
1443840087
1444108406
1444340905
1444580994
1444815183
1445082824
1445315501
1445517400
1445718516
1445923700
1446120836
1446354584
1446557193
1446792992
1446992377
1447195032
1447428367
1447630505
1447833393
1447964981
1448204492
1448403983
1448637764
1448839011
1449048393
1449294161
1449486548
1449698865
1449901554
1450100593
1450336123
1450538189
1450744468
1450947828
1451180959
1451388477
1451558755
1451759169
1451997228
1452228502
1452431098
1452632753
1452838452
1453040434
1453241749
1453448313
1453611269
1453811845
1454019209
1454253118
1454488507
1454656868
1454858175
1455091225
1455304210
1455533355
1455734164
1455934476
1456144099
1456302895
1456505950
1456715603
1456909604
1457108792
1457346280
1457579294
1457819582
1458056316
1458257738
1458502152
1458741514
1458971193
1459237338
1459441525
1459675722
1459909743
1460112711
1460313471
1460548429
1460758157
1460985419
1461220264
1461426143
1461658722
1461866278
1462062702
1462263270
1462466587
1462698905
1462934397
1463175517
1463411393
1463611265
1463812484
1464046014
1464282716
1464458297
1464689273
1464898181
1465132009
1465359586
1465566853
1465765214
1465996375
1466198515
1466406747
1466607749
1466842294
1467110932
1467311044
1467513849
1467750056
1467984212
1468186237
1468387210
1468592019
1468791196
1469011138
1469182630
1469413350
1469655487
1469829964
1470031041
1470208102
1470472547
1470672913
1470941641
1471178854
1471376861
1471580142
1471814308
1472015660
1472221312
1472486638
1472688557
1472922564
1473157906
1473360181
1473596175
1473801501
1474008210
1474205289
1474441090
1474640888
1474842310
1475042197
1475249855
1475479375
1475714582
1475924584
1476115539
1476316772
1476519652
1476754155
1476989698
1477224878
1477423932
1477599044
1477827256
1478034783
1478238504
1478472142
1478712012
1478946948
1479142413
1479344508
1479579778
1479813899
1480065749
1480294491
1480489950
1480632145
1480894652
1481095172
1481301905
1481498783
1481700131
1481900420
1482135087
1482372317
1482606876
1482806763
1483042291
1483243132
1483445316
1483650590
1483846809
1484089594
1484328624
1484491652
1484692121
1484927448
1485160667
1485364356
1485599342
1485798760
1486041531
1486275381
1486511687
1486712760
1486912214
1487118976
1487315713
1487549921
1487789137
1488025032
1488154825
1488389582
1488623876
1488800137
1488999203
1489213818
1489447918
1489650724
1489849698
