0
2268
9774
26558
43429
61630
77908
94833
113715
128088
145522
162802
179482
196495
213594
230951
247785
264816
283392
297837
315209
332201
349207
366037
383054
400357
417556
434362
453077
467720
485055
501891
518880
537476
553184
570355
587339
604375
623208
637703
655855
672812
689631
706271
723629
741644
759515
777028
797454
808020
825572
842451
859280
876067
893402
910715
927933
945069
962753
979323
994932
1011466
1720324
1923692
2127858
2315167
2467268
2653656
2841842
3025144
3212843
3315122
3466690
3621017
3796013
3983063
4168687
4322350
4507431
4645373
4781081
4887629
5055530
5256066
5367284
5505436
5658241
5845199
5999019
6116521
6268807
6425358
6609709
6782008
6900827
7089130
7258696
7414345
7582387
7738138
7910777
8098449
8306621
8508489
8678111
8816869
9006839
9209690
9379951
9565101
9770008
9956005
10184493
10502359
10606857
10777176
10912115
11099139
11241299
11412927
11565205
11738484
11908643
12079541
12266351
12439433
12613967
12831484
13052405
13272114
13445314
13735303
13950368
14119759
14354844
14611592
14866464
15107725
15315485
15583345
15805631
16028839
16205134
16462484
16704626
16894639
17074195
17227580
17465979
17700742
17890836
18097423
18337909
18546057
18756326
18958033
19175650
19392574
19600325
19820363
20025237
20242397
20485265
20689709
20919443
21129695
21366730
21593182
21815785
22055859
22258257
22465279
22722904
22899017
23138862
23378585
23602886
23826829
24041130
24235952
24439416
24665002
24872192
25073497
25294725
25500886
25725154
25945858
26154577
26327336
26513167
26718378
26869065
27026416
27232372
27426516
27612124
27813326
27984339
28174886
28366673
28567706
28775939
28962533
29182664
29405751
29603065
29791891
29997905
30213276
30449944
30717369
30920781
31069232
31316383
31488021
31735706
31927956
32167959
32405665
32628561
32850278
33037680
33251437
33482054
33738300
33975484
34147364
34376555
34568637
34805080
34975603
35126554
35281821
35525268
35729025
35948434
36156826
36394403
36568629
36791659
37043920
37260790
37526556
37747755
38022313
38245392
38457072
38730344
38987720
39225860
39397961
39618374
39804528
40034165
40244283
40451691
40675131
40912511
41138079
41359402
41516452
41718457
41924721
42166274
42372645
42593468
42806695
42985596
43158219
43355700
43570953
43798024
43985100
44222927
44430223
44653072
44777858
45019965
45235437
45427943
45676144
45863751
46091168
46335542
46535614
46769408
46983962
47231441
47449987
47673139
47883295
48123524
48351783
48585357
48806288
48967386
49167794
49406196
49626553
49850603
50092907
50313066
50555594
50796707
51003035
51206930
51461419
51699133
51903634
52089051
52310037
52512456
52684030
52878865
53071599
53143703
53345136
53552020
53728517
53949756
54115084
54301918
54471244
54674264
54848467
55039519
55193678
55378556
55583120
55752544
55961054
56080005
56233190
56403830
56569009
56764470
56970578
57173463
57372049
57575142
57765416
57951898
58175942
58406582
58639893
58894393
59084621
59292599
59553130
59805596
60030838
60293178
60495084
60774861
61008472
61219335
61462279
61686979
61897464
62106476
62266493
62509374
62744387
62968593
63195053
63427230
63630004
63832632
64064402
64315771
64551079
64753924
64964317
65196253
65441376
65712599
65919016
66121961
66330310
66556510
66759857
66966896
67178424
67353645
67521491
67671447
67863246
68052293
68206989
68444737
68618989
68839073
69018965
69275049
69534179
69731617
69972880
70158679
70301626
70530494
70710150
70929584
71167249
71358671
71566217
71763973
72004465
72178921
72437182
72676991
72900917
73114095
73336425
73560112
73780603
73966944
74186552
74372625
74533427
74755032
74962389
75164968
75403210
75644285
75857382
76074500
76278283
76429498
76634378
76852511
77070501
77275852
77462040
77668135
77839296
78053367
78271503
78444453
78617545
78805559
79015827
79186332
79416371
79545698
79715740
79941601
80140872
80310269
80514914
80718806
80938053
81159569
81347788
81585529
81788045
82026948
82204779
82434012
82675251
82915031
83136434
83343000
83564762
83791028
84031072
84286718
84511549
84760193
84995966
85216067
85425165
85677752
85899888
86095353
86317104
86554334
86757236
86985049
87125864
87319972
87533865
87704012
87929295
88113818
88337984
88569815
88772638
88926412
89130529
90063433
90367378
90558796
91475648
91691367
91838812
92018234
92208883
92425485
92592677
92762120
92950490
93085056
93285064
93443917
93619724
93785866
93905564
94133941
94305037
94484740
94688845
94844016
94977388
95146925
95248921
95418853
95607166
95688558
95875354
96015732
96168991
96337655
96522916
96627451
96827972
97030665
97172821
97325894
97500812
97692122
97864430
98035936
98194838
98343539
98516647
98584766
98722619
98860841
99058521
99218377
99402751
99540164
99648944
99862324
100055662
100225336
100497040
100750239
100989623
101217460
101410355
101633321
101874716
102126778
102368176
102609249
102850959
103069751
103262368
103464212
103687834
103910577
104188280
104395299
104570347
104769704
105020482
105257042
105502287
105706651
105944651
106180681
106409172
106617017
106787448
107008399
107246058
107431301
107594043
107714351
107902619
108106650
108276217
108545450
108751593
108958868
109184847
109392121
109607085
109841029
110097882
110319061
110538875
110764242
111005283
111176986
111395487
111633706
111858035
112047655
112318101
112541936
112759808
112987682
113158988
113381121
113654737
113917149
114198424
114426461
114641448
114885960
115078630
115269073
115521819
115754241
116011252
116278682
116554597
116780270
117003010
117241818
117498326
117759378
118030453
118256046
118511388
118800799
119032889
119288932
119525359
119768621
120000350
120279187
120539495
120758986
121001739
121221468
121461683
121669101
121881951
122077058
122370977
122624809
122845830
123127496
123297198
123535952
123799028
124061634
124304637
124531573
124790072
125025542
125232879
125495204
125734046
125983598
126257165
126477816
126698840
126920418
127161274
127378407
127619483
127872988
128072896
128242820
128402227
128585234
128804177
129029682
129164949
129424891
129638842
129884330
130075388
130336649
130556895
130814194
130967630
131256637
131379415
131606860
131795691
132007783
132293057
132501626
132705690
132883989
133104267
133307181
133537349
133785921
134025500
134261394
134510958
134772761
135019783
135279440
135448408
135653821
135872265
136059210
136298947
136541652
136748178
136992488
137132746
137336726
137564117
137783547
138008926
138231608
138435730
138642101
138843697
138979368
139178466
139365889
139535755
139738382
139941420
140145058
140348126
140507163
140669223
140863536
141060504
141264896
141481533
141684025
141894692
142097578
142319508
142464473
142632042
142805787
142963992
143129201
143331023
143534051
143705405
143917295
144074744
144211106
144449595
144693594
144986365
145225826
145463187
145703088
145946913
146184890
146440563
146643637
146880085
147091140
147352661
147590143
147856344
148061124
148289609
148546428
148781187
149050296
149285110
149488451
149691735
149922925
150156543
150343971
150606075
150859103
151048988
151238958
151495569
151777550
152031805
152190670
152432777
152676078
152960108
153213567
153517370
153775069
153982977
154126704
154312822
154506858
154713988
154936967
155177129
155504710
155779553
156031611
156257192
156580606
156766813
157008316
157229220
157454848
157714425
157884355
158120833
158300282
158522789
158694460
158877040
159085684
159375098
159628602
159916419
160111314
160352162
160594069
160798594
161003210
161202306
161442520
161680599
161923358
162178594
162398956
162625210
162847009
163108721
163332420
163572390
163764754
163981623
164223424
164512424
164787239
165060773
165314038
165588151
165869860
166128555
166413791
166595178
166833940
167082314
167329827
167529277
167709328
167948230
168152592
168325389
168580294
168855617
169010711
169316465
169531270
169710283
169976679
170262648
170468429
170723580
170975805
171214189
171466424
171732952
171997755
172223650
172466341
172667953
172911488
173114247
173387592
173626954
173850640
174056724
174286632
174515203
174780908
175018405
175170934
175395604
175695986
175934720
176170633
176396716
176602737
176837823
177024750
177217401
177419761
177661711
177899894
178108931
178267145
178486940
178727975
178951653
179178081
179350475
179543791
179823921
180042169
180256626
180495102
180734531
180906883
181144006
181399906
181665433
181882075
182092397
182358359
182642661
182956645
183251784
183597244
183885783
184162711
184385140
184644019
184882378
185124555
185405785
185664725
185886375
186055147
186339168
186561710
186796374
187081269
187279667
187450371
187673705
187880138
188087464
188294845
188503614
188624513
188827750
189044685
189288594
189497123
189734490
190000052
190258861
190461307
190676974
190911451
191183017
191422785
191671363
191917347
192159528
192315147
192565452
192774394
192976756
193198883
193406040
193544343
193753196
194000066
194204260
194472550
194698862
194926154
195140470
195368542
195621832
195849051
196071852
196244600
196485939
196703563
196959578
197229882
197365671
197521500
197704629
197954360
198218813
198450180
198705283
198925379
199152179
199377078
199559613
199744977
199953308
200178052
200404732
200649429
200821476
201058261
201310158
201576529
201833777
202091925
202315090
202557675
202713220
202952982
203191672
203432780
203652436
203941071
204209438
204446623
204695934
204866207
205144573
205415158
205659281
205867534
206144284
206387562
206630043
206852756
207061375
207299460
207519140
207761322
208050036
208302709
208496248
208737328
209042149
209187441
209391361
209661124
209897888
210135032
210321716
210551801
210775607
210982989
211269485
211470048
211770160
211951153
212153736
212464352
212727238
212980300
213229286
213503964
213758442
214030433
214169036
214371431
214611126
214848269
215051835
215294528
215561522
215839154
216098487
216352389
216573950
216833442
217075554
217320821
217563507
217819515
218009022
218272337
218510804
218756225
218989963
219211587
219379933
219629279
219844385
220080413
220304245
220555046
220765321
220959197
221211739
221437077
221660451
221876885
222073612
222268096
222475266
222697515
222953072
223209105
223451817
223653532
223908391
224126776
224341490
224568331
224839228
225076638
225318586
225540789
225775989
226033341
226287906
226496110
226729008
226983356
227233585
227504091
227742588
227979294
228212188
228418059
228659626
228922426
229144478
229364234
229661164
229915665
230121903
230387432
230645710
230875326
231115587
231337791
231548534
231721337
231935601
232220734
232410862
232646988
232857901
233096995
233348074
233588755
233776515
233948168
234117519
234333789
234618349
234926562
235209099
235502490
235728500
235902357
236132479
236380546
236606010
236849125
237083046
237303476
237560478
237770363
237982270
238248900
238496684
238665195
238901224
239203841
239459490
239673920
239949275
240165473
240375236
240585965
240835610
241070275
241270277
241508424
241729271
241969380
242206326
242407989
242640197
242877164
243133174
243388701
243681897
243899476
244127608
244366677
244586286
244813484
245079324
245281656
245548270
245776205
245981496
246236553
246463795
246634454
246838608
247085984
247333082
247575394
247794405
248036703
248260594
248519835
248788169
249025754
249282767
249484529
249774402
249978869
250240667
250478448
250762567
250999126
251257431
251496254
251718622
251920837
252183044
252403013
252647599
252901306
253170226
253432863
253707399
253973079
254236561
254389116
254615031
254852598
255141896
255363477
255605216
255859213
256063255
256305465
256561339
256691362
256964029
257227723
257447366
257687413
257887228
258128003
258347567
258617687
258856043
259068648
259350076
259538055
259739086
260000034
260237221
260514370
260721966
260948276
261194701
261405681
261672292
261853659
262137729
262442907
262643360
262848168
263123446
263383500
263640743
263865088
264147174
264421129
264666260
264867135
265090701
265360820
265604538
265827712
266120473
266388202
266669753
266900260
267169127
267392949
267679856
267935765
268133147
268373917
268598228
268889957
269153086
269355498
269579523
269823186
270024326
270217741
270479732
270731949
270988811
271204657
271443655
271697512
271959070
272182771
272411641
272639580
272908659
273164591
273405563
273632331
273865868
274144794
274377131
274634037
274854757
275075951
275365466
275537092
275773238
276002717
276256455
276574271
276811086
277000706
277244512
277430661
277689485
277921767
278158905
278442792
278670022
278899409
279117370
279410134
279674793
279901295
280126306
280316363
280583383
280813235
281024141
281281001
281449928
281694313
281916302
282156662
282398410
282670970
282913852
283174473
283373029
283613652
283865391
284108095
284384835
284566523
284759155
284984651
285245899
285475191
285736796
286009047
286247925
286461026
286697223
287020741
287258279
287482328
287753562
287996809
288266568
288471078
288720553
288943946
289172123
289447692
289654812
289905012
290143849
290364211
290601088
290867719
291009232
291219993
291336394
291538573
291780769
292003592
292239403
292493514
292714518
292918028
293187845
293420964
293704751
293917911
294160793
294386917
294625580
294866048
295102072
295386758
295642229
295834983
296089358
296335837
296589219
296857773
297061802
297273360
297507046
297750358
298010130
298264888
298520090
298754050
298996681
299290435
299472532
299722823
299992728
300234129
300471021
300716012
300937936
301178038
301480457
301743017
301989072
302211123
302449284
302708394
302941191
303153544
303369472
303605241
303859097
304078920
304333465
304540045
304817412
305011184
305237613
305470967
305698250
305902613
306141258
306401741
306605749
306796379
307051532
307251767
307450818
307659421
307881446
308036400
308180203
308349094
308519613
308718011
308965086
309194806
309455965
309677454
309902608
310138272
310404417
310654425
310908316
311162178
311419181
311675767
311899063
312075605
312321742
312588806
312813748
313017486
313226470
313457094
313679738
313909468
314114853
314385242
314640861
314864773
315029392
315242668
315474703
315714690
315942070
316139685
316356899
316619523
316847195
317081103
317325948
317568617
317807706
317964940
318235490
318441488
318698057
318938999
319209666
319433399
319674853
319915635
320088335
320258883
320448843
320631323
320799841
320921807
321133304
321328974
321515720
321738876
321925610
322134758
322354674
322576652
322695677
322901656
323116833
323320021
323556321
323745722
323931763
324083754
324281473
324475036
324611210
324822707
325016128
325240419
325440895
325626818
325816208
326037024
326291807
326537217
326777190
327032369
327258788
327515100
327774709
328019718
328238569
328496455
328706621
328956058
329194022
329431493
329655522
329859028
330136516
330292113
330560524
330839458
331069513
331324535
331560339
331797134
332069745
332259043
332418741
332631508
332886948
333128143
333365333
333586098
333823003
334025337
334256902
334489773
334716277
334960012
335194898
335433028
335687393
335897441
336141708
336396865
336630671
336878918
337120410
337347857
337519283
337750134
338015781
338268644
338559666
338740244
338976108
339176384
339368645
339581525
339774187
339993026
340229622
340462530
340734095
340930159
341140349
341395183
341599204
341806967
342048385
342244928
342481585
342738548
342979525
343228826
343487119
343669516
343907171
344130483
344304262
344522932
344786460
345029112
345200016
345453325
345647894
345885198
346137839
346363081
346625143
346895519
347039966
347264251
347400906
347652735
347917033
348165440
348402138
348656799
348910242
349185226
349305628
349525014
349803174
350055559
350300950
350548098
350772222
351012281
351307913
351545428
351747356
351921569
352105662
352301941
352429364
352687448
352924981
353182250
353391049
353656681
353869054
354095474
354398022
354647638
354891728
355127798
355344806
355599889
355836130
356086530
356345654
356595421
356957134
357194583
357467984
357687901
357916995
358131737
358333584
358547576
358731680
358924330
359081919
359269010
359471334
359674310
359865336
360050153
360236445
360409415
360579670
360779921
360963351
361152048
361350401
361426960
361548936
361691200
361876799
362078561
362199779
362396918
362596180
362782388
362972919
363179073
363361218
363539859
363755066
363993253
364194852
364392060
364560890
364765053
364966548
365152860
365379107
365662057
365890526
366130783
366379353
366612944
366849824
367134490
367387663
367648594
367846278
368046165
368266724
368498675
368678669
368956499
369188126
369473643
369661545
369935974
370151653
370336703
370595682
370843270
371072583
371299332
371472200
371679731
371842507
372027585
372273487
372532076
372761769
373001038
373151166
373364182
373601516
373801523
374039523
374252761
374479010
374685628
374898355
375125172
375320760
375581101
375811630
376113014
376294796
376560200
376784019
377005519
377225508
377453417
377677135
377878228
378078938
378283766
378489789
378749922
379007341
379230911
379480633
379732871
379972515
380280425
380559025
380761650
381025133
381245318
381447655
381691568
381878840
382069832
382297858
382503726
382765997
383038916
383276334
383518674
383740673
383987123
384185876
384438363
384643171
384800746
385014088
385264076
385484803
385722549
385974755
386198552
386438351
386607374
386810581
387050763
387245736
387502893
387766945
387938883
388219166
388406772
388592663
388831424
389052169
389254670
389465161
389712897
389938672
390093059
390348692
390603258
390856625
391062410
391334605
391570024
391792573
392010906
392237540
392509584
392696481
392962191
393213948
393406151
393642981
393857495
394094938
394367788
394590585
394849533
395102514
395322190
395510249
395738318
395961268
396233666
396413434
396639014
396875905
397098504
397297747
397500807
397715273
397935826
398139314
398312158
398482398
398683329
398917341
399165478
399367507
399554631
399815362
399994049
400253839
400513913
400788227
401024968
401287950
401524789
401804877
402047257
402342296
402565779
402792148
403015492
403295994
403535325
403682041
403867288
404006810
404242364
404393823
404565655
404787349
405005721
405181079
405382832
405560200
405767493
405919378
406089741
406245163
406433439
406597147
406802779
406973676
407158621
407345087
407545359
407700157
407923818
408108581
408276537
408482469
408685378
408888724
409094848
409269030
409452588
409644589
409841758
410098211
410299791
410538760
410711833
410936329
411127259
411382722
411556282
411774643
412047929
412323740
412519660
412783688
412952187
413223660
413470674
413724736
414013259
414235530
414471601
414676169
414868527
415120363
415410887
415648689
415891015
416151992
416375984
416635038
416803994
417058733
417233805
417466979
417724888
417970255
418219538
418426918
418600179
418838953
419082477
419322566
419516894
419757998
420044124
420270824
420471533
420675461
420915085
421164776
421377519
421599167
421835530
422058135
422333980
422574275
422786376
423058022
423268031
423457854
423714910
423981672
424227229
424463725
424753456
425048876
425305076
425544978
425778283
426048306
426236873
426514681
426753698
426964950
427205297
427398514
427600293
427755131
427993978
428202152
428372746
428611890
428829366
429050234
429278053
429467822
429705104
429896865
430108556
430316383
430456031
430675177
430842780
431063515
431218434
431340123
431582253
431790245
431997582
432239041
432491547
432683575
432966770
433211815
433445460
433743006
433949212
434204833
434461128
434724017
434968976
435240198
435420918
435651779
435922010
436162495
436432795
436651260
436930378
437200970
437440023
437635827
437771773
438027602
438263706
438512578
438785233
438963432
439254525
439459965
439705344
439944684
440180962
440396988
440675939
440860050
441124917
441354969
441500083
441735206
441963442
442236173
442510206
442691056
442909860
443179768
443430493
443673757
443960483
444177620
444414289
444672660
444947114
445202141
445408657
445671272
445891199
446068129
446279516
446501924
446761141
446981504
447225639
447482637
447742193
448020683
448328381
448603500
448898705
449189549
449438861
449768869
449983277
450239398
450495187
450704882
450977501
451204046
451425747
451700063
451947719
452183229
452400399
452640684
452858107
453117565
453356317
453629141
453848651
454112300
454317274
454554494
454827430
455119857
455321472
455569703
455889558
456228129
456499186
456715523
456902249
457175039
457456291
457693147
457860884
458118503
458395322
458600387
458770616
459049705
459271428
459513786
459729996
459951520
460192876
460397345
460620581
460875975
461092591
461334517
461565230
461836052
461991915
462206040
462413465
462621991
462880915
463032792
463306399
463497283
463771788
463951648
464195908
464419134
464628447
464838119
465080058
465308925
465601068
465835042
466107216
466314268
466555609
466852251
467044773
467278015
467512293
467750466
468005163
468259546
468504499
468747607
469005121
469242372
469462283
469688385
469908687
470179083
470416157
470677110
470863774
471069499
471335085
471546540
471757879
471996302
472202981
472432498
472754310
472981351
473249420
473461278
473698703
473926318
474188843
474424621
474663694
474899700
475116268
475319289
475517736
475778592
476024361
476267617
476479499
476720770
476976467
477165553
477478308
477716340
477886339
478147315
478421832
478681220
478973833
479214271
479475068
479774149
479958178
480163132
480371825
480608009
480849696
481121130
481363834
481578770
481807547
482033301
482254280
482457102
482699380
482956318
483201714
483457606
483693944
483908842
484077295
484279380
484451273
484673115
484929835
485177418
485395590
485654689
485804128
486042701
486272786
486487345
486679543
486949993
487192436
487425429
487669009
487923578
488179570
488435693
488624459
488884320
489145098
489453321
489708087
489926078
490204762
490411457
490666132
490929681
491185828
491412869
491645622
491902761
492164133
492441717
492682864
492949601
493269694
493425213
493621172
493847854
494038434
494299992
494537883
494819809
495088025
495338507
495589714
495785120
496052584
496341900
496612564
496765507
497042434
497249089
497496470
497736647
497899667
498082832
498318552
498552235
498808101
499047452
499235805
499499819
499758912
500047372
500300504
500522975
500788487
501034882
501253218
501524875
501722875
501973954
502250456
502539468
502813610
503103167
503344217
503573750
503797367
504082865
504320789
504556289
504759250
505001064
505291577
505539493
505783447
506020840
506244085
506483695
506701900
506957511
507194812
507460916
507707397
507956658
508227545
508451708
508697497
508901451
509108744
509341142
509589923
509808861
510081875
510340110
510566954
510861355
511085815
511363384
511627374
511874051
512108294
512338950
512560224
512784320
513007391
513269928
513506014
513710985
513970272
514223114
514488806
514749702
515005682
515244418
515528815
515780672
516002009
516242392
516496760
516735783
517011241
517200515
517421420
517621646
517826114
518068475
518288533
518543555
518710719
518954185
519192713
519464152
519713029
519994104
520249325
520508769
520728400
520963215
521158447
521348595
521611515
521775161
522019098
522260979
522527022
522782510
522943472
523162498
523429459
523683686
523871859
524129479
524350727
524603322
524877912
525116396
525331589
525531635
525788324
526042962
526264368
526497686
526767460
526958917
527148749
527415191
527642278
527851935
528094978
528390411
528629742
528850616
529121280
529347589
529649325
529856247
530131001
530400385
530622580
530892746
531094222
531334557
531543532
531785726
532026591
532203039
532438279
532677723
532984031
533194113
533418722
533697642
533956204
534181171
534440732
534710520
534957712
535139441
535289212
535571472
535835919
536044455
536300150
536558208
536784512
537071156
537281028
537514102
537752491
537989785
538149706
538374597
538627192
538838151
539058376
539291124
539544093
539804033
540042552
540273138
540492915
540748277
541018396
541241115
541473494
541708710
541923219
542204379
542395897
542613831
542867482
543060593
543336183
543479109
543666405
543853178
544046067
544281146
544537947
544775848
545014960
545204829
545433269
545713615
545904598
546149321
546368916
546612529
546857113
547053129
547225803
547412107
547617524
547835540
548040320
548230883
548446526
548622796
548816189
549054475
549311677
549498181
549742479
549994780
550233150
550474128
550675463
550931818
551185890
551408719
551645413
551875944
552119476
552345861
552584070
552821614
553074345
553293556
553472101
553679309
553970385
554172345
554360488
554595155
554868208
555074689
555332110
555554650
555845993
556127145
556365692
556586564
556775064
557015063
557300034
557472963
557656136
557876064
558132080
558371883
558612496
558836127
559077328
559282478
559542564
559745609
559953486
560191686
560467999
560685350
560930349
561136022
561407146
561629725
561887900
562108905
562350797
562567073
562800039
563053134
563282499
563520250
563758364
563981777
564215901
564492262
564714629
564944866
565192031
565466029
565721837
565963408
566182244
566374471
566646249
566899651
567177230
567396814
567650455
567844461
568079352
568349143
568586594
568842749
569063983
569289789
569567753
569804266
570007736
570210785
570421616
570649021
570880489
571030643
571233117
571404535
571579264
571802652
571991567
572267383
572522155
572759584
573005363
573280967
573469293
573729092
573995591
574181457
574454103
574729744
574891997
575148022
575350230
575618570
575894318
576151947
576325891
576561171
576795900
577051287
577210702
577357317
577607197
577867639
578120401
578381703
578621018
578877859
579088511
579325004
579584026
579701697
579929046
580194912
580439108
580623907
580826138
581051636
581256183
581481520
581664049
581876598
582072922
582267158
582522096
582713854
582970513
583223298
583471943
583726250
583999187
584225929
584463096
584729549
584971489
585225004
585514180
585700081
585904599
586075025
586281224
586468368
586653656
586843021
587062513
587231380
587421773
587640910
587824867
588025870
588235266
588366218
588474085
588645724
588830442
589018369
589204073
589393610
589613711
589817185
590038665
590177409
590401156
590593959
590802037
591000627
591229016
591466242
591740832
591944477
592218038
592456092
592687726
592861845
593109689
593349062
593620133
593842961
594082892
594306510
594530096
594689278
594876339
595029323
595196691
595445435
595683314
595945955
596148062
596367088
596585554
596859455
597097344
597337211
597568947
597793740
598002405
598239483
598493249
598679944
598938822
599131819
599343459
599547751
599757637
600000890
600259357
600517757
600808762
601025916
601237386
601467781
601735406
601938750
602156811
602331062
602595552
602837295
602972894
603227411
603451296
603695661
603869189
604115663
604374633
604589888
604817228
605063350
605296878
605519096
605773175
606009887
606198189
606440216
606719548
606966006
607181441
607400442
607659968
607898195
608156900
608424707
608689059
608952443
609180723
609414185
609647716
609900527
610142039
610390552
610570666
610788054
611041921
611251565
611483379
611764833
611951787
612165419
612360231
612581815
612806160
613041114
613212943
613476399
613711175
613939429
614179757
614352331
614607180
614832025
615043683
615278686
615508409
615733572
615934928
616208959
616466589
616672482
616894606
617169720
617407502
617631537
617828672
618103816
618345195
618591551
618837243
619116854
619350940
619586685
619812935
620098332
620333349
620514508
620737311
621000356
621270864
621557769
621800824
622005064
622230162
622818160
623037385
623277081
623462496
623705376
623938995
624181373
624312013
624496662
624648533
624788893
624987548
625174871
625289534
625450760
625616542
625786638
626036952
626123993
626297404
626483886
626687490
626893987
627114867
627291512
627454053
627590211
627847647
628039017
628209287
628420728
628644156
628830499
629001548
629127441
629300583
629505982
629715611
629841211
629990766
630074051
630238522
630406920
630558490
630754375
630922659
631124812
631394997
631622890
631849722
632108284
632355535
632601583
632847090
633054547
633329384
633608484
633850557
633989605
634229467
634385916
634653632
634887465
635097294
635265377
635454176
635638564
635840765
636079928
636329374
636572390
636807928
636999745
637186831
637422278
637608303
637857607
638030171
638262065
638539696
638711078
638939893
639114222
639353608
639608908
639867227
640142311
640362080
640604209
640825226
641063844
641249878
641507849
641745198
641990955
642244094
642449196
642717794
642922348
643171489
643384418
643593376
643890898
644114408
644372172
644613756
644817463
645077935
645300900
645489308
645713593
645931166
646156406
646415498
646652030
646886509
647092203
647364725
647610118
647871308
648098250
648358061
648625632
648850748
649106048
649242184
649431903
649706640
649873079
650112758
650347546
650597659
650798010
651031388
651265151
651483461
651678185
651846584
652083663
652309033
652521263
652789377
653027763
653287594
653533163
653741055
653965358
654260166
654479069
654674538
654862776
655089504
655308701
655563398
655803212
656041903
656284254
656521943
656784040
657058360
657263190
657511134
657725192
657932801
658168953
658428520
658631772
658920675
659128408
659339831
659552609
659769555
659991598
660253458
660521025
660732954
660897050
661123635
661390066
661597669
661839825
662101150
662369486
662571521
662795775
663004123
663178556
663418269
663660310
663868179
664104510
664351778
664606248
664850583
665059520
665300295
665546916
665773729
665999750
666170262
666433510
666682852
666925247
667134821
667361299
667580499
667717283
667921571
668108567
668348394
668467456
668672233
668928865
669189410
669374789
669578953
669796951
669980399
670183046
670353325
670580843
670799556
670988025
671160642
671346641
671438743
671634600
671821569
672030390
672215380
672402474
672596933
672795743
672984775
673129532
673336207
673507912
673694334
673811976
673929732
674169667
674373109
674562674
674751241
674958732
675178706
675347850
675570940
675754633
675977567
676113345
676318165
676514940
676700799
676905352
677072486
677339333
677557136
677770421
677995963
678181947
678461631
678754073
679037383
679239334
679499588
679749452
680001735
680221264
680435359
680703574
680898914
681152322
681361763
681601423
681808171
682024185
682232221
682434379
682645212
682836138
683015256
683225251
683427524
683667188
683875669
684045464
684266522
684509865
684684657
684858973
685123314
685297100
685517057
685738586
685970273
686200314
686402711
686642126
686902408
687142039
687347564
687603239
687850934
688087428
688334485
688499901
688701786
688946876
689183458
689408576
689648190
689851071
690093327
690258980
690479959
690742936
690995207
691237129
691479916
691742620
691997072
692198932
692469682
692726226
692895789
693188903
693396102
693614842
693801054
694061052
694303808
694507433
694751380
694909444
695117359
695352933
695510785
695715312
695948930
696202544
696343550
696599178
696823614
697066818
697301734
697613262
697814262
698040472
698302975
698493702
698769811
699009330
699255449
699533482
699790948
700110837
700345527
700540377
700725636
700953405
701141921
701408925
701658689
701910050
702124550
702368426
702604292
702778194
703022838
703247464
703478473
703708111
703934914
704170508
704438044
704646316
704865992
705087157
705293354
705519565
705800052
706060212
706308115
706570150
706843916
707037236
707304060
707563754
707840035
708060940
708282333
708505843
708739455
708995007
709247203
709532229
709699752
709918339
710132167
710364539
710595731
710802352
711027522
711281876
711521099
711735484
711995521
712215412
712439080
712639861
712809781
712961727
713167772
713439016
713776884
714094485
714346550
714674085
714902319
715174623
715441248
715660187
715856926
716094855
716323100
716547539
716737152
716939818
717156362
717394719
717603849
717858503
718101849
718347800
718607406
718861045
719127754
719357345
719570533
719792812
720036001
720275039
720539220
720765487
721027401
721298376
721512503
721777646
721994889
722274847
722529628
722788197
723026681
723234978
723480871
723701172
723904929
724143487
724414085
724654158
724882271
725065308
725344237
725568028
725785886
725996246
726218306
726416722
726615504
726826772
727067689
727294662
727528828
727787043
727998763
728254170
728477220
728739599
728981328
729219177
729458051
729737947
730001538
730243299
730513345
730725810
730930735
731221840
731449528
731716622
731964946
732220230
732461495
732682989
732863105
733110553
733354316
733556462
733761539
734005345
734244304
734494129
734687450
734970430
735236563
735434132
735693225
735898708
736145828
736365355
736585625
736888015
737126625
737380881
737644431
737905907
738108003
738343435
738567956
738797519
739104537
739377863
739599292
739840457
740084992
740337169
740611781
740903943
741126154
741338231
741610121
741862378
742115415
742333394
742589726
742873130
743111346
743350145
743622503
743879097
744152015
744424045
744666621
744914496
745166370
745387550
745614795
745837159
746075771
746304211
746574977
746759817
747015887
747239287
747485509
747688449
747898560
748100314
748369032
748639122
748889320
749096993
749318874
749522894
749693280
749932010
750185335
750431571
750601244
750805126
751043501
751298837
751508799
751732126
751979655
752268160
752518740
752754797
753014322
753288902
753467662
753709139
753979797
754234138
754478814
754742326
754974632
755219667
755483813
755740620
756005996
756250664
756527712
756839414
757096472
757334801
757573851
757795547
758054049
758229818
758501803
758773138
759008313
759243520
759482915
759702817
759964812
760169846
760376307
760579691
760802571
761043004
761245518
761470462
761659493
761853277
762084698
762344958
762595479
762881379
763171859
763397454
763649169
763894474
764089539
764349534
764542445
764832579
765090727
765352790
765608515
765813047
766050766
766329631
766570595
766770178
767012360
767271747
767531930
767842505
768029596
768267782
768551177
768824610
769068427
769308189
769554167
769762151
770054308
770321113
770577192
770762529
771016272
771272884
771519313
771773343
771999259
772250382
772472984
772680336
772902647
773143282
773396906
773655732
773880654
774112431
774321210
774592446
774812770
775072954
775310203
775593444
775842732
776104991
776346253
776550013
776801547
777019894
777259111
777520867
777741771
777971599
778233849
778466333
778698594
778940557
779188240
779388967
779561105
779754742
780039842
780287495
780516415
780737355
781024079
781295393
781432558
781684191
781927181
782166662
782422692
782714693
782960897
783181620
783418980
783662873
783870567
784148670
784396035
784616490
784815330
785038562
785283390
785540437
785756073
785961183
786157432
786459474
786695945
786993358
787142057
787372781
787575546
787752537
787921996
788129134
788300676
788469306
788585556
788754900
788970434
789159036
789395989
789638229
789894926
790088218
790294492
790533129
790759239
790984805
791238464
791435676
791694238
791965547
792186630
792451893
792688016
792980065
793185141
793426749
793594438
793804735
793988459
794210525
794454883
794692466
794898449
795137497
795357658
795610645
795867170
796024225
796261481
796514050
796701312
796939594
797108588
797380697
797567857
797685994
797890129
798130770
798387157
798617827
798819732
799086048
799343358
799575691
799796812
799987402
800213284
800438015
800657501
800885887
801176638
801405561
801680400
801915781
802109839
802294078
802532277
802785631
803060522
803292957
803461847
803694262
803977117
804142984
804388103
804635661
804831794
805021265
805278009
805515483
805675387
805882801
806124491
806364115
806573106
806761063
807023202
807296460
807516437
807687811
807929258
808124105
808337195
808526700
808751973
808940083
809100205
809343460
809555511
809777574
809966890
810210036
810448821
810727264
810986774
811223110
811445257
811685071
811886505
812111651
812316216
812525433
812732609
812971662
813243171
813497976
813778042
814001488
814265224
814503792
814776205
814948962
815182784
815439253
815713228
815950896
816158785
816309004
816539730
816727811
817026717
817287318
817519053
817800907
818041417
818311614
818556424
818777045
819021177
819280497
819551342
819817132
820089767
820321761
820540179
820808361
820992377
821252427
821475902
821733400
822004432
822264172
822523781
822765626
823016693
823291086
823527898
823716098
823950702
824215982
824508089
824712493
824932300
825168239
825400530
825590451
825854638
826096578
826340468
826577780
826773069
827026982
827217919
827374350
827580351
827805288
828048418
828298453
828536981
828785325
829005752
829191495
829399199
829609994
829785299
830033091
830202195
830440857
830693806
830979807
831136512
831295450
831516764
831738630
831942419
832225606
832486150
832686621
832889949
833149567
833372743
833606342
833881705
834103801
834274028
834517122
834779753
835055438
835287209
835466395
835719711
835918681
836115944
836340528
836582931
836801555
837068315
837322230
837573816
837813940
838007604
838202516
838405813
838649313
838913018
839190081
839439279
839631410
839861455
840135825
840322600
840564740
840814329
840989750
841247277
841476859
841725867
841920159
842174172
842437201
842692657
842948103
843176711
843395983
843598194
843759494
843963391
844220560
844456664
844667248
844894309
845116936
845323443
845509628
845655213
845934613
846155611
846375681
846655711
846923118
847170663
847377226
847605157
847860722
848081670
848322154
848530781
848735476
848973400
849213857
849368526
849567539
849724951
849925605
850151533
850393763
850649959
850829706
851074026
851279099
851437070
851650400
851853023
852040330
852226094
852416242
852607542
852737951
852967358
853152124
853252495
853459329
853652023
853876542
854089318
854265049
854443232
854577937
854834603
854996610
855180463
855317289
855470640
855684090
855862662
856039056
856218182
856404668
856588740
856724462
856945208
857200499
857437262
857663623
857946792
858207642
858467757
858663988
858934389
859107657
859366786
859568798
859813266
860062696
860228947
860498884
860768928
861027634
861200963
861424663
861624498
861816028
861987936
862216479
862474464
862680619
862917314
863177285
863422574
863634565
863910494
864130973
864388795
864683359
864897624
865116834
865363192
865588863
865789602
865992138
866201061
866439127
866681207
866956218
867193304
867363556
867634324
867898977
868162301
868358907
868584623
868770907
868991582
869234778
869464225
869653106
869904342
870157029
870401245
870556680
870809811
871051449
871242598
871511462
871697666
871909193
872091663
872368750
872642869
872909037
873155307
873324532
873544473
873803355
874051162
874287570
874490547
874715511
874935263
875143540
875346871
875622595
875841549
876085206
876320126
876561512
876778895
877010690
877226746
877478340
877720032
877946924
878202419
878425022
878624816
878860656
879064237
879266902
879472504
879685891
879937526
880124252
880385450
880637321
880863028
881095728
881337694
881516797
881718457
881920891
882189053
882396341
882593864
882803948
883039281
883271940
883467310
883721794
883878137
884124913
884366160
884572807
884760881
884990576
885251613
885471197
885693888
885923997
886179084
886415650
886635947
886878822
887117597
887343747
887548587
887820890
887972082
888765728
889036431
889258537
890263305
890469375
890726159
890991125
891200461
891400941
891622329
891808235
891987111
892147149
892341660
892536076
892746282
892952269
893174049
893289752
893479228
893681166
893862591
894085060
894215629
894384740
894605986
894841904
895030199
895198622
895387859
895454616
895627648
895861985
896070707
896269558
896440448
896644022
896864965
897066275
897187314
897363690
897518827
897681468
897883206
898071934
898260935
898445831
898690466
898929492
899210774
899477729
899718613
899972700
900198161
900455809
900676700
900905514
901172938
901340335
901578785
901819449
902063058
902302846
902557105
902745013
902967281
903219367
903410614
903646970
903861194
904123442
904399827
904653695
904937954
905176308
905433565
905668317
905870708
906091566
906281782
906484374
906708146
906939471
907109546
907306807
907497496
907685049
907835741
907977647
908140389
908289366
908513415
908745945
909000447
909219415
909452862
909707580
909930780
910183837
910442310
910680623
910867688
911093012
911338014
911549146
911806520
912007412
912228574
912449694
912640644
912853515
913105311
913310410
913530469
913750515
914002700
914190240
914458271
914686798
914925993
915127648
915342534
915587782
915842577
916083542
916234333
916491483
916735628
916973029
917188841
917378597
917580451
917784486
918002082
918174854
918346759
918545154
918665515
918833391
919041073
919268391
919470173
919712474
919958663
920219344
920434207
920676381
920931635
921172141
921282761
921506465
921699747
921910124
922117759
922353163
922569338
922815164
923062010
923305380
923578279
923765623
923986704
924247343
924489085
924662955
924857197
925094945
925338945
925595301
925819611
926055789
926252438
926501078
926760909
926982161
927202504
927447224
927665568
927924904
928094301
928267888
928559455
928808017
929004424
929225116
929480965
929710611
929970481
930179231
930379355
930673821
930939007
931167943
931377436
931569278
931792213
932024420
932264360
932503207
932726511
932915318
933208830
933394036
933630784
933823918
934042931
934337888
934603040
934880972
935105252
935334276
935563999
935766062
935988204
936196041
936467585
936579149
936814578
936996634
937151355
937352205
937454502
937659381
937759025
937916385
938135761
938342676
938546020
938732759
938917319
939104072
939307053
939464970
939674089
939821947
939973781
940199501
940387075
940572256
940791826
940985114
941160109
941312073
941506470
941709612
941894565
942085338
942250487
942420284
942590010
942733207
942835443
943023680
943226670
943475063
943644902
943864749
944121519
944379930
944637603
944885234
945141072
945367427
945605749
945881330
946102399
946321566
946587423
946782347
947000947
947228135
947468177
947683900
947897781
948119732
948339133
948579702
948761956
949002969
949184404
949407113
949643634
949881792
950123175
950400296
950623954
950818544
951009505
951292180
951534077
951759974
952063020
952241591
952481954
952742520
953001472
953142831
953343909
953467186
