0
16136
33299
50181
67207
85738
100459
118111
134353
151419
168256
184925
201861
219340
237344
254801
269977
286864
303706
320476
337894
354727
371354
389715
406570
424726
439334
455990
474041
489893
506999
523659
542198
558031
575578
593898
610718
625476
643589
660035
677682
693663
711559
727276
744989
764173
779507
795084
812436
829092
846416
863445
880565
897073
914968
935513
950570
966575
968207
983701
1000281
1237474
1374121
1510679
1630927
1769440
1938049
2074317
2175097
2326899
2497666
2616537
2752147
2887654
3022776
3210855
3385023
3537366
3722989
3861847
4049184
4135647
4322735
4475358
4686027
4871350
5010202
5109016
5244472
5396176
5534818
5719060
5973561
6162640
6355228
6541946
6749218
6957280
7164991
7389730
7658199
7900108
8123198
8342952
8582585
8750238
8938537
9176970
9396624
9599922
9785855
10006822
10243926
10446502
10670376
10870930
11082092
11305014
11513237
11666200
11878266
12014314
12240059
12457820
12630316
12857860
13078913
13299204
13480783
13721873
13944368
14117790
14352268
14542020
14713486
14920972
15114194
15288387
15526919
15712567
15935464
16139230
16344389
16504209
16698462
16851165
17070569
17278704
17447747
17668209
17896256
18143098
18382972
18570160
18690920
18946499
19118931
19293550
19476868
19670640
19904318
20093690
20282384
20523281
20739814
20930788
21100701
21358974
21562299
21771492
21987527
22209470
22363776
22588031
22819695
23028490
23274808
23445544
23636795
23856318
24057635
24247470
24468327
24687316
24824243
25000580
25189770
25388726
25609904
25851498
26092748
26311381
26532912
26754259
26962548
27199361
27414194
27636583
27908372
28167391
28390763
28653591
28904072
29074192
29260259
29452393
29667719
29868894
30091927
30330634
30484199
30757985
30950058
31072724
31341289
31553198
31797524
31919018
32137361
32306741
32492243
32713127
32971173
33229919
33454512
33657715
33864779
34118793
34366648
34653773
34806295
34965424
35182761
35336127
35559979
35747539
35916036
36173690
36360076
36550579
36760657
36916019
37085014
37326850
37482879
37703152
37856985
38165015
38304617
38539849
38779365
38931885
39055507
39239150
39443015
39658189
39888806
40089920
40297219
40551096
40792074
41014259
41185348
41333815
41555147
41756852
41984584
42165988
42389880
42610720
42813342
43043611
43281215
43484442
43741513
43965643
44151155
44320845
44559107
44814764
45005887
45208746
45350518
45536457
45794755
46063943
46304887
46546869
46749579
46987242
47161523
47408968
47597555
47818540
48023643
48259777
48523640
48713609
48906620
49088513
49328918
49536261
49639366
49825514
50084088
50262854
50415041
50532936
50737821
50948836
51151767
51387740
51556675
51710785
51898313
52119826
52341632
52571752
52756652
52928601
53123571
53309265
53548452
53783854
53986544
54214572
54383293
54586607
54777114
54900904
55069747
55241639
55411463
55562101
55730957
55848966
56074377
56264193
56396914
56603463
56818987
57072829
57284148
57496263
57665601
57802109
57971092
58173360
58363287
58567241
58753144
58971047
59134001
59332342
59566678
59802217
59954452
60162614
60331291
60521906
60720073
60943541
61163735
61422572
61593401
61781598
61902546
62017893
62169991
62305881
62448364
62549312
62701916
62825317
62909172
63048506
63291433
63448421
63604131
63761312
63909034
64098011
64253591
64413281
64590468
64764415
64956436
65088297
65246343
65486778
65724247
65931299
66119703
66289124
66459505
66579530
66729125
66884022
67023512
67226026
67363708
67545639
67738393
67924491
68031957
68277418
68517161
68673381
68891151
69146513
69338681
69581676
69756024
69965321
70173084
70342658
70527313
70752008
70887738
71028604
71196468
71436946
71682986
71872321
72111405
72262801
72402292
72601699
72719634
72923864
73080489
73298759
73485637
73655121
73842530
74026857
74213853
74400182
74628405
74815899
75049356
75209949
75431809
75566778
75734655
75971788
76109512
76332884
76531769
76685762
76904085
77049544
77268450
77470803
77694806
77879485
78066178
78257031
78428683
78653642
78838818
78990911
79179251
79405691
79608136
79847755
80067993
80262709
80512978
80716053
80968646
81122691
81296757
81450556
81702435
81877164
82065361
82287130
82529879
82751508
82903874
83173875
83294168
83498239
83650294
83855691
84064793
84232069
84451424
84688164
84873337
85080354
85197376
85439264
85678167
85931190
86130498
86350489
86540021
86793261
86967649
87189363
87373831
87626634
87851967
87992589
88162271
88381111
88600408
88740310
88892313
89047489
89216899
89421159
89605182
89807794
90085072
90341736
90564275
90767737
90986695
91202025
91408851
91580157
91795956
91948999
92169044
92390416
92581840
92776849
93026603
93162373
93299293
93504989
93673683
93776214
93877537
94063281
94198524
94343095
94556907
94735760
94930337
95137234
95361151
95563911
95716727
95873587
96021459
96190509
96381641
96549545
96719011
96919256
97155880
97307497
97479562
97698942
97904505
98074318
98346776
98568148
98740745
99298804
99556825
99740440
99971088
100166739
100422021
100642089
100888571
101079420
101228952
101396308
101527541
101776944
101954298
102172106
102329166
102508848
102667284
102770549
102961172
103118875
103297187
103513195
103619572
103777406
103970436
104205700
104378815
104531261
104739911
104956196
105119000
105270084
105447230
105584103
105753372
105869889
106034559
106185712
106410590
106602865
106807949
106975616
107126463
107301385
107421850
107658438
107919058
108195778
108417731
108654984
108895277
109099284
109303201
109547639
109737470
110044721
110247088
110453354
110679758
110909750
111132978
111318496
111545328
111781386
111960078
112150623
112368286
112604753
112799135
113072489
113278300
113530122
113734506
113905788
114160826
114346325
114565110
114776390
115050470
115304050
115591894
115777340
115974709
116210003
116435246
116612255
116817671
116986649
117131507
117290838
117447732
117598712
117817465
118042306
118230454
118398900
118552451
118790966
118986327
119108674
119280196
119512478
119727857
119901879
120091966
120301020
120553964
120764035
120954164
121192441
121406097
121659428
121828950
121998833
122188138
122356493
122562231
122751706
122900326
123035047
123263552
123437728
123549896
123735886
123958071
124111096
124298737
124501419
124687764
124926108
125111383
125317765
125487399
125688215
125909002
126112319
126283172
126418387
126574534
126747211
126984047
127176891
127323811
127492650
127684828
127854728
128086573
128238594
128407609
128555338
128738717
128958215
129161993
129451423
129637826
129790090
129981294
130242846
130518023
130751158
130952617
131183817
131473606
131821614
132036811
132232621
132487702
132680054
132862659
133070552
133270076
133456736
133679117
133850877
134019734
134211544
134380794
134499864
134785393
134988639
135076336
135245849
135449009
135687948
135892760
136120465
136344484
136586526
136823952
137053854
137257356
137453336
137640848
137878482
138088333
138291048
138496957
138650747
138799790
138969451
139155331
139346279
139500252
139652043
139859379
140059165
140282206
140502681
140737107
140899936
141110700
141231965
141430487
141654352
141841424
142034526
142203898
142423490
142694475
142837719
143075903
143228092
143449181
143630608
143750607
143919083
144107244
144342637
144565984
144734538
144920601
145178490
145349355
145554331
145704780
145895158
146045951
146267581
146438580
146574944
146719528
146820077
146972553
147176932
147311999
147504740
147656078
147794176
147935817
148046235
148145296
148247026
148346929
148451989
148624431
148761426
148933730
149117556
149221081
149394499
149497242
149578235
149739075
149873660
150002025
150150300
150318861
150526549
150624656
150796404
150983112
151141223
151307895
151483681
151687252
151856314
151972296
152192727
152380136
152548044
152701925
152854079
153013514
153234696
153392776
153619495
153870301
154111353
154316759
154485120
154639361
154787957
154924525
155058787
155280546
155473810
155670541
155827271
156032108
156235617
156412424
156615118
156784352
156953920
157107472
157310605
157499107
157684896
157895712
158083124
158283067
158501866
158704756
158942586
159127863
159296809
159539936
159726977
159936645
160085426
160325653
160553230
160775404
160962107
161162630
161348350
161552463
161739178
161962548
162097740
162321205
162574406
162692554
162831351
162980254
163209864
163449246
163668603
163858535
164027750
164251299
164472060
164692522
164911793
165150174
165336335
165523099
165745225
165945194
166131108
166352348
166533959
166807005
166942059
167115673
167275240
167512034
167717341
167905927
168102476
168307463
168555664
168762001
168930846
169150742
169405591
169591660
169780194
169974393
170181943
170370701
170556568
170744367
170954185
171123391
171335411
171560276
171785370
171988667
172209427
172362337
172531892
172717113
172896568
173099647
173309154
173476140
173661774
173881862
174104281
174311308
174529784
174733205
174937568
175114514
175339962
175490088
175658911
175878433
176065460
176287527
176460272
176662290
176848773
177018154
177186545
177321375
177475449
177644062
177864142
178067396
178239210
178375460
178512222
178737066
178938892
179160396
179346207
179549495
179705885
179862676
180032004
180135397
180304909
180473511
180600022
180732713
180919767
181088872
181294770
181501638
181643937
181794509
181981390
182165154
182367148
182608537
182833645
183071600
183314936
183541799
183789801
183980010
184225919
184428731
184549436
184721161
184879338
185072394
185243161
185449535
185636492
185823282
185996267
186166076
186402815
186593150
186805561
187000936
187209102
187394374
187597861
187799837
188058029
188277495
188515733
188746364
188948745
189151975
189356740
189627809
189908129
190129957
190383410
190657923
190925350
191152221
191359813
191586454
191813921
192048772
192168462
192354995
192477472
192674703
192761238
192964395
193218254
193408848
193634214
193786034
194006857
194108661
194332520
194549829
194784900
195027253
195296934
195466461
195654321
195839394
196044384
196241394
196443722
196647660
196834625
197073113
197310855
197556672
197710756
197912275
198106684
198344083
198615702
198813692
199033768
199288339
199441254
199627941
199851600
199984029
200188551
200423533
200618666
200824411
201047451
201266958
201473543
201663245
201885802
202110059
202336371
202570970
202773787
202993744
203233789
203438798
203654872
203875574
204145525
204297836
204518726
204755779
204881132
205080689
205282471
205533374
205686420
205906708
206077242
206318703
206537740
206741046
206980458
207235202
207375535
207594163
207831512
208085852
208306439
208530223
208748966
208937025
209140531
209226480
209414668
209614866
209817790
210004618
210207893
210411740
210610168
210827215
210930512
211130042
211282457
211505371
211757166
211944646
212131230
212284158
212478387
212697696
212918448
213145331
213286005
213454366
213592482
213796919
214022223
214243210
214461950
214631181
214874478
215093001
215262435
215468018
215671126
215806362
216094110
216263326
216488560
216622669
216724702
216912130
217100179
217335179
217572242
217761532
217983363
218237123
218431083
218623996
218825704
219046210
219164076
219422230
219643818
219866755
220148730
220401830
220625264
220864254
221014573
221234304
221420583
221590945
221844863
222052629
222201846
222407549
222545927
222780257
223000171
223221485
223377108
223528652
223716727
223902250
224121191
224273702
224406906
224613291
224812215
225006398
225176956
225379326
225550834
225720317
225912378
226063764
226271192
226490782
226693848
226913955
227167595
227359829
227597110
227766729
227977236
228197579
228386930
228554829
228744330
228963429
229184484
229397900
229603381
229804559
230007404
230175915
230311471
230480769
230651701
230820469
231006430
231193011
231329714
231539447
231758942
232017140
232223325
232410681
232528791
232714524
232934933
233125780
233354684
233541912
233709834
233930930
234118610
234339608
234490397
234626731
234795745
235052283
235286561
235455856
235683784
235909897
236093681
236213087
236418967
236622853
236774035
236910405
237133229
237387441
237641569
237879083
237999786
238205587
238431840
238639612
238840826
239065428
239322738
239555840
239759445
239987062
240207218
240376682
240598380
240821805
241058479
241246221
241446633
241642762
241848695
242089225
242331729
242483480
242643333
242859679
243047359
243182755
243317678
243505037
243645352
243778124
243986161
244155447
244327012
244476915
244685919
244841761
244939244
245146732
245333754
245555660
245796927
246017766
246253133
246526769
246745464
246934032
247153836
247308866
247459108
247663361
247885853
248041848
248211788
248416486
248650766
248820357
249057151
249226085
249446899
249680772
249816019
250018348
250172273
250341969
250528168
250748455
250867387
251070793
251222473
251379153
251620911
251826303
252017604
252175211
252409660
252593361
252761728
252935222
253071267
253194189
253377078
253545564
253781892
254043028
254259381
254460740
254666001
254851041
255027257
255263997
255470239
255688740
255857660
256026976
256283036
256506859
256611448
256870684
257138332
257372909
257576612
257806528
257976546
258146341
258315444
258520202
258724569
258911129
259096892
259269237
259471996
259659411
259846196
260064810
260285761
260495807
260666889
260871242
261077285
261262447
261465176
261583450
261720126
261914724
262136468
262373148
262530053
262750149
262976937
263196826
263399066
263636571
263818265
264058546
264217110
264418738
264660702
264866070
265018018
265255953
265461202
265665314
265870447
266054671
266275124
266450489
266652528
266877996
267111941
267331723
267561430
267731066
267930740
268151629
268360407
268569280
268822953
268942424
269184255
269286681
269473886
269731064
269954586
270188128
270391291
270588801
270776942
270982178
271180672
271371301
271548164
271768865
271990694
272209416
272434342
272637808
272808428
272976275
273212794
273400792
273602905
273827898
273980233
274185740
274321216
274529860
274799346
275014416
275218715
275407296
275576801
275769439
276003998
276212808
276421759
276658258
276879940
277138779
277363464
277517232
277724977
277942765
278149049
278389441
278559706
278796041
278994319
279165177
279352077
279571015
279779961
280001328
280171365
280394228
280628074
280865940
281072441
281291716
281444243
281654516
281789765
281992613
282195134
282382498
282571136
282808398
283046412
283267099
283485851
283706613
283841058
284027423
284184067
284424067
284560381
284734851
284904213
285078467
285253601
285475040
285693522
285887955
286056213
286209482
286398387
286572459
286803213
286989567
287192386
287399739
287582015
287803225
288023424
288259754
288423017
288590365
288796608
289035061
289188438
289338271
289474767
289678842
289882257
290103000
290289545
290543224
290649065
290823822
290971245
291142859
291333586
291505211
291740000
291873998
292079076
292265396
292435073
292588065
292792525
292974534
293154102
293394854
293509824
293678603
293866867
294005048
294139248
294308472
294511317
294699023
294941317
295166336
295336088
295548628
295789850
295957967
296141235
296328488
296515288
296719750
296956279
297213769
297421133
297685342
297850614
298087257
298226316
298448741
298669958
298821989
299055565
299223145
299347594
299517769
299686905
299874485
300072861
300287613
300495980
300717491
300886131
301110378
301368292
301626221
301795801
301930149
302105417
302345556
302484251
302671736
302846949
302977238
303147016
303335538
303553550
303726339
303911379
304129883
304338317
304574800
304744339
304946435
305154268
305290896
305485746
305673022
305847623
306099357
306284424
306504507
306760240
306977611
307192631
307378300
307598660
307769472
307987770
308160379
308276847
308496320
308634899
308803996
309009078
309211077
309398604
309620036
309829685
310044773
310247314
310391145
310509109
310756000
310997158
311269962
311493068
311696269
311872851
312109581
312349220
312586677
312837999
313041103
313250130
313451830
313673362
313868892
314127144
314295734
314545079
314785109
315041212
315313282
315464248
315653730
315905154
316162800
316278018
316482440
316652091
316855755
317038797
317291670
317494639
317723016
317944091
318163864
318334944
318572506
318746281
318930805
319120078
319340757
319545095
319769390
319988717
320246313
320415439
320588388
320757127
321028533
321233663
321485869
321723523
321915051
322119339
322289101
322531854
322735458
322972540
323163466
323361963
323564484
323751217
323936945
324177300
324393744
324596310
324833753
325024021
325206541
325378114
325583222
325783539
325884697
326058054
326277756
326464574
326615795
326805711
327006996
327232032
327349310
327585657
327839090
327924044
328079872
328279583
328444509
328579963
328697820
328889583
329145890
329325350
329533592
329689316
329839394
330009041
330195442
330363569
330533748
330719842
330865430
331056968
331159364
331381784
331584173
331803073
332030762
332252467
332424634
332609023
332830085
333064887
333273920
333478931
333622192
333827880
333978498
334147622
334315729
334437260
334590009
334795109
335012161
335181505
335351951
335592282
335772361
336011822
336233245
336494518
336713604
336967764
337255037
337492249
337717881
337942720
338144867
338337514
338567256
338765802
339079634
339284303
339467244
339603568
339822007
340061154
340320593
340523474
340760764
340949908
341148909
341374641
341594824
341831322
342051445
342288672
342499067
342641509
342899810
343138184
343426462
343628718
343814131
344033658
344291103
344493909
344647095
344934815
345197746
345401436
345603959
345776414
345892273
346078730
346313930
346505298
346694670
346912607
347066056
347193459
347476839
347670283
347924563
348161400
348391045
348625370
348828920
348966263
349242852
349425522
349610783
349830023
350049925
350256557
350473120
350710060
350926473
351095781
351246841
351485313
351739236
351874007
352096699
352367876
352607853
352762742
352949362
353220307
353389052
353609923
353745862
353914048
354100347
354303254
354473239
354679153
354849061
355085420
355209417
355322621
355525409
355714761
355908094
356155878
356394045
356612697
356868024
357129980
357367067
357622670
357806906
357992106
358212021
358453938
358652140
358887459
359142427
359298900
359564171
359699338
359912081
360132020
360284558
360492198
360747236
360932757
361086299
361293397
361517918
361728939
361931342
362068814
362224702
362904652
363168908
363353965
364443679
364682143
364885955
365075605
365300456
365491811
365682957
365819750
365968606
366123742
366311731
366498126
366688992
366838607
366939916
367095516
367179420
367336749
367462988
367653620
367867432
368024389
368174375
368347082
368518418
368706184
368839532
368988926
369131712
369347244
369551927
369717611
369943834
370097123
370264177
370366292
370543120
370660660
370834081
371021162
371111835
371326046
371509253
371672826
371860224
372032260
372197227
372399914
372554137
372721382
372964066
373208366
373389866
373621744
373773645
374011226
374147033
374315696
374560621
374795650
374985070
375222254
375459553
375713545
375954152
376188441
376450118
376584817
376799057
377014497
377269243
377522640
377696028
377883227
378118010
378332298
378502480
378741876
378948332
379153050
379428598
379664583
379871600
380006237
380232584
380452382
380588245
380790323
380976323
381146047
381302385
381505344
381761153
381978514
382185544
382388155
382557625
382810948
383014721
383235041
383446920
383679675
383848722
384004465
384224468
384467449
384698847
384851543
385105765
385312256
385561956
385821489
386037937
386264752
386495850
386780662
387023399
387254041
387529705
387697960
387967663
388241900
388418215
388657959
388830700
389050786
389243787
389427717
389718493
389963195
390133530
390319163
390522396
390724511
390928544
391132047
391367431
391536076
391776029
392028823
392260106
392462865
392658409
392858140
393111785
393367804
393587385
393791200
394051160
394229509
394433286
394635911
394896838
395031214
395201347
395421382
395640386
395919468
396132050
396405204
396649231
396819016
397005009
397226836
397484700
397671356
397879106
398084371
398313251
398544403
398764553
399018416
399223807
399428485
399673801
399910751
400206283
400389917
400608850
400744561
401007130
401176588
401421582
401556306
401763527
402006180
402226839
402434685
402678335
402815439
403066944
403270998
403524505
403755539
403984247
404153920
404370032
404555982
404803635
405040446
405179951
405311909
405497757
405767130
405971414
406198270
406449421
406687043
406900720
407137105
407375319
407566141
407771190
408024749
408266059
408493330
408662956
408882817
409105321
409409207
409562464
409734390
409920355
410108784
410296183
410417178
410548035
410756889
410962237
411157207
411328552
411515792
411703054
411927279
412117349
412237303
412444426
412580062
412732721
412885328
413024324
413175705
413366910
413516093
413705393
413805844
414019362
414193400
414347708
414534021
414668746
414803916
414925360
415078418
415266715
415459775
415682123
415868090
416039344
416245622
416413596
416620752
416826840
416948002
417132369
417367934
417545655
417749659
417986522
418252930
418507906
418728449
418931332
419185113
419354511
419541202
419745779
419931514
420149479
420285799
420505136
420747973
420979273
421198652
421424613
421697121
421909143
422142022
422379493
422633806
422785868
422971381
423210059
423446099
423686380
423970190
424177731
424376349
424566107
424802254
425032779
425203041
425354458
425507542
425777077
425963688
426170176
426342650
426578513
426817570
427075357
427326278
427530059
427767450
427967769
428175792
428365210
428601364
428791941
429041314
429245248
429469355
429652156
429868950
430071524
430321672
430541273
430679975
430939718
431185951
431375082
431656098
431897677
432133077
432356335
432595526
432814180
433068768
433263476
433482827
433701324
433885639
434140197
434309535
434465641
434712558
434881746
435142150
435444692
435584630
435736955
435992043
436248979
436355404
436535446
436703610
436908021
437111627
437297386
437538894
437738314
437945058
438134197
438419698
438673847
438860446
439147029
439404517
439576548
439887140
440146072
440301407
440470477
440723177
440913293
441097551
441358784
441563006
441785605
441981460
442222005
442391999
442599470
442835737
443076034
443282659
443471708
443694308
443915346
444135030
444288135
444440048
444644421
444813339
445069727
445273851
445496067
445757941
445906331
446094750
446251040
446475080
446661589
446899012
447068646
447313330
447469893
447669647
447910613
448113955
448350100
448586464
448813022
449020297
449272589
449491133
449719092
449939073
450177497
450463958
450700249
450895056
451115780
451342984
451496002
451715324
451970888
452210385
452398111
452588747
452777337
453012380
453234590
453458511
453657983
453833782
454036476
454222996
454446335
454665976
454906242
455143164
455452914
455724614
455996100
456237979
456396526
456632567
456806504
457079824
457305141
457506950
457676356
457914309
458151701
458372602
458610756
458864044
459066856
459289164
459478411
459661841
459906994
460123710
460350968
460609245
460779087
460947382
461134405
461338476
461575598
461815991
462057874
462308000
462549405
462737361
462937367
463196185
463450638
463671871
463875770
464079638
464333628
464572339
464779387
464946885
465183045
465419689
465557847
465780099
466015528
466218538
466480850
466670024
466923646
467128274
467363981
467601071
467803078
468033394
468228670
468380212
468569578
468801980
468979792
469176349
469417343
469634472
469854276
470091239
470225637
470416683
470609103
470811590
471034738
471238536
471458925
471714612
471903390
472107539
472380490
472635717
472857908
473098192
473335971
473487167
473692715
473904535
474110026
474298324
474518294
474713220
474882732
475109200
475329348
475587481
475757836
475976168
476230334
476489491
476676920
476901173
477071612
477311136
477533490
477748373
477915943
478151973
478423360
478647714
478834360
479096148
479282346
479557243
479744721
479964560
480117729
480276610
480446609
480700353
480959093
481148612
481399535
481662674
481889624
482058689
482228050
482417431
482625315
482792295
482992162
483211375
483417272
483585436
483805199
484087874
484257313
484396868
484615460
484887399
485110220
485350756
485590968
485792755
486000441
486203775
486389111
486631471
486879467
487103361
487385920
487589315
487812076
488013053
488181785
488401574
488606220
488844008
489047947
489264084
489507208
489724184
489943881
490148601
490333830
490592090
490845598
491082914
491320102
491559264
491729766
491954676
492153327
492396749
492572321
492798397
493024488
493292156
493512177
493748729
493987074
494240854
494517061
494766677
494987108
495171764
495446056
495600047
495892710
496132703
496385056
496622577
496859888
497100153
497338216
497576765
497749173
497951823
498215067
498384606
498590539
498796738
498935385
499177594
499384299
499530014
499750243
499955640
500160142
500381436
500654212
500789344
501042775
501300747
501521347
501723128
501945177
502201714
502390787
502626053
502828794
503017561
503220492
503423217
503660975
503795695
503949115
504101253
504271778
504496794
504775608
504925292
505148732
505370267
505630732
505813220
505999162
506151004
506357234
506595128
506785436
507053222
507255186
507442085
507696198
507949999
508124559
508342276
508493436
508682061
508899511
509094604
509276212
509431024
509660055
509864139
510065621
510233987
510405624
510561767
510730999
510903920
511155690
511347525
511558720
511813665
512000706
512227880
512382308
512534325
512754247
513000839
513152627
513389132
513558101
513779378
514062669
514333956
514537113
514756251
514917053
515172037
515427701
515603874
515836888
516043004
516264078
516469051
516689118
516862973
517103400
517301426
517574219
517713535
517936802
518090521
518317383
518504988
518741472
518945318
519116030
519337574
519545208
519815064
519984577
520223079
520409354
520634401
520788070
520956936
521194244
521400261
521653386
521808358
522011002
522231097
522490593
522709862
522863403
523085565
523296284
523465932
523629857
523845782
524015647
524253380
524423057
524648523
524901383
525137505
525328545
525511366
525697217
525835109
526025111
526211087
526398892
526657412
526880917
527100290
527287687
527391839
527663325
527886321
528072641
528324235
528477447
528646576
528817079
529005830
529247031
529397613
529600093
529840560
530100327
530282760
530588616
530707734
530995865
531225227
531381403
531518766
531723587
531916167
532170714
532374274
532628433
532835000
533107904
533347798
533498745
533707764
533944143
534166391
534419918
534696442
534935082
535136861
535395977
535629920
535851155
536104761
536326304
536516153
536755356
536999579
537186480
537421079
537627335
537849408
538091165
538324554
538546947
538768854
538977284
539128811
539355599
539591591
539763249
539975790
540201273
540402311
540642744
540830255
541087585
541298391
541538051
541723864
541842386
542086241
542319908
542577484
542796942
543024866
543228052
543450644
543718650
543924734
544176913
544441257
544695951
544952419
545162045
545339521
545533675
545739252
545961627
546219271
546455782
546659185
546830122
546980751
547189013
547443966
547711529
547931404
548116697
548319473
548543800
548803630
548992464
549247901
549471788
549708824
549961650
550205108
550429365
550593946
550812485
550983141
551203822
551373042
551576193
551816926
552022673
552260391
552514530
552755977
552975871
553151846
553370062
553592688
553816314
554043795
554241773
554427979
554649404
554783756
555020034
555206756
555425754
555649265
555924392
556156893
556294866
556481007
556702254
556957641
557204760
557375698
557577711
557815223
558001063
558244452
558446835
558672198
558912107
559099072
559285337
559471153
559639758
559829956
560103291
560289729
560530994
560684492
560816001
561038489
561299757
561573818
561827128
562014146
562239461
562489206
562745323
562983673
563171616
563340808
563580614
563799375
564056277
564317863
564504236
564707804
564895060
565081847
565311323
565578409
565734991
566040551
566211107
566380553
566584063
566719765
566871172
567057291
567245419
567503927
567691177
567845313
568060103
568230928
568354128
568574078
568777310
569014218
569171442
569328696
569508107
569711412
569947883
570172958
570437027
570701759
570897387
571083294
571278203
571532047
571725689
571929726
572134376
572392735
572578910
572781416
573003714
573172998
573410133
573612508
573799165
574031792
574221047
574371600
574541044
574692394
574862442
575049523
575238038
575386630
575578036
575776564
575967660
576153543
576238348
576430418
576657064
576795338
576984427
577152378
577290179
577483323
577701030
577955725
578143517
578332647
578533974
578737562
578943029
579146182
579383002
579587239
579790863
580061465
580332994
580518308
580754955
581009099
581151481
581388781
581557970
581794311
582033433
582287888
582475375
582680753
582856159
582992033
583177916
583418583
583604491
583774154
583994052
584234106
584439166
584675004
584878155
585029451
585153612
585371417
585574505
585792964
586052599
586238790
586416709
586675265
586915025
587128565
587332536
587487128
587741077
587912036
588144126
588369906
588593600
588809586
589013005
589252337
589440564
589677433
589919968
590166865
590409018
590669620
590873545
591029038
591180908
591298084
591450834
591662008
591850662
592052268
592242630
592379590
592548862
592715589
592885865
593056238
593170667
593342016
593494297
593666199
593852633
594039091
594191219
594326676
594445038
594686328
594856818
595060607
595283416
595451860
595641034
595879068
596070716
596280509
596416461
596679964
596929229
597167256
597403937
597640379
597811414
598045238
598230359
598450453
598659725
598947895
599117469
599373319
599542684
599749770
599918142
600117543
600329930
600571952
600783857
600914273
601122557
601354714
601525097
601695540
601815735
602035531
602171880
602362086
602582519
602717427
602946277
603170391
603388655
603607869
603814028
603971942
604158014
604381122
604638609
604859645
605033709
605186860
605423578
605662753
605882739
606034763
606292378
606500960
606721010
606932435
607148552
607337186
607612095
607796198
607966828
608220485
608466333
608647883
608869973
609047658
609292421
609428284
609652841
609844230
610060597
610280708
610466972
610637274
610840686
611044486
611266363
611434306
611605093
611822423
612025759
612238820
612491971
612714720
612885315
613077283
613310741
613494552
613717872
613929965
614112919
614348516
614606135
614857153
615060534
615332420
615614556
615835091
616037034
616222006
616426243
616657140
616905280
617092030
617346109
617582488
617790693
617995189
618215108
618382621
618589681
618810301
618979839
619169281
619393935
619561864
619676305
619879360
620032024
620218457
620449704
620670775
620908249
621127448
621314640
621483946
621671366
621944503
622143613
622414339
622651283
622853484
623091435
623213335
623397286
623618819
623787081
623942580
624150328
624355239
624494347
624695959
624840711
625025246
625276354
625462131
625648510
625825287
626038491
626215505
626400239
626662931
626922112
627088842
627502885
627796947
628037204
628245623
628366617
628477339
628584477
628789614
628959936
629095961
629270018
629511275
629781415
629952813
630055127
630165290
630289413
630441515
630625313
630742827
630931618
631047069
631201036
631386194
631521880
631691135
631885540
632078590
632228913
632431303
632533225
632721263
632916959
633019950
633149079
633253293
633466005
633586845
633756634
633916652
634107139
634346260
634502748
634591283
634758289
634968469
635124991
635215168
635394342
635579742
635792640
636027803
636267723
636477295
636693197
636879693
637100541
637339725
637474020
637727689
637880067
638136552
638305188
638558981
638814132
639039944
639244496
639464048
639695561
639902294
640122628
640358129
640576579
640838618
641031408
641217876
641422105
641607046
641776715
642013077
642199781
642437264
642608287
642861203
643109677
643312243
643549681
643753825
643983766
644192395
644440706
644643587
644812882
644993720
645217889
645469808
645690021
645824916
646010816
646217732
646420410
646603055
646838779
647042961
647316063
647554869
647779852
648045404
648304657
648502934
648711858
648881326
649118480
649270023
649500018
649674369
649823630
649975646
650183884
650398261
650619783
650862689
651059501
651200395
651448069
651684980
651821454
652025748
652216673
652364760
652500845
652687078
652912917
653090503
653310389
653530959
653760936
653982466
654136218
654391715
654577716
654746839
654986100
655206140
655434853
655637425
655874279
656060203
656271506
656476845
656662672
656871214
657135919
657406211
657592750
657768664
657981628
658240914
658473184
658711444
658982989
659118007
659389607
659576161
659728913
659950541
660152738
660356322
660511754
660678637
660904442
661107241
661344581
661582475
661786150
661937677
662107002
662296233
662533998
662739743
662976430
663168550
663389926
663613149
663801540
663989397
664218290
664436893
664627293
664846702
665134825
665342643
665528464
665742107
665974146
666159877
666381864
666637753
666877717
667081129
667325726
667513431
667737503
667970221
668230075
668434111
668705685
668944907
669169063
669388371
669629738
669885239
670176553
670381032
670601230
670805525
671046542
671297709
671492447
671751172
671970280
672159245
672327767
672531321
672704027
672879298
673092253
673332238
673550809
673709519
673888882
674059166
674261942
674368373
674552551
674729229
674996222
675226267
675389557
675600103
675736391
675919696
676157085
676314959
676496062
676690643
676797152
676981426
677149004
677389183
677592420
677708670
677897181
677996337
678183612
678350953
678545408
678759834
678980364
679152788
679286040
679473253
679697168
679916250
680067364
680276697
680442240
680660363
680898414
681186835
681418329
681623185
681811651
681995614
682248231
682492412
682727564
682962311
683204225
683418031
683637398
683811721
684067206
684302423
684540969
684743245
684941262
685145634
685348603
685517775
685703707
685872494
686058794
686285726
686448689
686602843
686799525
686998195
687217932
687454362
687606532
687827778
687982558
688217622
688437303
688640827
688810912
688999808
689214161
689468663
689639118
689861307
690096061
690378621
690602327
690826982
691054679
691291904
691480484
691717596
691902832
692140934
692327916
692564868
692771173
692994679
693231696
693457341
693626316
693826039
694029642
694187093
694341786
694565327
694800798
694990726
695275236
695548224
695703263
695958077
696196367
696416477
696597732
696782618
696956086
697141182
697351722
697555844
697825455
697995539
698237845
698408701
698579114
698817948
699003313
699206881
699429967
699597464
699844135
699996167
700235373
700422302
700575290
700805985
700996381
701214156
701454243
701606598
701865049
702111130
702247734
702522645
702756529
702943373
703164943
703369568
703587432
703817046
704016021
704201946
704438072
704718270
704950965
705105984
705341591
705527666
705724383
705912396
706190427
706338203
706609030
706883513
707120688
707342930
707539905
707788813
707976849
708162092
708386502
708572434
708743585
708945111
709168326
709407833
709595673
709800601
709982122
710084961
710322948
710545924
710771106
710941001
711097852
711307741
711442076
711677650
711896910
712135992
712372409
712631186
712804922
713016280
713259156
713497802
713668815
713838832
714042129
714254180
714473868
714673942
714897962
715144188
715364705
715566624
715770304
715959489
716178665
716370080
716538838
716759620
717032054
717258553
717497465
717766358
718020899
718274744
718481383
718770171
719015287
719268544
719508256
719763218
719932622
720176444
720482824
720674852
720878008
721066177
721302315
721506153
721744319
721964431
722255325
722458598
722666514
722873240
723063463
723289854
723479036
723714702
723940466
724144639
724347359
724579120
724800157
724990713
725209855
725482675
725754035
726008993
726196133
726478099
726741281
726936166
727122527
727292478
727433351
727670708
727908407
728156187
728383144
728485793
728722583
728928250
729164147
729368474
729537431
729758504
729982407
730238192
730495390
730718419
730906777
731114685
731283808
731420060
731607998
731811183
732049156
732205498
732381495
732631273
732890724
733145916
733385841
733605720
733831327
734052155
734257859
734408416
734644674
734847991
735105168
735305493
735495112
735700782
735915656
736139599
736360084
736617344
736804309
737041450
737261593
737482703
737655985
737894845
738098573
738335233
738609359
738797885
739050630
739287634
739458571
739696902
739916190
740187565
740396068
740641159
740895895
741150067
741353778
741573682
741777378
741998753
742203051
742424630
742643052
742916068
743135605
743381134
743638961
743906192
744092306
744301900
744472353
744693912
744896686
745116946
745370570
745573625
745815806
746027880
746261348
746503508
746740601
746978708
747169848
747427560
747681364
747907173
748155685
748391415
748637378
748803304
749114346
749329875
749520090
749774828
750011784
750250303
750420803
750608237
750844543
751065034
751254381
751525400
751679462
751936452
752157107
752377603
752584019
752820390
753039210
753295016
753499129
753685386
753854768
754124645
754344808
754565967
754751228
754991955
755179073
755405384
755605003
755772217
755928228
756148370
756370007
756571900
756723381
756893655
757103617
757305683
757507246
757744681
757968139
758203861
758430505
758655019
758910103
759184552
759411207
759563239
759719017
759929161
760141020
760416780
760638451
760908974
761079668
761353494
761487536
761656998
761852708
762078934
762336140
762593596
762777582
763017521
763239018
763429036
763581300
763796547
763998688
764219340
764476949
764647749
764761450
764986455
765203806
765381683
765657078
765846835
766130518
766268455
766452871
766658062
766883164
767138459
767325596
767494991
767737843
767920185
768154434
768366339
768541829
768746301
768932673
769185793
769409335
769613138
769833241
770073974
770311034
770589756
770742083
770997906
771232451
771472298
771658001
771846355
772069319
772308241
772546023
772737695
772980448
773130986
773394607
773679984
773921189
774162995
774375729
774618241
774926325
775150091
775366381
775621851
775812660
776015193
776219183
776497270
776713696
776950002
777119675
777323914
777515393
777684035
777921518
778158159
778311928
778560293
778746166
778982142
779197302
779409362
779599496
779800540
779957337
780142524
780380284
780591427
780804508
781004515
781225362
781446631
781633185
781785297
782016735
782235416
782496190
782737399
782949583
783207626
783444238
783686842
783983002
784243050
784358170
784629221
784867536
785072958
785285361
785560003
785754583
785980969
786218695
786396835
786600232
786753077
786923304
787109252
787334059
787535288
787789482
787991975
788129556
788333459
788536304
788748940
788936770
789138979
789379760
789584483
789798760
790014916
790220286
790423008
790675121
790863528
791016051
791255512
791492008
791626235
791810740
792088854
792291096
792462873
792697293
792865689
793104053
793221837
793448474
793691129
793878741
794099418
794359113
794565226
794790083
795057454
795237320
795437697
795615097
795785819
796025391
796313110
796516287
796737555
796925821
797152082
797370905
797610233
797799114
798018519
798185963
798457530
798693250
798898904
799121807
799394662
799547402
799766616
799989991
800162716
800403460
800602482
800861725
801032019
801168461
801404895
801610990
801866113
802055096
802258117
802495493
802748733
802935113
803104413
803333246
803594186
803811072
803947328
804085681
804307360
804493621
804765319
805006034
805261506
805468781
805637411
805823851
805985976
806223872
806430616
806680362
806930161
807165027
807368150
807496900
807704934
807909739
808168273
808316301
808554921
808774554
809015596
809242484
809434249
809725207
809894712
810047870
810274523
810464015
810700197
810887731
811093055
811379468
811583080
811768182
811955710
812178800
812329345
812566798
812769500
813045214
813246447
813435392
813570049
813758958
813926588
814028648
814148450
814369417
814521150
814692299
814963650
815226248
815466894
815721457
815975535
816162728
816403106
816573508
816799164
816949139
817139874
817340092
817560544
817818463
818051733
818221829
818393559
818628726
818843538
819012865
819265081
819524450
819751568
819954771
820181866
820351527
820521075
820762962
820951927
821196999
821425846
821626624
821863857
822050652
822286082
822484634
822704962
822926182
823112898
823282938
823503475
823779845
823986597
824202848
824337394
824541455
824710256
824863941
825050683
825254888
825459905
825582295
825733511
825954387
826174498
826400297
826652815
826877321
827116832
827358405
827596633
827851263
828096444
828299081
828490783
828628492
828798992
829035301
829204630
829409410
829623172
829881772
830000674
830270489
830535285
830705391
830925284
831115670
831362521
831545396
831731783
831969497
832213104
832413889
832608025
832819483
833005741
833246704
833448496
833690534
833893404
834079559
834299080
834487563
834726543
834980963
835177324
835418521
835703965
835921974
836128536
836333480
836485506
836717784
836987064
837174778
837443389
837596324
837782172
838042344
838304372
838510455
838730140
838949524
839154694
839377309
839601973
839819778
840009618
840231161
840472587
840630913
840831210
840984176
841204335
841425145
841661874
841916800
842104336
842273689
842427585
842601364
842789454
842959127
843094876
843337305
843569272
843692812
843927743
844141564
844333606
844562038
844760524
844963901
845229331
845419506
845686652
845821873
845960856
846220378
846383848
846624081
846844823
847099158
847322356
847558576
847797041
848016648
848258393
848500231
848700816
848921581
849091259
849315292
849575062
849814197
850054043
850249865
850435772
850638327
850774466
850960464
851148541
851334277
851542681
851776316
851964056
852150099
852302424
852479662
852669342
852890741
853113758
853329932
853534612
853720248
853974903
854163452
854365838
854534597
854688689
854874951
855060576
855217147
855451571
855687240
855877583
856077329
856304311
856492435
856678503
856885578
857100970
857284286
857554125
857731620
857926551
858111161
858280068
858467216
858659225
858814916
858934757
859103374
859245219
859419562
859633342
859860278
860029969
860183374
860387052
860555619
860758716
860962137
861165745
861404286
861641721
861871289
862040063
862242897
862518796
862755129
862991815
863160694
863347875
863583573
863769967
863940609
864110477
864249127
864446093
864699596
864886900
865106565
865276499
865513684
865700351
865869760
866081341
866301130
866540646
866761328
866981518
867171087
867407042
867660758
867804686
868034599
868204720
868377787
868599661
868825175
869045851
869299517
869523013
869775945
869945279
870196264
870429200
870648887
870838224
871048752
871263289
871471287
871696896
871974975
872143823
872363463
872566528
872718559
872853918
873097267
873296455
873517424
873757758
873858735
874117582
874383001
874585670
874817100
874954674
875123123
875314608
875550184
875826158
876045261
876197584
876416933
876624703
876793960
877025708
877273785
877496985
877706601
877904760
878135610
878394010
878677150
878950548
879173198
879429154
879620516
879805499
880025402
880225044
880438424
880628958
880884418
881104106
881312860
881560763
881746352
882003098
882172692
882326971
882509077
882681990
882908974
883163049
883399564
883603338
883776547
884035590
884286984
884466788
884618531
884855130
885066428
885236212
885469563
885658921
885878466
886094602
886279962
886434721
886652142
886820448
887069774
887277967
887453289
887651911
887872922
888093822
888332245
888554716
888729955
888939921
889091523
889261910
889476644
889680016
889919015
890110154
890314988
891170580
891423195
891594692
892659855
892864161
893082341
893309883
893508765
893737737
893909392
894077764
894273420
894407117
894556544
894723531
894910602
895047849
895209287
895390342
895549188
895742674
895859343
896031692
896250770
896485952
896641364
896811364
896965403
897119060
897274366
897442020
897603473
897805705
897906853
898045535
898177325
898334834
898534983
898677137
898796498
898916784
899069678
899190776
899403948
899525313
899739107
899932260
900117268
900286267
900457279
900607941
900810414
901035689
901265869
901563559
901839478
902066340
902329338
902515703
902701871
902889275
903130811
903313224
903485159
903631529
903768007
903972379
904157357
904425044
904610713
904799755
905048756
905283444
905520559
905712937
905893817
906097296
906236243
906405053
906573982
906808670
907028108
907197950
907435304
907744295
907995283
908212969
908382471
908568760
908772916
908976677
909195348
909363521
909583985
909837467
910027924
910285521
910493090
910666313
910869089
911109613
911313175
911562433
911754375
911964567
912121442
912354395
912504684
912695974
912895428
913132256
913352820
913607864
913818101
914069561
914298545
914555879
914733285
914961995
915185704
915428001
915675449
915844930
916082202
916296192
916504301
916746484
916932371
917190553
917427501
917632402
917869150
918055713
918242064
918481409
918686235
918954844
919123766
919349348
919531136
919749282
919985463
920207675
920426360
920661915
920884881
921069918
921307101
921510060
921748525
921951207
922192979
922400258
922666826
922838518
923027437
923215839
923419482
923676878
923912517
924139140
924346942
924504936
924741737
924944747
925152721
925323118
925537343
925796593
926004382
926174866
926372753
926545594
926713562
926872235
927085774
927347146
927477739
927760619
927962347
928151272
928320083
928518799
928734940
928904495
929074744
929281534
929534749
929701570
929907745
930127817
930347154
930516046
930736820
930856595
931091696
931312812
931503510
931703416
931887009
932123746
932328920
932540775
932741719
932941812
933135503
933321510
933524878
933626077
933815449
933987502
934140497
934360705
934530991
934756807
934955464
935175088
935388917
935560689
935815204
936068852
936249235
936509905
936649348
936818663
937068155
937292868
937442876
937649816
937852696
938056446
938276323
938479547
938653919
938860992
938976016
939202947
939409199
939589391
939794179
939923947
940092800
940246634
940475348
940613315
940780236
940931949
941152318
941321429
941507090
941626524
941812397
942001721
942175678
942311728
942412770
942581930
942753222
942956951
943090731
943243969
943447235
943563993
943670595
943792084
943914560
944069154
944288685
944481076
944681546
944803867
945024615
945216029
945472945
945679896
945885213
946121520
946364244
946637687
946909886
947156717
947398737
947551327
947754141
947990556
948210693
948429997
948700755
948921443
949108251
949265698
949489959
949730885
949865895
950053028
950309557
950551486
950755609
950959049
951128018
951348232
951569444
951796627
951999955
952206645
952419194
952616337
952869751
953055346
953276435
953478032
953698342
953908871
954078684
954249309
954486002
954639077
954852943
955072775
955208640
955413161
955580832
955738683
955939982
956198225
956371504
956573895
956765033
956939793
957143844
957371971
957600413
957767070
957936146
958088959
958189816
958361132
958618603
958890980
959081134
959261379
959527702
959764556
960001038
960241578
960495705
960732853
960970358
961198134
961436601
961672497
961877932
962098778
962320631
962543760
962814507
963037202
963278372
963518527
963738186
963912457
964131643
964336401
964523201
964767094
964919774
965091744
965329977
965589587
965772697
966026429
966213390
966400519
966609513
966878052
967013949
967291673
967464803
967681039
967934508
968154003
968382947
968603176
968825800
969028030
969299263
969471120
969657682
969878336
970064999
970277553
970532893
970722614
970988758
971160028
971367217
971587400
971817675
971988609
972140688
972368387
972557291
972751845
973023518
973158442
973345442
973551777
973842206
974159757
974373594
974594981
974798735
975059117
975262072
975434626
975678028
975886189
976070985
976242653
976499885
976720534
976909779
977109630
977339960
977567513
977812443
978050209
978271170
978447282
978665842
978898138
979118926
979325739
979610428
979783942
979987168
980223647
980414268
980630853
980822552
981043678
981279378
981499772
981690806
981927102
982150559
982371797
982628963
982929281
983171761
983518196
983792372
984047452
984265341
984434391
984662482
984947780
985151837
985371806
985631156
985816606
986052852
986273248
986476052
986681842
986928618
987134948
987393954
987585311
987830295
988120476
988293025
988511997
988779921
989071626
989305427
989503830
989709668
989971918
990194663
990421478
990627712
990813156
990965608
991238846
991411197
991647963
991794732
992009483
992197564
992451207
992654982
992892413
993078309
993280540
993507571
993647838
993888742
994091847
994335332
994505249
994725311
994952947
995122788
995328626
995505109
995703381
995964638
996203037
996360144
996496261
996700293
996922061
997056543
997186711
997439644
997633533
997823669
998045161
998237705
998473340
998656268
998775385
998980536
999167022
999405835
999641679
999895045
1000102900
1000324025
1000562395
1000806902
1000995411
1001194578
1001383106
1001604047
1001806823
1002054272
1002209909
1002464427
1002723431
1002978921
1003203241
1003428013
1003615801
1003835323
1003987195
1004108577
1004242382
1004432949
1004686178
1004925277
1005096269
1005332260
1005603971
1005840039
1006031488
1006204664
1006437974
1006646494
1006916575
1007126125
1007349952
1007565679
1007787165
1008030981
1008180640
1008385556
1008633017
1008871555
1009113902
1009350686
1009557769
1009758923
1009980085
1010169952
1010374033
1010577326
1010840606
1011043692
1011248346
1011402100
1011638725
1011870934
1012026072
1012228601
1012439050
1012710335
1012900435
1013054103
1013207879
1013409846
1013665445
1013900990
1014175365
1014331672
1014551924
1014789555
1014960130
1015181302
1015388304
1015548516
1015789795
1016012296
1016216678
1016487859
1016710421
1016966939
1017190215
1017342292
1017565743
1017796181
1018051753
1018310871
1018544153
1018712896
1018865496
1019089258
1019345146
1019567963
1019787271
1020011003
1020209570
1020446413
1020719691
1020956904
1021177263
1021297885
1021554057
1021825344
1022070560
1022321177
1022540603
1022777179
1023011951
1023197455
1023420360
1023574467
1023761114
1023977705
1024223567
1024463418
1024705791
1024927958
1025131766
1025354367
1025607351
1025759650
1025972402
1026246974
1026416293
1026602402
1026840737
1027095280
1027331825
1027536630
1027757539
1027949373
1028153208
1028373311
1028609363
1028884965
1029074976
1029310997
1029566047
1029775080
1029980054
1030155967
1030359939
1030574874
1030745065
1030988608
1031136197
1031390853
1031610401
1031823260
1032078287
1032296785
1032469218
1032638831
1032892566
1033137459
1033276233
1033504611
1033671763
1033940304
1034195346
1034420798
1034659363
1034896866
1035124665
1035349401
1035551241
1035771960
1036042813
1036302170
1036553397
1036777698
1036999188
1037255296
1037502622
1037752781
1037975290
1038145481
1038369318
1038501709
1038654875
1038875404
1039084957
1039236042
1039526536
1039732683
1039962587
1040200724
1040370573
1040565305
1040770618
1041012282
1041251724
1041487803
1041734846
1042008705
1042247779
1042471803
1042706130
1042881118
1043098322
1043337996
1043489097
1043708712
1043946102
1044203010
1044446188
1044581417
1044784073
1044970898
1045193581
1045414349
1045668107
1045857509
1046033828
1046206949
1046428293
1046667168
1046940465
1047167194
1047371886
1047592774
1047822625
1048058271
1048298800
1048551384
1048798112
1048932890
1049102851
1049365168
1049589927
1049847338
1050081928
1050252020
1050506640
1050759321
1050981397
1051204668
1051456183
1051591427
1051778281
1051997948
1052225558
1052394704
1052648761
1052870551
1053075501
1053279187
1053499359
1053651553
1053770821
1053957954
1054111168
1054247496
1054381789
1054614953
1054833885
1055054085
1055223576
1055375915
1055477130
1055767317
1055918778
1056144315
1056365912
1056603990
1056794242
1056985881
1057246950
1057485159
1057670742
1057893211
1058130554
1058351905
1058590397
1058826955
1058996908
1059182433
1059389795
1059589664
1059782338
1060001509
1060288638
1060519181
1060709073
1060897301
1061130029
1061345574
1061565418
1061773174
1062009827
1062230662
1062496414
1062766984
1062953594
1063106943
1063330071
1063533225
1063770104
1063955417
1064092173
1064329721
1064582557
1064838783
1065075701
1065279421
1065432856
1065635568
1065822440
1066062069
1066314266
1066521246
1066689886
1066946148
1067177673
1067423025
1067653495
1067773814
1068015559
1068220288
1068457450
1068676624
1068889121
1069109714
1069270801
1069488243
1069779145
1070041156
1070237800
1070407716
1070595851
1070850271
1071058221
1071274278
1071495887
1071752396
1072007265
1072231154
1072449880
1072704390
1072941790
1073196439
1073405015
1073611456
1073780406
1073979959
1074150034
1074439854
1074692205
1074827466
1075015694
1075193165
1075362779
1075489254
1075743938
1075947609
1076184924
1076374076
1076594637
1076834092
1077025051
1077223755
1077444398
1077618108
1077770192
1077973543
1078179859
1078399189
1078519943
1078729651
1078961727
1079244341
1079415036
1079674271
1079935936
1080170286
1080413600
1080601831
1080819482
1081009132
1081213901
1081441552
1081690794
1081944772
1082149957
1082362222
1082573085
1082788868
1082996591
1083165492
1083373375
1083633864
1083843907
1084027779
1084269464
1084507813
1084803041
1085045936
1085215313
1085478062
1085714849
1085901651
1086071283
1086346902
1086589876
1086875960
1087173415
1087335449
1087603529
1087821154
1088048244
1088272642
1088525041
1088739879
1088959568
1089162835
1089366609
1089556108
1089775392
1089995855
1090234859
1090489746
1090676309
1090907488
1091153722
1091341564
1091579702
1091823721
1092086025
1092304218
1092559492
1092798958
1093004553
1093239746
1093495356
1093648413
1093917217
