0
15422
40002
46195
62552
81648
96047
123066
130069
163282
166093
183464
203948
214767
244467
249042
265892
287459
300669
327229
333965
370517
386405
408450
419490
449238
453615
470310
491852
505841
534130
538598
555897
573591
589724
613864
623599
656348
660275
676498
700565
709154
737427
743032
760039
778263
793271
820273
828180
860553
865641
878207
901610
912953
942619
947260
964373
983143
997588
1026944
1230731
1437970
1600459
1764953
1927965
2059041
2193143
2409086
2644599
2774309
2938260
3057344
3223174
3388561
3595621
3760070
3882505
4007314
4211476
4348315
4504976
4669464
4874966
5038626
5224366
5388511
5554376
5676940
5823299
6030778
6217327
6321005
6504023
6713843
6925165
7153981
7361553
7468611
7922139
8134413
8337897
8538385
8679122
8864706
9056779
9260152
9421115
9593000
9740335
9918896
10132853
10282724
10448404
10613306
10822933
10989053
11133194
11323625
11502137
11620276
11843216
12037666
12327728
12491096
12701211
12859167
12982791
13164855
13333318
13517658
13730674
13899790
14074128
14285437
14387927
14546087
14720030
14929101
15082700
15245782
15416447
15622241
15804468
15954988
16139319
16362011
16601791
16738717
16977019
17213817
17420848
17558744
17670923
17817138
17964931
18128575
18293461
18448466
18633128
18798093
18989361
19181432
19341909
19517436
19711115
19862707
20047122
20211439
20426578
20553207
20759501
20936738
21105734
21259531
21505767
21669225
21807601
21956414
22182130
22338201
22475831
22680175
22863994
23065969
23310916
23484747
23721952
23885395
24034979
24225663
24367495
24537950
24658861
24779031
24927791
25067258
25216100
25339609
25550339
25695776
25799421
25970071
26174125
26399035
26565202
26691034
26895438
27108883
27237670
27402125
27567456
27709854
27938615
28196365
28441499
28604851
28792347
28980034
29186434
29352553
29517973
29662411
29905781
30124868
30325153
30531414
30655258
30759129
30905746
31033472
31193001
31315637
31440384
31653742
31774387
31945088
32108732
32256151
32489421
32620805
32801677
32991740
33159761
33378347
33507017
33642738
33794323
33936201
34091793
34256246
34459406
34604889
34748060
34953438
35079415
35256366
35366286
35532938
35696784
35835984
35960255
36110866
36300507
36440493
36608903
36740183
36911686
37096881
37262311
37430027
37563842
37761740
37908024
38091204
38213351
38378509
38556507
38730748
38960726
39166934
39347706
39501147
39702430
39913106
40077948
40253917
40418004
40594222
40747177
40912884
41060863
41248440
41396099
41534083
41703142
41857226
42001110
42152254
42353045
42493596
42726874
42893496
43018975
43267050
43431972
43561240
43764309
43900145
44030312
44204220
44352298
44520637
44683935
44810374
45016953
45185426
45308634
45529522
45689782
45873548
46023547
46228214
46392565
46542306
46687683
46851451
47035628
47262970
47447761
47696723
47902005
48071927
48238461
48403369
48573086
48730447
48895278
49017855
49233393
49402056
49589956
49796528
49940646
50186849
50350774
50514804
50680186
50846030
51014866
51262186
51442188
51591327
51765267
51942718
52102514
52266346
52426759
52571115
52703724
52843156
52988546
53191545
53365333
53533119
53739747
53948981
54120288
54262947
54458897
54600544
54747729
54891902
55000267
55165636
55331410
55500454
55662811
55867188
56031537
56156274
56365109
56533327
56778049
56985513
57159823
57381135
57584407
57754349
57878086
58085180
58271580
58422093
58585026
58794931
58960897
59052631
59257941
59424611
59632256
59822034
59995742
60182580
60357882
60503415
60657112
60812530
61030868
61179787
61388217
61617011
61764050
61914388
62063122
62300877
62466286
62631339
62767820
62925591
63090526
63257507
63422289
63590949
63755734
63879761
63977560
64089654
64214561
64381961
64584978
64773348
64996402
65186981
65309006
65431942
65562476
65710218
65863391
66014555
66210068
66375662
66542810
66760880
66899450
67052623
67246227
67413956
67620350
67741742
67876988
68032865
68203242
68371372
68575388
68722836
68964090
69117235
69344551
69571967
69737340
69908187
70126546
70271982
70457722
70629128
70790859
70997364
71179207
71369724
71493352
71620669
71783232
71926036
72057677
72173903
72377821
72519475
72691140
72875643
73040120
73186338
73415086
73579002
73789433
73965433
74089032
74251645
74457235
74623192
74829555
75013426
75224491
75385480
75548025
75736257
75889362
76089230
76253326
76461224
76623368
76764919
76891488
77066834
77209947
77423263
77628499
77797547
77961980
78136526
78293026
78459102
78663935
78870198
79076693
79279084
79443316
79575400
79773206
79951139
80168808
80366089
80571991
80780696
80953951
81115235
81279257
81461828
81692485
81856722
82022674
82158093
82405920
82609861
82788556
83027982
83239193
83463917
83617589
83756364
83879293
84086472
84239222
84368201
84613287
84783309
84907908
85072239
85210060
85361292
85542079
