0
1396
11502
32693
46009
62317
78899
95718
113266
130420
146484
163722
181020
200029
215183
231066
247894
265158
282269
298878
316156
332656
349870
370762
384650
400653
417309
434447
451299
468237
485354
502332
519782
540134
553903
570463
587623
604714
621538
638129
655128
671987
689378
710057
723914
739507
756620
774045
790634
807560
824561
841090
858085
877493
892314
908628
925386
942409
959445
976170
993227
1010073
1679641
1852638
1945292
2050787
2151940
2236956
2321947
2408434
2542819
2661618
2765318
2863596
3015630
3184966
3319995
3507960
3591846
3710626
3798045
3897649
4049307
4184209
4289381
4371572
4506348
4590007
4758911
4870267
5022402
5207852
5313975
5411973
5498985
5582680
5684317
5768505
5938063
6022594
6110282
6211476
6312444
6504766
6616807
6718501
6803049
6905287
7009387
7193615
7276067
7462482
7547731
7648356
7767145
7856185
8004163
8175075
8344557
8447368
8550712
8667501
8786660
8873823
9063405
9180848
9282866
9369471
9521914
9673787
9826048
9911331
9995142
10081095
10180959
10317030
10405259
10522396
10608025
10726095
10878770
10996987
11085857
11182767
11274155
11446323
11579312
11748848
11867027
11953279
12088404
12263361
12432284
12583989
12719069
12805108
12887648
13074070
13176237
13328443
13412395
13551264
13640067
13777882
13946503
14098941
14200381
14352373
14436638
14521411
14677552
14759835
14912473
15080688
15170907
15251565
15341789
15439558
15524854
15711909
15796347
15880947
15965798
16117644
16204018
16287444
16372287
16526842
16659107
16761041
16916612
17039573
17169677
17338287
17507520
17625974
17778856
17918699
18071669
18207025
18375350
18493659
18597884
18782626
18867165
18951419
19123897
19208194
19359761
19528817
19616543
19734701
19853618
19938511
20041461
20126468
20210340
20329018
20413885
20532226
20619623
20702679
20788613
20872751
20990747
21093686
21180700
21265533
21400400
21503180
21587240
21672665
21774336
21964128
22045713
22135205
22266015
22340746
22443608
22594499
22781419
22884489
22969027
23071703
23159541
23327562
23426223
23529405
23613778
23698512
23787498
23923009
24010878
24129013
24216333
24384819
24524445
24622457
24824675
24951256
25137983
25308202
25476281
25562969
25645710
25814584
25901016
26018692
26188433
26340610
26477160
26646362
26734253
26849339
26950894
27073109
27210556
27362372
27514887
27601139
27770433
27904256
27989334
28108746
28209389
28378027
28462546
28581105
28716067
28817433
28920126
29095262
29297958
29381525
29452906
29623257
29709622
29861348
29986127
30092946
30179443
30263813
30382011
30466767
30586519
30674235
30761217
30853534
31039433
31159275
31311175
31480839
31557010
31721406
31923537
32008738
32111838
32217554
32349303
32517795
32620573
32840624
33045788
33215624
33591006
33675384
33844400
33962787
34131027
34253593
34421959
34606139
34714120
34850766
34971098
35109889
35260850
35414678
35515128
35666979
35796265
35934574
36087864
36241066
36376162
36540558
36729063
36848412
37043333
37210238
37316115
37472843
37609226
37778621
37933339
38088099
38256338
38397105
38563777
38680786
38816954
38936512
39089185
39258493
39410066
39557170
39707419
39810906
39914917
40085174
40255293
40356731
40513034
40673444
40784831
40925501
41089527
41266445
41469690
41676134
41862426
42053667
42226093
42361966
42465935
42634277
42785756
42924926
43110345
43294381
43430651
43565008
43701721
43871712
44029131
44201975
44349166
44540138
44756677
44983866
45188451
45386975
45581626
45713115
45900512
45985360
46125532
46311771
46482125
46634251
46803073
46957775
47074222
47177487
47363912
47482617
47628298
47804396
48003726
48122739
48257733
48443839
48595302
48801133
48997286
49202541
49406082
49625661
49829512
50001534
50198729
50368197
50568038
50754745
50943778
51078084
51284139
51429670
51633838
51872107
51993831
52213677
52425219
52625507
52781452
52938339
53070094
53277035
53425682
53648177
53787663
53956512
54160897
54365862
54502059
54656303
54840117
55029495
55209775
55380824
55532576
55688305
55875738
56043796
56196848
56353918
56535900
56754189
56963009
57173364
57342349
57528719
57747468
57944894
58168363
58353667
58523604
58729306
58849445
59077944
59298219
59538482
59758073
59910435
60097845
60309131
60461446
60695277
60867481
61054244
61309020
61531290
61649471
61818724
62011037
62215628
62426737
62580089
62781153
62989712
63154740
63378060
63586283
63687285
63878908
63979535
64114980
64200467
64325529
64527179
64662631
64866065
64986037
65072272
