0
6845
41230
74374
108039
141027
174722
214136
242420
274807
316050
342175
376478
410708
443465
475853
510353
549121
578080
611143
654584
678348
711344
744217
778526
812535
846684
884746
914011
946590
979774
1013371
1821113
2026042
2293259
2528238
2763196
3008140
3266934
3535769
3769333
3941387
4172613
4446443
4618556
4851073
5031859
5259851
5522094
5697497
5931823
6193696
6440486
6712333
7285026
7448517
7648558
7917066
8116353
8295380
8519871
8732255
8926464
9126103
9330375
9605838
9872813
10107193
10417300
10712494
10991282
11259505
11560843
11896246
12135227
12410084
12708562
13019284
13293483
13494222
13803620
14114474
14450334
14728887
14990416
15229192
15464066
15767218
16039836
16270960
16538927
16747762
17045923
17313388
17516441
17819918
18100542
18360039
18732349
18997920
21199458
21505437
21745909
22177326
22447133
22706644
23010182
23891750
24160801
24563777
24823331
25098339
25367205
25580737
25802919
26008785
26208602
26508062
26709121
26978787
27215390
27383214
27652506
27934069
28161106
28398043
28667433
28904640
29138317
29407201
29675879
29952606
30249754
30518868
30826119
31129458
31434035
31770082
31938410
32171007
32475603
32779557
33082721
33417653
33690116
34001996
34276589
34544485
34880669
35149523
35418819
35694396
35988780
36164595
36430902
36705905
36970330
37313812
37489407
37685427
37848833
38119102
38397367
38592622
38930278
39230054
39403406
39633179
39903422
40138962
40375104
40625927
40933957
41172686
41339050
41579088
41845305
42180178
42480595
42651565
42853982
43093528
43328114
43598924
43832933
44112808
44319077
44551255
44789321
44955618
45162879
45297400
45561596
45796105
45963932
46208444
46375066
46576958
46748001
46986713
47254345
47534030
47731935
48000851
48269785
48474636
48672991
48973132
49214250
49409170
49647063
49848049
50016667
50250906
50484857
50722745
50920746
51191247
51459298
51661833
51900285
52097891
52369679
52579232
52805985
53074411
53248896
53409252
53613302
53848910
54084818
54351270
54591766
54823338
55074018
55244090
55481244
55688216
55922609
56125767
56393124
56592605
56873544
57142832
57378623
57700634
57953000
58153872
58420786
58591202
58861067
59125581
59295087
59573929
59906868
60078589
60349946
60614990
60884528
61157693
61396656
61628373
61866570
62101224
62408508
62638799
62908149
63178938
63447490
63686153
63916865
64150371
64388889
64658622
64961617
65105194
65365478
65679559
65981817
66217917
66519443
66754693
67058266
67393434
67593275
67803342
68099210
68330183
68534218
68769304
69036909
69270456
69444241
69711391
69952071
70301232
70516680
70783532
71089600
71357353
71661909
71969930
72213697
72445660
72715236
73016163
73285941
73522769
73787635
73961978
74237466
74466047
74732698
74967913
75245696
75514337
75745544
76021886
76296896
76501965
76770772
77020826
77292774
77522886
77761970
77969660
78164794
78433724
78701696
78910586
79108298
79343299
79651913
79917983
80162733
80336942
80498933
80699105
80899697
81104783
81408474
81645093
81915450
82151997
82386119
82624289
82900327
83100763
83337056
83537434
83814012
84083584
84319188
84586658
84821868
85065249
85332585
85568614
85838149
86078403
86343242
86617837
86884981
87120277
87362991
87636256
87904568
88145819
88349259
88581799
88751241
89020498
89289994
89593330
89858634
90099149
90334046
90570317
90872618
91147693
91317695
91554452
91805557
92068106
92281491
92545776
92861213
93157717
93458033
