0
32852
64758
99094
132805
164508
198120
237974
266364
300205
333217
367295
401070
434676
466458
499347
534442
572747
601745
635665
667889
701576
734978
768661
802680
837388
870263
909446
938362
970398
1003370
1508081
1743449
1948052
2147148
2354343
2554578
2756140
2960011
3157938
3366350
3561726
3765348
3968616
4132514
4272351
4473634
4628241
4823839
4992103
5159077
5301368
5496102
5737747
5971287
6101998
6274660
6476629
6648317
6878908
7047295
7252814
7383781
7553617
7793828
8022105
8114107
8252334
8418025
8517299
8653456
8787846
8935732
9089239
9225602
9425050
9664461
9895952
10101149
10334059
10568390
10803796
11043025
11205727
11379022
11511409
11717722
11948180
12186460
12355755
12554932
12788945
12991226
13193568
13363858
13595994
13796353
13967733
14201214
14409523
14640273
14875656
15085400
15315842
15552256
15720081
15923548
16093429
16225221
16395127
16561951
16732063
16932118
17130840
17335388
17502482
17737529
17938551
18114509
18346490
18582480
18722430
18888074
19125529
19288131
19458395
19625219
19801131
20033490
20271551
20436755
20672418
20906555
21111338
21344532
21546677
21784150
21985579
22152327
22387347
22589131
22759276
22923619
23164150
23395061
23572028
23772021
23940229
24179283
24342999
24516074
24750066
24917450
25084885
25285674
25454495
25689677
25925593
26094554
26297528
26499326
26699072
26878892
27110293
27276044
27515324
27679749
27850661
28083831
28319724
28523094
28723425
28898835
29093340
29297286
29462416
29631928
29833523
30000319
30203208
30441311
30608378
30813641
31014770
31217948
31385618
31618723
31823000
32023364
32193575
32459491
32661803
32866155
33068082
33301255
33504133
33704816
33908533
34142619
34312440
34511190
34711940
34915377
35116206
35385332
35589377
35788852
36024501
36193027
36361054
36528587
36770148
36977442
37171591
37374068
37550147
37715867
37885467
38122748
38256425
38422817
38671759
38905041
39070744
39240429
39408633
39648433
39885537
40119634
40321437
40556872
40759555
40960275
41127730
41306507
41538355
41772742
41975256
42209782
42345141
42544694
42734534
42926969
43166385
43404141
43601594
43769823
43970973
44135673
44343107
44577512
44750993
44982784
45217243
45421553
45621750
45822257
46031199
46272784
46473940
46678549
46881088
47084671
47253362
47458160
47660601
47892616
48028529
48192812
48364628
48600493
48804584
49006582
49174286
49410486
49579336
49819715
49948119
50153907
50351328
50583932
50786806
50954814
51122846
51357506
51525546
51762862
51996829
52169177
52333489
52505096
52668998
52847094
53113548
53277306
53516159
53714465
53912824
54119977
54351164
54552330
54722097
54922015
55092208
55333533
55499327
55701359
55906935
56078118
56247047
56413104
56613646
56817439
57018305
57192242
57324542
57527364
57693380
57864087
58097094
58299709
58503236
58732424
58909233
59069956
59307219
59475807
59647127
59813331
60015103
60257863
60424141
60628119
60832936
61001871
61207742
61375149
61576233
61810154
61978434
62146606
62349825
62550884
62717292
62887187
63088374
63298004
63430265
63635342
63836592
64035267
64238406
64473958
64646797
64808394
65009621
65247423
65412502
65616623
65783596
65990659
66218751
66420300
66589576
66798084
67032812
67202760
67367238
67607333
67808602
67945929
68179125
68349782
68547408
68688548
68917150
69118566
69285769
69487964
69695863
69832747
70041084
70236987
70432277
70669526
70870129
71078662
71273844
71476692
71714670
71882879
72085640
72318250
72552485
72762850
72956553
73377696
73615878
73782537
73982944
74185873
75063794
75329372
75734885
75963458
76101820
76302478
76537250
76748342
76907916
77110416
77290588
77556831
77772025
77965600
78199566
78368466
78601636
78780097
78937821
79173002
79374150
79575491
79709384
79878754
80120523
80346622
80584640
80821407
80988265
81188378
81393202
81592079
81802232
82028372
82233427
82400137
82600694
82771874
82972518
83179284
83375198
83576943
83750137
83888960
84121777
84293715
84501215
84627975
84798957
84997753
85173373
85403856
85613535
85810778
85951543
86146248
86314138
86448577
86652040
86825940
86990698
87159853
87329848
87563781
87731807
87938564
88137586
88340875
88508170
88709180
88944586
89149766
89281756
89493433
89691599
89827063
89992609
90125725
90294993
90464538
90667092
90835719
90999367
91239278
91440539
91608368
91791715
91994904
92263888
92462853
92729149
92967992
93202683
93403070
93609262
93804232
93947435
94109509
94344093
94482823
94714363
94919628
95116849
95354119
95591116
95791701
96024980
96266244
96465525
96666867
96834967
97033452
97282556
97444806
97714776
97886914
98049563
98289186
98501939
98710012
98844292
99019786
99182305
99351835
99548788
99752013
99988125
100162269
100368847
100636529
100870977
101140779
101362019
101595107
101828658
102033855
102264196
102501620
102709298
102948431
103155442
103362318
103562783
103835190
104070402
104336125
104538510
104709806
104944652
105144588
105349231
105583365
105719760
105927106
106131010
106365059
106570254
106739613
106978941
107177050
107381553
107613752
107848267
108087322
108317856
108457242
108626541
108835856
109033233
109270158
109512747
109710963
109946748
110187818
110391893
110625313
110830982
111065422
111201036
111400922
111568643
111772873
112009950
112180272
112412530
112615753
112817617
113021583
113255783
113457374
113666621
113836148
114000188
114202772
114403499
114604251
114843318
115011667
115250336
115447163
115719378
115923931
116122172
116356598
116522504
116727898
116931253
117165367
117432475
117603921
117766806
118001481
118275591
118440041
118641319
118840610
119042933
119246374
119481468
119681517
119956191
120187674
120390300
120590647
120793718
121028660
121232355
121398710
121600578
121802114
121972693
122169050
122337474
122577377
122776916
122987232
123147161
123382935
123615860
123853034
124055010
124222565
124424598
124592281
124826050
125026773
125267855
125433077
125676969
125904219
126079102
126280056
126475216
126647785
126880117
127113346
127284736
127483382
127688849
127854498
128030672
128260907
128492232
128701567
128930909
129132018
129337247
129568805
129770254
129938360
130138758
130281641
130554012
130757295
130994609
131161057
131401878
131600005
131834135
132038420
132275706
132476779
132677926
132913394
133083985
133316014
133519821
133756210
133955210
134154731
134362656
134595241
134830512
134995671
135197933
135437802
135634553
135802102
135969768
136171851
136382994
136550467
136686082
136919769
137126812
137333628
137533469
137703401
137871732
138040719
138206795
138421756
138586684
138830760
139034819
139234741
139439183
139638039
139806617
140014555
140246722
140484991
140715528
140952389
141155348
141320001
141532661
141760510
141961406
142200665
142428835
142599188
142804707
142970830
143176691
143313604
143557496
143754626
143958212
144228620
144459228
144626104
144827613
145027862
145234788
145438850
145637988
145873308
146037397
146274443
146511480
146745323
146919094
147145917
147323681
147491508
147656933
147858727
148027628
148196730
148365150
148601680
148800309
148900556
149135696
149278854
149471480
149609984
149842950
150077403
150287616
150482247
150681865
150887833
151086230
151324650
151458472
151695569
151899674
152131521
152332662
152534862
152737367
152941657
153144046
153342071
153511151
153746546
153951258
154182073
154382076
154618875
154822703
155055075
155258309
155426792
155632040
155827423
156100949
156341772
156502392
156702521
156871325
157109504
157309028
157544114
157681863
157915447
158113048
158315059
158480985
158689560
158886526
159120112
159288655
159490259
159660408
159831135
160068714
160202346
160403877
160641643
160771859
160939635
161144165
161385706
161582252
161728535
161884372
162057896
162286713
162488064
162689804
162856862
163070138
163262256
163499060
163700053
163867781
164081703
164270774
164473152
164574077
164776053
164979379
165145446
165380475
165581831
165784875
166021343
166221392
166437492
166664711
166876507
167072613
167241121
167408048
167574602
167710266
167884080
168079180
168247436
168455486
168617143
168801804
168964370
169167484
169366855
169600591
169810424
170004118
170204937
170406886
170508585
170710194
170881473
171049197
171259882
171455133
171657859
171892250
172095038
172295974
172502196
172666004
172870879
173103022
173302709
173516652
173773942
173977067
174183442
174382373
174594296
174796265
175000059
175232108
175400931
175603930
175769279
176003439
176174409
176407329
176645461
176848712
177046651
177249406
177520804
177752194
177954005
178158586
178393624
178596843
178764499
178964271
179167876
179369621
179579767
179774936
179975643
180145540
180351415
180591346
180819375
181055629
181262262
181494043
181733652
181896698
182065142
182272454
182433419
182571460
2996393598
2996696214
2996899449
2997172656
2998101303
2998784077
2999086376
2999320268
2999619684
2999884202
3000166212
3000476274
3000672589
3000946154
3001212790
3001501204
3001765317
3002101188
3002422819
3002694542
3002964345
3003166282
3003468803
3003670346
3003910384
3004140838
3004408778
3004649004
3004893545
3005086673
3005323188
3005527040
3005797339
3006034097
3006269154
3006503184
3006736869
3006952240
3007154140
3007389317
3007602619
3007832997
3008034308
3008236067
3008438556
3008640067
3008843624
3009052152
3009351301
3009552983
3009793776
3010067793
3010303702
3010531431
3010766988
3011084175
3011398293
3011742373
3012081996
3012354802
3012731073
3013086579
3013360018
3013638561
3013946023
3014250199
3014590591
3014910138
3015329416
3015705474
3016039570
3016417734
3016650167
3016959239
3017399566
3017813767
3018227922
3018566678
3018863577
3019368567
3019842265
3020259521
3020690901
3021080815
3021380531
3021790657
3022093535
3022396908
3022842588
3023217409
3023519359
3023862308
3024168509
3024471338
3024809706
3025078752
3025322201
3025591762
3025907590
3026184854
3026467502
3026807629
3027140452
3027415336
3027715959
3027985409
3028223409
3028522951
3028765310
3029028480
3029332035
3029669705
3029973451
3030249756
3030617077
3030951559
3031229722
3031527976
3031805157
3032101276
3032340043
3032607628
3032843096
3033094211
3033365419
3033599401
3033843071
3034040313
3034312408
3034516158
3034750980
3035018854
3035253405
3035528919
3035725970
3035997600
3036263881
3036538468
3036769008
3037040997
3037275749
3037482697
3037748846
3038020719
3038324586
3038677454
3039014881
3039322697
3039631392
3039904296
3040173267
3040479789
3040783850
3041151491
3041435504
3041740451
3041982088
3042284067
3042552161
3042900532
3043204085
3043510241
3043777562
3044083664
3044420146
3044702266
3044997145
3045266243
3045565030
3045938065
3046237647
3046482911
3046720904
3047057936
3047362909
3047664838
3047964637
3048270973
3048570888
3048913132
3049182120
3049452733
3049774115
3050069169
3050333761
3050571164
3050910026
3051116869
3051384050
3051715572
3052032065
3052365948
3052677063
3052981348
3053251475
3053523272
3053798252
3054149141
3054457778
3054765369
3055071642
3055406585
3055708159
3056012086
3056317155
3056631588
3056935379
3057247886
3057598601
3057894766
3058205689
3058510615
3058776460
3059049436
3059290569
3059559551
3059855349
3060094159
3060326296
3060530498
3060768642
3061034333
3061279503
3061512499
3061723589
3061997382
3062230930
3062464381
3062668553
3062898828
3063170010
3063438522
3063681171
3063909164
3064144224
3064315738
3064581442
3064750433
3064988706
3065223704
3065497437
3065734630
3065977144
3066170792
3066399911
3066628072
3066832316
3067096066
3067332052
3067570303
3067773580
3068017479
3068216006
3068494625
3068737877
3069006960
3069276459
3069511026
3069756045
3070028357
3070299618
3070546573
3070717007
3070883580
3071160232
3071422921
3071631785
3071865866
3072071854
3072337769
3072513819
3072740322
3072942857
3073215178
3073415311
3073615691
3073857946
3074123369
3074287716
3074544692
3074804503
3075070906
3075270780
3075475057
3075723586
3075901537
3076163034
3076437421
3076669632
3076877263
3077145098
3077378717
3077589145
3077817418
3078051785
3078286917
3078521454
3078754979
3079025554
3079264287
3079495510
3079764516
3080034713
3080277561
3080471739
3080673969
3080953441
3081216291
3081484260
3081687399
3081971091
3082236846
3082440921
3082684213
3082881771
3083081026
3083249723
3083457918
3083661106
3083859079
3084059995
3084297245
3084530142
3084733466
3084940839
3085208414
3085475994
3085713262
3085979615
3086080422
3086283335
3086483602
3086650386
3086824251
3087037361
3087231936
3087479049
3087635014
3087870746
3088059631
3088284226
3088450152
3088653530
3088827243
3089024555
3089223584
3089459519
3089628694
3089795583
3089964776
3090101502
3090306867
3090543424
3090709667
3090943642
3091146190
3091382717
3091547776
3091784422
3091917051
3092154807
3092391132
3092592099
3092766476
3092995001
3093230597
3093444561
3093737697
3093938800
3094143210
3094310180
3094512821
3094746876
3094981661
3095126911
3095352469
3095564665
3095757029
3095992089
3096193784
3096427342
3096597513
3096836619
3097035916
3097246999
3097443540
3097585868
3097712091
3097846642
3098047652
3098279273
3098449537
3098590700
3098787298
3098952692
3099160294
3099356805
3099594856
3099760859
3099995771
3100196159
3100431453
3100665815
3100869677
3101068438
3101237399
3101404403
3101647787
3101813202
3102010896
3102147239
3102380832
3102586941
3102788486
3102955599
3103199554
3103359821
3103561934
3103797117
3103997244
3104206929
3104298689
3104545837
3104736671
3104980549
3105144161
3105376521
3105549906
3105745695
3105981412
3106148184
3107228970
3107470320
3107637431
3107801400
3107973849
3108176495
3108921904
3109081789
3109593735
3109787955
3109953682
3110195079
3110429013
3110659374
3110834788
3111003859
3111177987
3111379028
3111545517
3111780688
3111960137
3112185086
3112386604
3112588321
3112755226
3112891072
3113093158
3113302366
3113530253
3113768780
3113975173
3114171416
3114373746
3114545422
3114781024
3114990447
3115325586
3115521390
3115723182
3115896830
3116101957
3116343834
3116536811
3116773568
3116976003
3117180229
3117414051
3117616512
3117787089
3118038556
3118293690
3118462314
3118668074
3118866973
3119068361
3119303417
3119537350
3119713926
3119941280
3120181199
3120350079
3120582537
3120785750
3120988271
3121188926
3121394965
3121596045
3121800788
3122006852
3122243721
3122417921
3122612928
3122854147
3123092333
3123354825
3123620551
3123858500
3123958272
3124060845
3124125556
3124328686
3124564746
3124766641
3124904698
3125069014
3125301666
3125540686
3125782905
3125943348
3126211481
3126413405
3126585464
3126719198
3126952133
3127123479
3127321660
3127522674
3127761957
3127965511
3128194943
3128364317
3128601128
3128738464
3128937805
3129109775
3129375224
3129609330
3129815065
3129945925
3130179347
3130317079
3130553135
3130688726
3130925436
3131094414
3131297272
3131462485
3131666880
3131844210
3132005066
3132176877
3132376167
3132514084
3132713107
3132982103
3133151871
3133363038
3133559922
3133762588
3133998934
3134133678
3134298271
3134541484
3134706245
3134878574
3135072973
3135218614
3135417249
3135559023
3135757869
3135991728
3136260036
3136459768
3136698770
3136905108
3137098814
3137300477
3137572067
3137801974
3137970030
3138138261
3138305867
3138513638
3138745394
3138950072
3139190123
3139492836
3139800203
3140035938
3140238380
3140476002
3140676686
3140878296
3141080432
3141386001
3141651201
3141921183
3142189501
3142459668
3142695480
3142895707
3143164375
3143365743
3143567260
3143766182
3143904656
3144105908
3144280786
3144477517
3144654558
3144848310
3145050008
3145251961
3145427035
3145599078
3145796294
3145965860
3146169841
3146370309
3146610636
3146813112
3147017955
3147212771
3147417006
3147619882
3147818546
3148025614
3148292188
3148530065
3148795023
3149037828
3149306309
3149570482
3149809234
3150044773
3150244303
3150448796
3150686996
3150886211
3151089523
3151293475
3151528808
3151698205
3151868198
3152074173
3152303042
3152571262
3152775980
3152986210
3153187900
3153429818
3153593344
3153828037
3154030446
3154299232
3154532328
3154672485
3154837428
3155041370
3155239589
3155477123
3155716319
3155913473
3156121852
3156350153
3156585007
3156795080
3156993701
3157225081
3157428806
3157664961
3157897621
3158103162
3158337729
3158475057
3158603251
3158813151
3159008249
3159246010
3159486159
3159719537
3159962028
3160196045
3160398771
3160637385
3160908883
3161111499
3161312777
3161551241
3161751520
