0
1776
8385
25736
44175
64977
78202
93860
110619
127659
147900
166038
181627
196319
213089
233067
247975
263372
280218
297111
314323
334348
351542
369035
383403
403277
417226
433152
450130
467233
484256
501130
518250
535216
552178
572245
586778
602850
620285
637168
653915
670765
687786
705136
721783
742455
756121
772292
788996
805918
822958
839732
857267
873881
891042
910850
925511
941414
958390
975159
992198
1008932
1739941
1959894
2077602
2229984
2348541
2534945
2623103
2740001
2926479
3146949
3265208
3423682
3529071
3698881
3850037
4020058
4142811
4258668
4425890
4527837
4714509
4899914
5070212
5273698
5408479
5543967
5713336
5849663
6068132
6238817
6373083
6532573
6667301
6821330
6972072
7107681
7227767
7396917
7566760
7669349
7820995
7980164
8148446
8307820
8476467
8629780
8798001
8944600
9119538
9281644
9448525
9618562
9802972
9924033
10075128
10209323
10379100
10552510
10671352
10822003
10924609
11114925
11252792
11403379
11521444
11641791
11813617
11962952
12133943
12322086
12491574
12626204
12760167
12980362
13115388
13303887
13472497
13642018
13794812
13997490
14169117
14336554
14488616
14662184
14831640
14949922
15086458
15291679
15477330
15649432
15784884
15921810
16123782
16275724
16501570
16670266
16824436
16976504
17196753
17365125
17534648
17703933
17872987
18008267
18160218
18329237
18486277
18689715
18824965
19027787
19197317
19387157
19540272
19726096
19832455
20001100
20204072
20406644
20612366
20822101
20973989
21163645
21296314
21414790
21550464
21750514
21970252
22124747
22329404
22547958
22652318
22736292
22892906
23049736
23220230
23334587
23468571
23655883
23840874
23942964
24179481
24350649
24501781
24689626
24896097
25047542
25254335
25472540
25692203
25845695
26013637
26166903
26336354
26488103
26658845
26860650
27030322
27233488
27437099
27591688
27797733
27980164
28097686
28267350
28446450
28581525
28733430
28904104
29058868
29243958
29379407
29604626
29773914
29926796
30061987
30265709
30418964
30570478
30745672
30914734
31066774
31219174
31374653
31525321
31694200
31882390
32054300
32253144
32393463
32591982
32767873
32884625
33003530
33175405
33293410
33463410
33661016
33796357
33984990
34188894
34307896
34495528
34664317
34803206
34936906
35155753
35325046
35482870
35756705
35942281
36094459
36231747
36399585
36602465
36772367
36953461
37071028
37241057
37443991
37631995
37749794
37923574
38045381
38228210
38385591
38555837
38686885
38891947
39043307
39212100
39363833
39537762
39724140
39826650
39963791
40100393
40256069
40355449
40525608
40678031
40780436
40907482
41113306
41213672
41382223
41534599
41671440
41822880
41971118
42087807
42272639
42427146
42598437
42840055
42995961
43213191
43334364
43449428
43601950
43737494
43944352
44079112
44281258
44434328
44602159
44754442
44877422
45095041
45289058
45475850
45695019
45813553
45965821
46100791
46238412
46391694
46492693
46645861
46833184
47019536
47199687
47423810
47558330
47711569
47913456
48065945
48169410
48390802
48592370
48748289
48951781
49120972
49275436
49425911
49586954
49757112
49894174
50113080
50331291
50500016
50720710
50947303
51133026
51285241
51487710
51656830
51792632
51929242
52065591
52199432
52351855
52538887
52690629
52861579
53059682
53160969
53264905
53467808
53604424
53792179
54012740
54216207
54385350
54557573
54709130
54929507
55098627
55251918
55386667
55521697
55690856
55878014
56064773
56267566
56488197
56676157
56877372
57098559
57300825
57503852
57707118
57926502
58061790
58282829
58450603
58603569
58788980
58944651
59114021
59266442
59418426
59520800
59690811
59845123
60049733
60253954
60408873
60626011
60813176
60964918
61066666
61255335
61371118
61525954
61711860
61863567
62050971
62272485
62424280
62611819
62781543
62999062
63185061
63323832
63443343
63595665
63783242
63972913
64140032
64290389
64492474
64679221
64889084
65041247
65227667
65413924
65617320
65718339
65840392
65991006
66107895
66294803
66446449
66667980
66874815
67079654
67204047
67401290
67588186
67740579
67894584
68113826
68205083
68393280
68562306
68731423
68919127
69075530
69209644
69360323
69465515
69668016
69896865
70038425
70140195
70343248
70565201
70753053
70940122
71151624
71339133
71442204
71578476
71747550
71900357
72086085
72222758
72374624
72560514
72729774
72916446
73103284
73254978
73391917
73597501
73771324
73941346
74199807
74371422
74553418
74721872
74825375
74994767
75200577
75335749
75472337
75675956
75851452
76037388
76188936
76393833
76545628
76685455
76872304
77024999
77194268
77396610
77602371
77736233
77887686
78092164
78226028
78395142
78582143
78737191
78819566
78989367
79176459
79345478
79498497
79708214
79877427
80047229
80203650
80389062
80558343
80710855
80863886
80967651
81137032
81342562
81494783
81612428
81798357
81951424
82120008
82323671
82531844
82748073
82875015
83057280
83243815
83413300
83555612
83703176
83856299
83974438
84173208
84393692
84581924
84715994
84922433
85037954
85196363
85366212
85555845
85763142
85951414
86134880
86297343
86464924
86681917
86852908
87004326
87156643
87275459
87480568
87665009
87883767
88103732
88308486
88477595
88647150
88852515
89054154
89276081
89445321
89596978
89818177
89944621
90114634
90318077
90486868
90694786
90831367
91054936
91254336
91474272
91626666
91813054
92033656
92168945
92304374
92439102
92541397
92659936
92864925
93016379
93219930
93372318
93508160
93659355
93795620
93933557
94139941
94293784
94430507
94583796
94703211
94905822
95024419
95177273
95328896
95518641
95720975
95907617
96044675
96246263
96401344
96554932
96691597
96897927
97050892
97174524
97271474
97423773
97626380
97796765
98001578
98135604
98271039
98440260
98626607
98795912
98930659
99066166
99235233
99375069
99574761
99745056
99847243
100033887
100208292
100396302
100529067
100716039
100935916
101104941
101257298
101415761
101564599
101698488
101888684
102096871
102267453
102419618
102619608
102740307
102858099
103016757
103202809
103372839
103558428
103712456
103898235
104118439
104321392
104476339
104646521
104829500
105051870
105238349
105391382
105560702
105730606
105915851
106136397
106322961
106524952
106745668
106849305
107019340
107202495
107400209
107605103
107824044
107993157
108215235
108399311
108602764
108805342
109008336
109213050
109400126
109533404
109720672
109874898
110045069
110197103
110332619
110501475
110643593
110832327
111002071
111172087
111276170
111509868
111715472
111918759
112155088
112292997
112477888
112649154
112784232
112920006
113071396
113241077
113376554
113546583
113666894
113835915
114055899
114276022
114430371
114566982
114736161
114871130
115009319
115211063
115313520
115499503
115635064
115804821
116026994
116176891
116312005
116516747
116667719
116837142
116971796
117124376
117312049
117414175
117617321
117823065
118007960
118177953
118349397
118517639
118636545
118805234
118957461
119178319
119348082
119484911
119654443
119840870
120009715
120179130
120332150
120500616
120653201
120788900
120991677
121163852
121350790
121521508
121726007
121913687
122100815
122286325
122456935
122607844
122726928
122896506
123116111
123323246
123490292
123691488
123870492
124044388
124247673
124451801
124639350
124809322
124944801
125166371
125372120
125557056
125727262
125912902
126014664
126221884
126392407
126540472
126743872
126928378
127066875
127216482
127386000
127575950
127762439
127988255
128111150
128309766
128530128
128733255
128919403
129127436
129327034
129545843
129732920
129935985
130123644
130276583
130445470
130650592
130802062
130970537
131158661
131327599
131460485
131666693
131849583
132024064
132210336
132380758
132550894
132670454
132805243
132956633
133144202
133311795
133515679
133667798
133879625
134060056
134162857
134349437
134485311
134705882
134874457
135093985
135281397
135467940
135670963
135860877
136048614
136199737
136369652
136573693
136776108
136977437
137163831
137367275
137536183
137638538
137756853
137927109
138079515
138268779
138453817
138674606
138859794
139046454
139199405
139360419
139581196
139767357
139886218
140056074
140258101
140427449
140650022
140819735
141040841
141228892
141398048
141566483
141753126
141913319
142084069
142287271
142439565
142626761
142795616
142984777
143155476
143262883
143484451
143669354
143789360
143957133
144160215
144363845
144567623
144685879
144804073
144991338
145094786
145211639
145416417
145551678
145691698
145911623
146091031
146191913
146329081
146466182
146655002
146787782
146992856
147210262
147362143
147583987
147788012
148011484
148237376
148388590
148609601
148831052
149037337
149220132
149423511
149609626
149750964
149854222
149972055
150178412
150317429
150487997
150640306
150802584
150953641
151092675
151264012
151480208
151615416
151818008
151954085
152110740
152309856
152512369
152676811
152845503
153014626
153139187
153338976
153491550
153678146
153871957
154006641
154175392
154361560
154531206
154700541
154820787
155013282
155183123
155352156
155520207
155721568
155929065
156081779
156250456
156420096
156571888
156758231
156913522
157116756
157287358
157424412
157643729
157830880
157999737
158203249
158355711
158578817
158762246
158931974
159101510
159305111
159507224
159677188
159869883
160038136
160224520
160395153
160512096
160665108
160852778
160988498
161140711
161326914
161513267
161599833
161777816
161931231
162118782
162287600
162492772
162625695
162830956
163002228
163151266
163302940
163521329
163640822
163832678
163965235
164117617
164253561
164422203
164627113
164829672
165048966
165251702
165353864
165454859
165590858
165776390
165946119
166098888
166251952
166472822
166607966
166793363
166979748
167148476
167283488
167520498
167692639
167879158
168098106
168318751
168471652
168674207
168845627
169001024
169105224
169287756
169475197
169593687
169797042
169999494
170168239
170371495
170574664
170745562
170958538
171127433
171281612
171417215
171623714
171809128
171997734
172204990
172391546
172515083
172699360
172855728
173023662
173156951
173310016
173513374
173715058
173918301
174049292
174146510
174334966
174486981
174707096
174876159
175031285
175245592
175417936
175547581
175723991
175876729
176015166
176185262
176387436
176573767
176726827
176950334
177106676
177310298
177467271
177650564
177853101
178005415
178106892
178327215
178498330
178682967
178860056
179030666
179205799
179358483
179559666
179779498
179931861
180134060
180342791
180545734
180765251
180984479
181120083
181305864
181519557
181729006
181858331
181961304
182065804
182282583
182502577
182658531
182820278
183040918
183227030
