0
8035
34309
70363
102135
138486
165043
202378
234447
266170
302322
333934
367984
403063
436237
473369
505830
535692
570629
607485
637345
671121
704473
743701
772695
811963
838571
871275
910796
943328
975229
1007957
1687520
1920221
2169297
2431047
2601038
2772636
3013359
3283575
3454655
3682064
3890389
4162598
4364449
4541635
4732963
4969113
5171428
5347304
5556447
5798727
6040160
6178431
6377653
6643781
6849940
7050744
7290116
7558284
7792908
8029984
8271297
8498797
8703896
8908545
9137603
9341882
9546821
9780754
10043801
10250139
10486407
10716008
10973586
11205310
11439392
11669197
11987623
12218107
12501715
12737739
12974513
13242647
13489173
13719761
13996488
14234105
14468368
14736182
14941295
15220031
15422272
15662177
15894613
16079249
16306537
16544227
16716967
16962002
17195135
17467218
17671706
17911657
18120219
18346935
18618810
18794135
19041812
19244872
19446117
19682828
19920421
20130762
20360432
20529129
20728494
20967198
21140825
21409243
21678221
21937491
22175846
22442869
22646862
22791711
23033050
23268998
23534219
23774624
23977043
24213347
24482940
24718992
24986182
25229695
25465371
25710852
25955404
26218152
26454725
26732869
26973769
27171377
27439200
27672988
27875617
28077246
28317042
28550538
28856103
29090482
29270965
29635620
29843866
30086493
30360888
30562527
30828925
30999758
31169760
31440509
31647979
31919834
32124933
32332649
32595084
32831635
33075581
33306600
33537032
33772323
34009321
34192957
34443764
34672262
34846557
35083818
35286945
35483794
35690365
35891763
36160192
36366485
36600435
36809863
37068937
37274665
37510613
37786499
37984861
38264515
38510056
38676035
38873635
39075210
39317097
39587387
39830990
40031734
40204683
40400364
40605928
40848422
41010081
41247398
41488833
41724231
41898675
42099063
42334687
42602676
42812323
43077369
43333481
43576394
43807838
44043563
44245452
44477950
44748117
44953602
45187228
45394901
45606446
45775460
45907176
46118465
46386644
46599523
46828997
47038891
47310316
47577581
47819092
48028225
48254989
48458537
48704675
48931880
49170998
49403641
49608018
49844060
50078416
50281634
50515925
50787469
50924043
51200815
51411816
51638773
51870542
52105345
52310737
52555409
52723559
52928117
53135783
53405279
53635293
53905752
54177084
54380191
54615008
54822220
55088500
55325923
55594963
55768372
56001986
56237121
56478831
56739556
56942312
57214614
57454559
57656549
57899201
58174134
58335334
58572156
58773709
59008646
59242164
59488896
59725670
59890523
60059014
60304406
60536156
60800974
60931402
61214356
61408086
61580558
61857075
62059484
62239614
62432524
62637816
62877100
63049639
63258073
63523308
63724572
63971035
64205358
64445235
64678826
64882657
65117189
65363789
65599349
65835090
66080659
66347244
66659049
66881710
67089675
67287154
67488373
67694153
67868944
68069745
68275468
68515880
68751154
68998969
69233569
69479188
69712599
69910693
74252509
74801156
76112435
76440193
76709467
76911456
77116210
77285431
77486680
77654732
77891629
78065210
78299858
78568580
78834954
79104941
79313101
79679375
81827461
