0
7907
40731
70808
108389
138381
171546
206278
242697
279154
308875
340401
374605
410423
445120
474833
511220
546326
576030
618966
644438
677886
716452
744468
776267
814103
845033
879810
914936
954817
981857
1013138
1689923
1923151
2123706
2359986
2563833
2799265
3000275
3242387
3445142
3684143
3851997
4087567
4330821
4562446
4797970
5002801
5232535
5406484
5543367
5804055
6040695
6244553
6444256
6646681
6822962
7018037
7186873
7420323
7623707
7863834
8099460
8341362
8573508
8807591
9053084
9253177
9428464
9622429
9727811
9927021
10063430
10264116
10438391
10638634
10840269
11075627
11253624
11459572
11662258
11895482
12135636
12336605
12575053
12785592
12987701
13209572
13411276
13644726
13852395
14089277
14321276
14593996
14834460
15076140
15281304
15550570
15745575
15992930
16196038
16461584
16703947
16937760
17177125
17380011
17623037
17794366
17959713
18202688
18435493
18641043
18885840
19149392
19418622
19653654
19925036
20159782
20433600
20640415
20907489
21108298
21345555
21544846
21778783
21989978
22229989
22466404
22676628
22904169
23103605
23282572
23488753
23696069
23929263
24155444
24380616
24610939
24851070
25059312
25291038
25496931
25632607
25868497
26106224
26315119
26453854
26688058
26889409
27157909
27394537
27602108
27840167
28077487
28308268
28544110
28787845
29019641
29273670
29508983
29679571
29878349
30158990
30356049
30589831
30798162
30996006
31235579
31470414
31714786
31950490
32190210
32388083
32623157
32825932
33096480
33331054
33601382
33847411
34011959
34251760
34454445
34722118
34960541
35234822
35464452
35707658
35943506
36176586
36420687
36661434
36897185
37100010
37270515
37536161
37770022
37947186
38140967
38343684
38614412
38847051
39082646
39352019
39590205
39822566
40022609
40229832
40464873
40706952
40956099
41223509
41453695
41693635
41914876
42148900
42366007
42567864
42799216
43005469
43236057
43477280
43721511
43947552
44218087
44469898
44704266
44875763
45087785
45315280
45586735
45824285
45995421
46234754
46448739
46687052
46915553
47127514
47331205
47562211
47837853
47963513
48235506
48469038
48710519
48850810
49117252
49387901
49622844
49862830
50127902
50336735
50575389
50744023
51014363
51251727
51465174
51666004
51770525
52013466
52257708
52487288
52688544
52820419
53059199
53270587
53546494
53780185
53985165
54224859
54431213
54702086
54977767
55207798
55421093
55687484
55824560
56058002
56229802
56464403
56677251
56907683
57124832
57365144
57595713
57833158
58076041
58315208
58513495
58724166
58985956
59239621
59480281
59689380
59892407
60126622
60405159
60610573
60816502
61056804
61332906
61536584
61772410
62007587
62240436
62449137
62682044
62880022
63084412
63314895
63593766
63843867
64070458
64339180
64571499
64799309
65033690
65245813
65483214
65725905
65962832
66209700
66417428
66647902
66891497
67093127
67359419
67598045
67868442
68098946
68338867
68547353
68779275
69018106
69252462
69486901
69727234
69961757
70162458
70392437
70568906
70814970
71014495
71257802
71524260
71680984
71948290
72225612
72424525
72593942
72847810
73087331
73327606
73558524
73796731
74035669
74266472
74506574
74752672
74983075
75224676
75456897
75693407
75890795
76060853
76260611
76497591
76737757
76971797
77114569
77389616
77590348
77833887
78033555
78271421
78513229
78745733
79016282
79252923
79496575
79762433
80027918
80266097
80507475
80734146
80973816
81187988
81446226
81685654
81932966
82179654
82347908
82618770
82852992
83091681
83295862
83532341
83747226
84018665
84260321
84524723
84786959
84991006
85237558
85483353
85622443
85892791
86132411
86377505
86648625
86879804
87030959
87239521
87488194
87725779
87989110
88258922
88461373
88698089
88964306
89245103
89486666
89763474
90025594
90202006
90399193
90653640
90901792
91147524
91381655
91618478
91885928
92125844
92390204
92602271
92798789
93037397
93272414
93513223
93757335
94026530
94302033
94539146
94802183
95010896
95179697
95347756
95585240
95848817
96047849
96256944
96455202
96720980
96931313
97091231
97329576
97567679
97815057
98059508
98325865
98592260
98796300
98970553
99209078
99382097
99513284
99684789
99923833
100159564
100397232
100684615
101074192
106022496
182200721
184201116
184302547
184458545
187216385
188234160
188461264
188609925
188920776
189029854
189190676
189398464
189633831
189837276
190055420
190235445
190406479
190538118
190672361
190773352
191010534
191201510
191377385
191484843
191659381
191912691
192126737
192330276
192539177
192738374
192838319
192962078
193176028
193304697
193496901
193648134
193799257
194086597
194276041
194434832
194585523
194800999
194946427
195143449
195306749
195560189
195722895
195980093
196149097
196311073
196515357
196700517
196855707
196987114
197123093
197253944
197370923
197463486
197601563
197730600
197865966
198030045
198175982
198269215
198401303
198514186
198635658
198741186
198880145
199042707
199147703
199310284
199483506
199585035
199682410
199823531
199922721
200132599
200258153
200363928
200492805
200728012
200840106
