0
30466
63362
94988
134333
175498
200071
232713
265234
296569
331441
364969
399032
433630
466525
507274
534955
567174
598221
633720
667523
702199
735508
767964
801842
843255
869161
900508
936992
969386
1001640
1273429
1622745
1824556
2160410
2429321
2706663
3009813
3276770
3578624
3779572
4049806
4284149
4525567
4761083
5028050
5169374
5441550
5743343
6086896
6387196
6556571
6827332
7096917
7364504
7608311
7902134
8168202
8439351
8717861
8977765
9313988
9588527
9892421
10193567
10463405
10699261
10865696
11171095
11369809
11606436
11873365
12112076
12447275
12749485
13023505
13328549
13597201
13904822
14272658
14509013
14743568
15076611
15317021
15579762
15786186
16024185
16290103
16625458
16905663
17107293
17408730
17609574
17810944
18055403
18315999
18621070
18952798
19288499
19558881
19769381
20038267
20279059
20546233
20724117
20957533
21198222
21497985
21700270
21971617
22142374
22408058
22647113
22946290
23189398
23462183
23698706
23898781
24034757
24305516
24537793
24818088
25045565
25278630
25419753
25681676
25967774
26201710
26472388
26640043
26846050
27076298
27312738
27517018
27747506
27916935
28124566
28324644
28458352
28662080
28797126
28962244
29202190
29401173
29567471
29703148
29939214
30039695
30274196
30480519
30714147
30912240
31090639
31221248
31454381
31623208
31826272
32024960
32263575
32499031
32735689
32966520
33339703
33580224
33709558
33945151
34078057
34315445
34553732
34823571
35055982
35263258
35533286
35807198
36043989
36282604
36512407
36752413
36985134
37155381
37401032
37668610
37938968
38140828
38407460
38649031
38880688
39146853
39448084
39683205
39924142
40121133
40353487
40590711
40827570
41025594
41309340
41513973
41720892
41989443
42301219
42599969
42835467
43105664
43406412
43712544
43912682
44247529
44520842
44823016
45125600
45467710
45772012
46080883
46346791
46646280
46950206
47184097
47390236
47728093
47995935
48296096
48634695
48967768
49277466
49578353
49883344
50255853
50557366
50836036
51146582
51483658
51817212
52149255
52383401
52623018
52835818
53130880
53367596
53638876
53910587
54189035
54450667
54751331
54986277
55253845
55489241
55798108
55963498
56208537
56473749
56743899
56982950
57317914
57622314
57957324
58234598
58501440
58867179
59136535
59406794
59675666
59941480
60213326
60549818
60855005
61122529
61457873
61760117
62031849
62334985
62610899
62909747
63178409
63459888
63769624
64003931
64245099
64581120
64889456
65159757
65399956
65642501
65911298
66190521
66495477
66765715
67043231
67310446
67613011
67881095
68183732
68526611
68830316
69096731
69371951
69674999
69874490
70142171
70424115
70717299
70984224
71253112
71555789
71830232
72104659
72402644
72707555
72919711
73162370
73436605
73700342
73937836
74250742
74494590
74718978
74995271
75227184
75434511
75734015
76072445
76342383
76710084
76987959
77292840
77557864
77829461
78131749
78379293
78648003
78923962
79190191
79389194
79727631
80003828
80305359
80543119
80777533
81076995
81314080
81598025
81826464
82138818
82506216
82813981
83090725
83254569
83526414
83831161
84133714
84410892
84646897
84911444
85208302
85477871
85682102
85949408
86258067
86566938
86833355
87137399
87407558
87710448
88022344
88285014
88598132
88933207
89210735
89389549
89646459
89983051
90218637
90453044
90655747
90935905
91240244
91518736
91807929
92086552
92427697
92656179
92927302
93226028
93466524
93698418
93972117
94226267
94417409
94752984
94986293
95288617
95565714
95828036
96096480
96409178
96815552
97113659
97451837
97719445
98055480
98257690
98505103
98798134
99104734
99386086
99716019
100056534
100358869
100601395
100878760
101139348
101339533
101550885
101812595
102081229
102317859
102522412
102788650
103775779
104119976
104384165
104551757
105467009
105758836
106149590
106450931
106650240
106987849
107252298
107499730
107720421
107966118
108152207
108432251
108634618
108934713
109137185
109377297
109646340
109946912
110184285
110351480
110559806
110821586
110989461
111262749
111537415
111919789
112214198
112480957
112751509
113054315
113389781
113693154
114031221
114333607
114569710
114876300
115177915
115479413
115716167
115960940
116218963
116487574
116688272
116895256
117128899
117403077
117732199
118004554
118336025
118610554
118913707
119149162
119427561
119691961
119962482
120231603
120513822
120785246
120922691
121123033
121391297
121639013
121907325
122112704
122345187
122579153
122816261
123083573
123354997
123626220
123961799
124265378
124584104
124867802
125173014
125394000
125657701
125891280
126194222
126496742
126834060
127172203
127492720
127752929
128033828
128236747
128476322
128713291
128946216
129215937
129488057
129790779
130064459
130332016
130544796
130772805
131073601
131416474
131722940
132022947
132362419
132665192
132906703
133170808
133505347
133805607
134146206
134450067
134786140
135118788
135424644
135762568
136067284
136366418
136668364
136943366
137206006
137546851
137812888
138081765
138389591
138693802
138967259
139232411
139568741
139801663
140090582
140459844
140740676
141073373
141348520
141650134
141920008
142219661
142522368
142859411
143162865
143429290
143706139
144043554
144309536
144548034
144819217
145057864
145355463
145600417
145939407
146273609
146579102
146815829
147094848
147356347
147655784
147927114
148163840
148397845
148736580
149111733
149390491
149734240
150114028
150453401
150755211
150956354
151226483
151527653
151842189
152147596
152394994
152714752
153051460
153356098
153688919
153959387
154265289
154538978
154811196
155011324
155223073
155492977
155761682
156034552
156308936
156581331
156881395
157218535
157517591
157758482
158027615
158262027
158502341
158738701
158911516
159223788
159524966
159831578
160103537
160444604
160775793
161081050
161383305
161623620
161926464
162195912
162470669
162715945
163025376
163261070
163428998
163734660
164004469
164410299
164710045
165042778
165349026
165648968
166023411
166354908
166593317
166894182
167128840
167439612
167737098
168073252
168342264
168608610
168950522
169186642
169520007
169794541
170091375
170438380
170672757
170909962
171211854
171488695
171784504
172086425
172423983
172693436
172969887
173178413
173521389
173780406
174046696
174248953
174518089
174688556
174928167
175127286
175363214
175567769
175868221
176100411
176335722
176575474
176806969
177039919
177343754
177595421
177894542
178092683
178296120
178495222
178732234
179000822
179279056
179611759
179912933
180147205
180479904
180785529
181083388
181428746
181731702
182093927
182364208
182605854
182872293
183143282
183350860
183646986
183954685
184219738
184488554
184790063
185092730
185327192
185635009
185937498
186239831
186516253
186787081
187125507
187294577
187540860
187811991
188115091
188386928
188686122
189021689
189291175
189593277
189842597
190124902
190379848
190647911
190917587
191126985
191389743
191660100
191959580
192296071
192598693
192812978
193149043
193444007
193779895
194092107
194334832
194581516
194861452
195085156
195321888
195630571
195970160
196298039
196567386
196835546
197103066
197324868
197587336
197823547
198091634
198406091
198741338
199019858
199316311
199651552
199939452
200199698
200534352
200740338
201015941
201299808
201556377
201832625
202135227
202341596
202647997
202943586
203178512
203480694
203784063
204050963
204328898
204623070
204961581
205197583
205439408
205686280
205946918
206216038
206482922
206819757
207127428
207460919
207726005
208035838
208333327
208671951
208905207
209208572
209509289
209777255
210065617
210358732
210659045
210895018
211195615
211531588
211842901
212112161
212422023
212698824
213041862
213312039
214525105
214888987
215231248
216239664
216502044
216912419
217114929
217315402
217551802
217859665
218162951
218469949
218736734
218975210
219185960
219488891
219788637
219995316
220225890
220466870
220646005
220871500
221170399
221482995
221787162
222095109
222432110
222701851
223054863
223372438
223609516
223829983
223997906
224199270
224472160
224707303
225009608
225344308
225679733
225914591
226119674
226351619
226661154
226929867
227170283
227482097
227851972
228155235
228493821
228729244
228894373
229242222
229440156
229831428
230119999
230425086
230724308
230993264
231328122
231538871
231709810
231978578
232215467
232457559
232723851
233032507
233328311
233640153
233942777
234283384
234524423
234808561
235081386
235289641
235653292
235891173
236326244
236623946
236849756
237230266
237571662
237917577
238189736
238489311
238770389
239138642
239406371
239692679
239957538
240294038
240560790
240909719
241245778
241514963
241888113
242191054
242595646
242896446
243333491
243639791
243951448
244288227
244521385
244803284
245071777
245409266
245643116
245947621
246149376
246434565
246702571
247013481
247315324
247618293
247926037
248238242
248542410
248878695
249217198
249526348
249861934
250093750
250397315
250744514
251013141
251316824
251617772
251890681
252122497
252424250
252625586
252971650
253272517
253607048
253928412
254196306
254462734
254797043
255099936
255417806
255690597
255926014
256228325
256460761
256733440
257039509
257373775
257742760
258047251
258320031
258585405
258927097
259258801
259625503
259891768
260200741
260538096
260813563
261148694
261450142
261662660
261960353
262268330
262584280
262871236
263176382
263412454
263650570
263986005
264360081
264668230
265043719
265415981
265759579
266103374
266404359
266780525
