0
26952
60429
94157
129121
161976
195708
228894
265626
298101
335432
364398
396174
431439
465434
498464
531744
565645
599383
634233
671355
699866
734526
768022
801353
834036
869721
902725
938486
970063
1007761
1643092
1808867
1977110
2211897
2379840
2617829
2849191
3051912
3220326
3419567
3627186
3825871
4062218
4262750
4429959
4667223
4868402
5068307
5307503
5473552
5746211
6016559
6250812
6417405
6587715
6855282
7062517
7325787
7528751
7697441
7962454
8230930
8465456
8741547
8934756
9242194
9445129
9680174
9879009
10052129
10385886
10565165
10788771
11016445
11253663
11466309
11688772
11958868
12192874
12478237
12698111
12968214
13233881
13505289
13815216
14073609
14378617
14644288
14980063
15214927
15492167
15788139
16022276
16325008
16679176
16999682
17203688
17436429
17641611
17953515
18219531
18452474
18723056
18996197
19301630
19642341
19877916
20225246
20517222
20851430
21121766
21369821
21691564
21961168
22266403
22580391
22916249
23138387
23474676
23684983
24023120
24281585
24591262
24852239
25220544
25488251
25940466
26238517
26507092
26741480
27079468
27355151
27680665
28089161
28383389
28632769
28899278
29235669
29536537
29839383
30119683
30356228
30618309
30850707
31084105
31284080
31484297
31693889
31928152
32199879
