0
16442
35195
49610
66161
83815
99617
116312
133432
150451
167384
185136
203367
218354
235352
252047
269355
286018
303921
320660
337483
354183
373218
388138
404919
421601
438721
455659
472721
489627
506782
523804
542535
557309
574355
591263
608284
625348
642269
659329
677074
693015
712228
726651
743536
761603
777899
795242
811119
828443
845366
863403
881166
895653
913370
930254
947271
963867
980758
997582
1014901
1253271
1392359
1525584
1609714
1799507
1983003
2124220
2246240
2448196
2636430
2792172
2960386
3062767
3275160
3425036
3564785
3739613
3893059
4060811
4216603
4368083
4593971
4796825
4971160
5160110
5360626
