0
30753
67370
96955
130555
164928
197638
231553
264770
301121
338610
368763
408643
436385
468021
502700
533852
567274
601171
637397
670830
703060
739856
769284
804852
837219
872917
905371
937512
972975
1007399
1575885
1810755
2014510
2179937
2351920
2582897
2822703
2989895
3234488
3439251
3602987
3835642
4004184
4205943
4384485
4585124
4816999
5021524
5256504
5490264
5731658
5929881
6170050
6403495
6639145
6871198
7108591
7313169
7550808
7788616
7923393
8123396
8322695
8559034
8762817
8926542
9132595
9364522
9570243
9770257
10002009
10442165
10648928
10821405
11052547
11222360
11432044
11668046
11902199
12104295
12339677
12575014
12779072
12944473
13156941
13388933
13558333
13756637
13990149
14207827
14421597
14653571
14858992
15089878
15261937
15495969
15729991
15967857
16166859
16404568
16610328
16805662
17046981
17287809
17522545
17722048
17925815
18127721
18364415
18603252
18834708
19102886
19339163
19576810
19777309
19990691
20217158
20452466
20657884
20823559
21023480
21223364
21428929
21672066
21831202
22009269
22237214
22478317
22614846
22843748
23016468
23219842
23461353
23662762
23902246
24100286
24341031
24544350
24779584
25022142
25292908
25524334
25963695
26162291
26334177
26571344
26802157
27007563
27238588
27473261
27677825
27878987
28157991
28391065
28657990
28928175
29129491
29371887
29733618
30000483
30271228
30639523
30879193
31186880
31494809
31813100
32047219
32285283
32656146
32923490
33224343
33580308
33863145
34157726
34464058
34764492
35067008
35268967
35647216
35908310
36109324
36442865
36785169
37032558
37341432
37636394
37840046
38141752
38441553
38687053
38947365
39181405
39451975
39692532
39932023
40190466
40458768
40698101
40937409
41197812
41500670
41768582
42045310
42318655
42633782
42933842
43170223
43373451
43648396
43877978
44086912
44422017
44757674
45017644
45286761
45557310
45825223
46104014
46336369
46630160
46866432
47143459
47383981
47654927
47889723
48135757
48340796
48675880
48909155
49213380
49454247
49732200
49991111
50224156
50567436
50766692
51038641
51304711
51607262
51848460
52084077
52384439
52720739
52886330
53121674
53433907
53727743
53995438
54266059
54542359
54838847
55116387
55375046
55723363
55900963
56192528
56469223
56763677
56999533
57244399
57477235
57742068
58008687
58253801
58513053
58822400
59119326
59387322
59654798
59892262
60167483
60463183
60763826
61036051
61371322
61671439
61956417
62248384
62525141
62753510
63019793
63256425
63560020
63773032
64004035
64181116
64482547
64755267
65028016
65298011
65599116
65909725
66204481
66439768
66776952
67017673
67313228
67649092
67890026
68158631
68424691
68700512
68896105
69096924
69298154
69604482
69901621
70134909
70441263
70744145
71013185
71249677
71585507
71852798
72152706
72424837
72692628
72965769
73266975
73541650
73773014
74042053
74316492
74652557
74849513
75014795
75283541
75552116
75818636
76094850
76391070
76626803
76768172
77062452
78434240
78804295
79004530
79359373
79651650
79888758
80119978
80368491
80627260
81034478
81201429
82044150
82271024
82516179
82750696
82982748
83282678
83515822
83717154
83951395
84227220
84464391
84696566
84964182
85134020
85368061
85668746
85905724
86172493
86453485
86689671
86926030
87092557
87292631
87568185
87779805
87983819
88222779
88495913
88756857
88989566
89260218
89529027
89770845
89902141
90085125
90284964
90588997
90793409
90940803
91175189
91448185
91712806
91948860
92223424
92430099
92634638
92866742
93137325
93402679
93737024
94046030
94316624
94618391
94933960
95194433
95497253
95802305
96068409
96345441
96714830
96982546
97219563
97521077
97757032
97997435
98267293
98502873
98837972
99106158
99390127
99689402
99999093
100264574
100549153
100821261
101120685
101387980
101656662
101891461
102160094
102366180
102702145
102998432
103233260
103569661
103869845
104140041
104422619
104757828
104985659
105257159
105564645
105894001
106200745
106503999
106805142
107077247
107309312
107679458
107981800
108262962
108582549
108858437
109027605
109300083
109600782
109874913
110144925
110450986
110750318
110987440
111294688
111597667
111868465
112134081
112442002
112706597
113008571
113312335
113646192
113911917
114152805
114417462
114690260
114895215
115157461
115458571
115761004
115931841
116201368
116539599
116872703
117177715
117479584
117748876
118018300
118220711
118522888
118821165
119123226
119361539
119662437
119944219
120212647
120482330
120746812
121017309
121287458
121531264
121765806
121977045
122201993
122506352
122754882
123019750
123190311
123530090
123833221
124068560
124304520
124607703
124874304
125141823
125417067
125715212
125955117
126220411
126528339
126795210
127036261
127333353
127636422
127934714
128205702
128492682
128793012
129095376
129297703
129631020
129934786
130242991
130541427
130710126
130907222
131177854
131419708
131618133
131814972
132051667
132286949
132521329
132789003
133024360
133226548
133538375
133841624
134045467
134311692
134685644
134954570
135225782
135468609
135828556
136140427
136404632
136703795
137040036
137311612
137722312
138058428
138362732
138662932
138895512
139232870
139567884
139869475
140179504
140517570
140780355
141080523
141449750
141749103
142086666
142423127
142760195
143070512
143412135
143872441
144210982
144594754
144956285
145190582
145466775
145805882
146139745
146441810
146743478
146915483
147220118
147513133
147814952
148115692
148486937
148823374
149159262
149495484
149834962
150109877
150373492
150681212
150952594
151253901
151606271
151907141
152154826
152493645
152792311
153069269
153406977
153768553
154055468
154306835
154618870
154853182
155158638
155392377
155728797
156065358
156264668
156637023
156937761
157248720
157592297
157852663
158165294
158426448
158794906
159061611
159294647
159605509
159846385
160142228
160486979
160791951
161024640
161394358
161764243
162133085
162368370
162670155
162938007
163240314
163583540
163893038
164189520
164577353
164868543
165168759
165504288
165771744
166040588
166353295
166751099
167053166
167323119
167702031
168041986
168302652
168534491
168768946
169104735
169442309
169811678
170054527
170389294
170682515
170987248
171298614
171640053
171933631
172240213
172609402
172945227
173246079
173581316
173917117
174224560
174561842
174894738
175195381
175564199
175867794
176202766
176521879
176823568
177093034
177431673
177777601
178080269
178421579
178755733
179023867
179327174
179698576
179998191
180278642
180648615
180916525
181218463
181527569
181825981
182127667
182443386
182834606
183070929
183372898
183726085
184050525
184356426
184718346
186746528
187092640
187663126
187961864
188265066
188567626
188836784
189360253
190375081
190704402
190996835
191261894
191532806
191808519
192077606
192345456
192682618
192983128
193190261
193459155
193695887
194007411
194242196
194542820
194812246
195115562
195429882
195690228
195972861
196116924
196275440
196482881
196745353
197013176
197216155
197486605
197652060
197822523
197954756
198222852
198491948
198798612
199065020
199333006
199640173
199905497
200045073
200280655
200544456
200822560
201085647
201350567
201720702
202064273
202409082
202761666
203140287
203481454
203812466
204078575
204380117
204784437
205154402
205559678
205862923
206126435
206464499
206764314
207001554
207301478
207605113
207811083
208084775
208423578
208759241
209070756
209414458
209748833
210026725
210306262
210639689
210999111
211338883
211653743
211885562
212186776
212543553
212813701
213116460
213448346
213751583
214031006
214325117
214638565
214938052
215208499
215512079
215851509
216188440
216521777
216825324
217127017
217466829
217869900
218169552
218476320
218844799
219112819
219451008
219758609
219956437
220260188
220596950
220896219
221240564
221517190
221753448
221953429
222159607
222393578
222728648
223028768
223300051
223638820
223973026
224309902
224578446
224850828
225115974
225391167
225796549
226138055
226517458
226741098
227009744
227350417
227717134
228021651
228292074
228634011
228937113
229139202
229416560
229795255
230025019
230268898
230607056
230975227
231251373
231520344
231785876
232158284
232433875
232705430
233041205
233377190
233680499
233981424
234290820
234604887
234870947
235169744
235510167
235811016
236192628
236425772
236762931
237064831
237399007
237735984
238038960
238357970
238694557
238987086
239291762
239627897
239964699
240263855
240566535
240834557
241104294
241406411
241717293
241944950
242181181
242502956
242751427
243058677
243325281
243696517
244047349
244286535
244587055
244892008
245229064
245560033
245928555
246232907
246571967
246844471
247144185
247454868
247823891
248088901
248448852
248826262
249197376
249535108
249833106
250112988
250448665
250830030
251166926
251536726
251770232
252041536
252306531
252617330
252850966
253153844
253437674
253734193
253968184
254161454
254497779
254804049
255084423
255344344
255772047
256112965
256269445
256684352
257022745
257320683
257589083
257802671
258094287
258472756
258806486
259144496
259487697
259746581
260057230
260449681
260844669
261198085
261657968
261993379
262328561
262713706
263045953
263351324
263727448
264028633
264304295
264634054
264943085
265224074
265550131
265848184
266182043
266518398
266786311
267019929
267187816
267460982
267830902
268166017
268505100
268806241
269114264
269449700
269784134
270025644
270361809
270657742
270932274
271270789
271630002
271967735
272279051
272671364
272959056
273293733
273635326
273969567
274266522
274565524
274905111
275206491
275541666
275890447
276194375
276513752
276886947
277187279
277552723
277831463
278167529
278578664
278877130
279186636
279521590
279862591
280207743
280575953
280845566
281179173
281466310
281861773
282164142
282539481
282846405
283156871
283418989
283757099
284089345
284389647
284838481
285134459
285434302
285777446
286044609
286353823
286723682
286999390
287338847
287646240
287995273
288233705
288567333
288863869
289166839
289471236
289771323
290075609
290350226
290715831
291026044
291360762
291723269
292035241
292295235
292634104
292950563
293286918
295031296
295381779
295873869
296218608
296488249
296757066
297037304
297580729
298583239
298874238
299146173
299481647
299783600
300020384
300323145
300695801
300968388
301136092
301409596
301721922
302038105
302217651
302519318
302721742
302922379
303191743
303465827
303744842
303990029
304292134
304742299
305001120
305307166
305614418
305888394
306142058
306402152
306706272
306984004
307222652
307563912
307839764
308034133
308309313
308543981
308814065
309014854
309279419
309600664
309936988
310237249
310607846
311014174
311429559
311843074
312184073
312450356
312691392
313059245
313298591
313705358
314004846
314344632
314751092
315085095
315359580
315694775
315971815
316278367
316551264
316851907
317089781
317357592
317693964
317932927
318233827
318569058
318904690
319207243
319472236
319802496
320043731
320339042
320685281
320957220
321244654
321616967
321963904
322246480
322649850
322952281
323255329
323591171
323867289
324205805
324590311
324893204
325229276
325524844
325817703
326155863
326460360
326760507
327094228
327399047
327672004
327940387
328212333
328518598
328833366
329103387
329308851
329678668
329921434
330218659
330520108
330821675
331191919
331511402
331810524
332112946
332416121
332750036
332959859
333222507
333389412
333678892
333989509
334285265
334685886
334991804
335294928
335598489
335851641
336184810
336464378
336814936
337117814
337395318
337695321
338000250
338336218
338705515
339008105
339306228
339640009
339945592
340223752
340501795
340787572
341089571
341363207
341671268
341881270
342216581
342519562
342836953
343100759
343336282
343637944
343975998
344275095
344644304
344946630
345191008
345531765
345808226
346109029
346382922
346685530
346896947
347156985
347492256
347829776
348129164
348466166
348849131
349117901
349417696
349720927
350023797
350367829
350679132
350980272
351250656
351518384
351852542
352155440
352561507
352826341
353161511
353432599
353703560
353979545
354285961
354692959
354930133
355164543
355504968
355704264
356018289
356248249
356599679
356873089
357111498
357384652
357789796
358072719
358433487
358872452
359245116
359580795
359917925
360221798
360525464
360874417
361141470
361513681
361856769
362245653
362676336
362998660
363276245
363674333
364010204
364346315
364834258
365185352
365624519
365935180
366271874
366596516
366933194
367227207
367572813
367875968
368299515
368673836
369107734
369600172
370006011
370448175
370827653
371161323
371395872
371632534
371855739
372126867
372362426
372628429
372898264
373098197
373334836
373608128
373850441
374125930
374433203
374734009
374963635
375268077
375540324
375878516
376175267
376553602
376848355
377151080
377518997
377796703
378060030
378397195
378743113
379119136
379457551
379770032
380071501
380375538
380721638
381025650
381329455
381771910
382039825
382376487
382812790
383047017
383342294
383599637
383801828
383973696
384272331
384609340
384918910
385109901
385445805
385786873
386122880
386525424
386827885
387135300
387437445
387772161
388049148
388312099
388578461
388880879
389227108
389638558
389976072
390235029
390573210
390913887
391249982
391581291
391915422
392123048
392487446
392821739
393130265
393466934
393806286
394098920
394333950
394669498
394936856
395107127
395352584
395679804
396012445
396316467
396618338
396955024
397292808
397709458
397977508
398278992
398618702
398927287
399263283
399637736
399977744
400251773
400623070
401006728
401341544
401709307
403157734
404042060
404334452
404675402
404886350
405141132
405725727
405888310
406730844
407001197
407301998
407669513
407938159
408184359
408467151
408733971
409036342
409303090
409604884
409872730
410179471
410381346
410699059
410900477
411175853
411409963
411823403
412017307
412323743
412634152
412886214
413184547
413481854
413857568
414150835
414447382
414776137
415044684
415289071
415594609
415798825
416031421
416304528
416677030
416943352
417180982
417381014
417682659
417985329
418353971
418662073
418908098
419222600
419490744
419826317
420133453
420470719
420777056
421077090
421409893
421750669
422087194
422428111
422770297
422980272
423207284
423546876
423817402
423987305
424286844
424585660
424923731
425225548
425567085
425905993
426206126
426568359
426872726
427207602
427555902
427960779
428295576
428627329
428897198
429199139
429536960
429855371
430133772
430324370
430632462
430904709
431155708
431553087
431853020
432171400
432471872
432850053
433121179
433491471
433809409
434154805
434462792
434728549
435036189
435373837
435673186
436079155
436532393
436904167
437207119
437577384
437881495
438188221
438461702
438804707
439107758
439409808
439748395
440052424
440387038
440721488
441063339
441299277
441540663
441878671
442213312
442548913
442817359
443116628
443388414
443790993
444060266
444297629
444672060
444941239
445242478
445611975
445884435
446148677
446524358
446887615
447155682
447359649
447661668
447928216
448163950
448443415
448782613
449118125
449322567
449666734
450000161
450337467
450674756
450977896
451282555
451552537
451817562
452130405
452365256
452729940
453032404
453340133
453641111
453914731
454221510
454560337
454910707
455211321
455522705
455854702
456193109
456528759
456925457
457208644
457548902
457879081
458147786
458451429
458753918
459053047
459323697
459694030
459904537
460165036
460503358
460800373
461115799
461321454
461710601
462046998
462288921
462623258
462930046
463198271
463536604
463840230
464174402
464545764
464853668
465156003
465491078
465828771
466096849
466435759
466773139
467115186
467410331
467711663
468019948
468317435
468661812
469056256
469515225
469862578
470101175
470414101
470687687
470956312
471227519
471426897
471767703
472106897
472378343
472747059
473048821
473350518
473654332
473931684
474269746
474601785
474939849
475232942
475612346
475906403
476206893
476544602
476855551
477190786
477586905
477862341
478204956
478497566
478799457
479135281
479514382
479843840
480148167
480526628
480793333
481061758
481398414
481734743
481969296
482275222
482580663
482861904
483162212
483533787
483902459
484238576
484540251
484845284
485117865
485489492
485859676
486169021
486537112
486909618
487209559
487512410
487784800
488101586
488387472
488769914
489108800
489408092
489744563
490025284
490361219
490753778
491089844
491370020
491627636
491896357
492163622
492401359
492638590
492872326
493153966
493350698
493686552
493952940
494166043
494457357
494730884
494927769
495175945
495534440
495847066
496141076
496490759
496792644
497061555
497331040
497665328
497999704
498235685
498548548
498807402
499116261
499356040
499799188
500093480
500361208
500664209
500865991
501144157
501506476
501776067
502043573
502347152
502658509
502831333
503170798
503518543
503813866
504149408
504491849
504865482
505187259
505510651
505815798
506112748
506447292
506786482
507156424
507457354
507802705
508070667
508351105
508686186
508887561
509158662
509424647
509665991
511301076
511678181
511950642
512371578
512565689
512875735
513113325
513394369
513626553
514071946
514335238
515076624
515437451
515679546
515925969
516234045
516607611
516875092
517144857
517422818
517687226
517866185
518156732
518454212
518819783
519102560
519365481
519710719
519981663
520256519
520564333
520829344
520963100
521212287
521476516
521756746
521968765
522212166
522590290
522849855
523196557
523428089
523707184
524012746
524252534
524492973
524796901
525033941
525357593
525583138
525834273
526103594
526381765
526811487
527118057
527533383
527868047
528135425
528474804
528849080
529150767
529533808
529838888
530148288
530503032
530945576
531215239
531725756
532027572
532397388
532665762
533075620
533479216
533858837
534159599
534496925
534900423
535208577
535547197
535811482
536111626
536354270
536748951
537051091
537354284
537723897
538058092
538262131
538588134
538885957
539225031
539497986
539876520
540218589
540629977
540963708
541259780
541596735
541867224
542207810
542482324
542794896
543096857
543400691
543735717
544037517
544274827
544607474
544912965
545252062
545624797
545980757
546318796
546688595
547026343
547329461
547665031
547898350
548133723
548342096
548677826
548977341
549314930
549648507
549988653
550258916
550560882
550902196
551203936
551540618
551842920
552179221
552456113
552817416
553134258
553500760
553872674
554212857
554487247
554755457
555085394
555402678
555739278
555972874
556284791
556588189
556923528
557226623
557464320
557836174
558204849
558437781
558809789
559075316
559343711
