0
16581
33697
55556
70392
84944
103847
118311
137625
152591
169061
186114
203349
220357
237441
254937
273567
288323
307632
322680
338805
355816
372827
389619
406921
424543
442982
457819
474775
491601
508698
525627
543013
559699
577462
594270
612877
627789
644776
661374
678664
695809
712564
729280
745969
763236
781825
796587
813880
831101
848080
865044
881913
899228
916135
932938
951966
966493
983574
1000620
1492323
1576622
1695896
1823546
1925925
2027228
2130056
2248255
2366755
2552475
2721061
2873875
2976119
3077575
3195800
3364567
3534316
3720180
3821589
3958360
4126983
4210917
4295684
4398486
4483455
4653530
4770875
4871960
4957067
5058966
5213290
5367805
5517921
5653732
5788394
5944685
6127987
6280345
6415525
6499930
6692051
6794196
6900867
7015963
7168483
7253419
7390319
7527976
7630036
7731294
7902254
8053277
8154375
8258644
8409370
8579093
8746926
8916254
9104437
9539484
9622622
9705533
9806495
9927623
10074248
10144491
10295225
10432733
10565600
10717896
10807180
10924163
11026579
11164854
11279938
11381621
11506214
11654798
11875234
12077782
12185552
12320614
12506954
12629147
12848447
13072477
13224549
13394470
13569466
13771846
13974696
14142867
14331155
14516627
14652498
14754406
14855878
14940288
15078136
15182321
15263895
15349228
15501127
15588015
15772073
15926478
16076884
16246315
16380871
16465787
16549870
16651701
16772288
16873786
16975755
17144908
17249892
17355556
17461615
17594178
17678893
17780975
17882683
17984397
18140906
18239472
18425383
18594920
18679321
18817136
18918494
19003518
19104218
19205923
19307603
19391991
19476699
19612512
19714040
19781526
19866341
19939086
20043659
20128478
20297749
20382283
20469901
20554988
20673927
20825084
20926630
21014438
21118022
21185507
21291749
21429111
21548092
21645970
21732513
21815756
21984807
22070444
22137324
22289226
22461971
22546446
22647113
22734575
22801472
22885405
23011209
23181129
23316218
23468587
23569651
23721660
23806104
23944553
24080161
24278445
24447118
24663874
24867735
25002773
25128166
25351917
25504208
25690297
25892030
26044601
26198060
26298505
26418819
26611777
26712907
26899939
27051798
27187870
27323944
27459743
27646666
27901387
27986223
28138270
28307319
28495441
28596116
28731384
28868469
29019920
29187548
29305699
29440962
29576560
29713887
29829892
29949709
30117986
30270460
30439731
30561059
30643271
30761428
30914602
31032857
31086399
31237012
31387708
31472089
31608112
31776810
31879047
32048430
32184483
32255424
32336221
32472554
32624666
32792769
32860509
32932821
33080429
33215722
33353769
33486444
33639735
33758373
33928002
34047514
34214448
34332803
34485240
34671446
34857044
35009608
35180289
35349399
35486819
35586719
35772497
35925354
36078781
36265183
36450787
36603916
36772379
36958077
37059239
37194895
37279256
37363952
37465886
37567646
37689063
37842983
37941670
38043476
38127681
38196795
38313535
38421210
38528311
38610073
38697258
38812901
38985676
39070508
39155316
39229792
39332041
39415707
39570120
39653669
39739897
39825259
39947121
40083457
40238212
40410108
40556893
40676217
40767373
40850727
40969156
41070966
41275696
41375545
41477475
41680423
41768303
41899705
42018029
42120489
42237989
42322898
42542138
42628427
42744979
42951329
43065974
43151207
43235440
43437767
43555910
43641697
43728597
43830198
43921411
44006122
44125903
44277742
44362432
44531419
44632412
44804159
44990469
45142364
45277198
45446433
45648310
45833808
46019413
46209144
46408202
46610454
46833600
46986002
47215789
47384031
47575464
47790001
47891471
48094932
48297177
48418614
48550534
48719294
48820769
48925398
49057037
49141820
49243153
49378129
49462723
49546968
49733561
49818418
49919668
50088523
50279079
50410126
50545392
50646824
50815371
51001715
51133096
51264299
51366199
51450776
51585270
51669971
51789897
51909054
52010555
52094930
52179731
52263771
52371195
52472726
52557352
52641949
52846543
52962544
53170523
53300460
53511564
53695206
53852151
53947910
54033452
54134050
54336919
54455320
54556934
54678148
54830163
54965637
55052093
55185404
55374525
55543545
55657629
55742554
55826647
56052127
56219051
56418485
56519760
56672058
56774144
56858633
57027765
57163277
57285745
57388254
57523219
57607605
57726034
57843973
57933027
58151907
58236134
58371076
58474805
58677918
58846035
58948931
59065920
59150329
59235077
59336261
59443452
59538831
59641475
59763813
59969381
60067807
60169174
60292920
60407439
60508742
60593017
60685029
60786404
60939254
61160012
61277302
61395786
61514070
61750987
61920100
62084215
62186352
62269762
62371304
62523988
62692614
62810150
62928473
63080523
63185991
63283100
63418391
63523065
63655154
63773406
63908592
64010235
64128006
64217424
64370631
64518960
64688412
65293393
65479889
65667692
65854466
66722920
66832554
67019604
67225549
67390545
67597950
67786400
67953435
68139684
68275850
68444975
68616148
68783990
68953739
69038567
69205031
69374358
69543453
69682685
69868396
70012546
70196093
70376404
70530237
70674126
70852014
71041053
71209186
71394795
71583442
71750202
71920244
72038451
72176337
72349556
72517892
72655346
72770783
72922000
73100057
73224233
73411087
73513668
73680035
73849157
74006973
74093157
74178072
74379781
74554077
74754342
74910552
75124724
75340686
75511665
75645103
75857567
76012181
76198763
76386403
76509875
76713797
76883104
76988610
77121661
77258033
77392843
77579415
77731219
77884474
78008790
78240841
78459957
78578732
78685271
78872166
79026436
79178433
79330364
79499572
79674013
79793023
79961903
80181504
80316563
80435111
80558516
80773654
80976120
81145252
81350371
81486077
81705671
81891592
82111483
82297830
82483091
82652071
82854448
83024151
83181786
83350846
83553108
83756163
83891065
84114424
84330805
84533354
84718997
84921671
85023793
85158756
85315244
85490631
85607897
85727872
85913713
86083147
86184638
86370681
86576634
86781117
86882539
86983960
87190692
87307848
87460041
87544845
87645648
87806672
87908710
87995577
88181565
88299401
88401028
88519445
88640120
88727140
88827095
88911549
89029458
89221902
89362429
89548394
89700286
89818395
89921529
90021524
90125236
90209475
90293852
90395382
90589914
90703569
90805039
90929395
91043315
91145509
91269058
91450157
91550271
91635400
91789469
91943138
92091437
92243268
92361654
92463888
92564794
92683338
92769299
92937857
93056034
93157884
93260275
93395232
93496782
93666562
93767910
93919867
94128754
94318285
94449630
94635712
94826615
94980272
95081872
95284159
95386013
95487307
95678668
95810398
95928866
96148227
96301670
96428604
96537038
96753356
96906271
97109822
97330434
97469016
97675553
97889027
98099613
98336249
98555021
98795293
98994925
99214688
99434618
99643761
99828191
100050103
100252528
100459993
100629001
100835816
100967545
101137146
101289206
101459170
101611304
101832052
101983462
102193445
102364549
102516974
102651652
102776492
102994196
103221008
103369696
103472621
103595907
103810784
103979818
104150414
104253128
104445846
104597345
104749271
104935748
105136170
105305364
105436197
105645199
105829061
106059909
106166099
106373567
106514374
106685932
106914308
107122907
107292273
107479759
107699383
107936524
108091750
108176192
108278290
108362460
108498069
108599772
108701324
108802470
108889900
109042101
109160516
109279775
109417861
109516254
109621928
109724235
109880734
110138066
110295483
110502135
110670684
110892531
111076322
111231874
111401672
111558662
111762818
111864030
111984361
112084469
112253081
112456223
112592602
112763364
112933330
113085090
113239101
113359395
113542638
113661704
113849972
114035635
114287541
114416972
114591876
114761096
114912441
115032748
115218049
115393542
115558427
115726427
115894648
116046680
116165437
116318076
116508453
116645887
116807858
116961134
117147094
117232854
117368469
117436284
117520244
117693345
117878105
118052009
118224122
118291633
118444831
118615454
118751398
118887562
119051750
119203194
119322368
119492512
119683451
119866141
120005651
120225161
120327816
120461960
120581463
120749489
120920175
121073851
121227112
121429891
121585338
121724205
121923596
122064314
122194086
122328722
122481266
122700747
122910117
123077083
123259844
123444456
123630819
123756608
123940606
124123779
124326502
124546255
124647421
124772574
124902673
125088869
125223444
125409579
125618422
125848876
126068040
126294441
126525738
126711713
126914993
127100650
127307501
127525734
127763169
127988217
128203527
128406415
128610711
128815530
129035332
129221637
129417737
129605361
129823626
130010583
130230696
130417557
130639133
130844847
130996745
131148811
131368860
131538073
131724893
131888192
132107614
132329574
132532301
132736197
132871016
133056822
133192512
133397491
133620566
133854263
134007845
134177382
134380722
134549311
134776186
134981396
135165256
135351002
135587885
135790977
135977346
136198353
136435006
136625450
136835239
137054144
137241524
137426716
137646951
137851370
138040151
138223819
138449008
138601457
138787863
139008354
139244620
139464549
139667721
139910685
140138662
140306868
140526382
140751190
140970818
141192906
141412871
141583140
141733744
141937534
142107028
142318536
142488092
142757968
142912016
143132178
143338269
143555237
143793583
143996416
144150268
144357461
144562159
144788299
144990139
145142752
145329607
145557516
145756657
145965164
146135110
146343045
146553768
146772262
146992453
147229437
147398336
147550813
147737817
147890495
148059270
148195010
148415849
148636670
148856479
149024936
149177322
149381385
149600795
149770847
150000485
150168735
150406374
150577484
150797269
151019955
151239776
151445829
151652975
151859311
152060833
152269807
152456611
152675645
152885717
153102045
153288779
153510426
153697246
153916671
154136839
154374844
154581501
154786297
154972373
155180252
155333408
155559352
155762538
155970488
156187237
156425874
156648377
156893002
157147697
157373911
157612900
157883748
158087594
158289929
158516188
158734779
158942009
159112802
159298848
159485043
159706810
159906409
160140700
160380114
160616972
160838870
161066072
161272331
161506113
161728277
161968476
162227916
162482271
162618516
162871649
163130693
163350770
163592764
163832144
164015660
164270822
164525089
164761618
165005043
165241210
165428124
165665934
165891717
166124548
166361808
166585977
166839520
167076479
167302758
167540738
167762130
167965802
168202501
168432251
168689234
168911832
169114975
169358190
169583472
169821047
170063744
170298353
170546358
170752685
170970003
171228181
171447958
171630700
171835726
172072698
172260388
172451165
172643042
172841753
173079851
173303725
173530932
173734855
173957515
174251291
174472765
174696857
174949514
175237816
175491897
175718353
175934856
176156323
176382892
176615398
176831677
177087998
177312506
177529255
177734916
177959043
178195842
178449878
178687475
178944322
179199128
179443199
179630859
179909876
180113761
180333983
180570897
180809797
181070135
181287573
181543293
181779916
182034892
182203072
182443894
182644981
182865716
183056750
183316315
183553593
183727785
183949624
184186882
184391105
184649584
184872498
185024266
185193950
185381059
185555399
185758892
185978968
186218010
186458640
186682374
186847138
187051646
187271056
187441268
187579175
187756833
187975155
188127969
188347671
188534627
188757629
188994338
189146533
189384042
189609052
189744913
189879980
190100269
190305384
190472607
190639197
190860015
191015202
191184678
191335039
191556633
191776009
191963938
192207891
192440912
192644192
192865592
193101076
193271157
193490889
193711255
193930655
194117171
194321341
194541429
194796008
195016190
195239162
195459463
195679520
195917443
196175806
196413513
196637877
196857963
197010494
197247539
197451682
197648203
197884648
198128778
198349945
198586128
198807606
199033599
199222277
199424070
199595073
199798061
200038872
200223403
200459570
200612289
200820439
201020628
201246616
201481436
201650652
201806191
202029675
202232877
202471163
202698836
202853715
203084551
203290464
203494113
203663481
203884023
204122874
204292336
204427653
204632259
204851418
205055794
205277249
205518129
205699402
205905666
206127090
206368703
206581060
206835518
207060911
207310127
207530744
207768676
207954495
208157479
208363671
208569098
208811028
209014317
209252526
209441416
209658330
209885526
210108628
210343754
210564349
210788701
210974574
211145194
211315176
211449621
211677419
211895387
212117895
212323326
212778898
212914655
213083068
213218765
213338413
213551113
213723512
213839342
214024899
214160912
214314407
214517605
214705882
214948707
215152284
215337918
215456531
215646552
215849272
216054444
216208621
216411346
216597395
216766839
216969745
217173792
217342177
217465441
217647747
217817790
218020796
218207033
218409678
218630851
218853861
219057112
219261275
219396645
219518258
219737722
219956864
220075068
220295234
220465273
220634867
220752829
220888237
221007185
221108713
221210855
221413643
221617298
221770161
221958251
222178620
222386697
222618834
222722685
222872186
222990837
223210916
223346780
223481477
223685069
223853587
224024447
224228932
224448783
224651661
224759635
224892492
225010776
225098332
225299313
225485609
225637431
225823829
225927014
226028012
226238080
226406838
226559594
226779828
227000205
227153056
227324104
227510636
227647983
227781229
227900873
228086359
228290395
228459776
228664762
228866291
229086613
229255616
229442358
229628665
229743816
229955286
230107596
230227182
230431999
230600132
230752607
230972712
231094352
231209992
231429481
231638723
231842814
232029307
232207935
232447755
232703383
232873159
233050453
233278529
233501730
233651716
233871898
234042928
234300769
234494916
234648215
234900442
235038888
235222774
235407899
235548082
235679168
235830489
236054605
236205617
236356199
236491130
236631692
236800186
236952559
237112811
237263756
237420007
237556037
237763643
237964915
238134965
238406459
238648433
238853802
239100273
239255504
239459230
239628931
239798618
239999772
240219748
240361614
240583937
240806414
241026382
241263117
241501335
241673821
241827150
241980868
242132368
242406653
242558772
242745814
242968626
243194515
243346239
243532923
243776737
243979530
244255648
244484153
244672883
244843358
245012913
245273543
245598171
245783975
245995767
246249416
246490224
246712161
246897555
247058062
247259808
247483255
247660773
247846565
248101976
248270295
248457360
248679665
248915020
249134739
249394762
249595025
249732433
249966818
250187318
250323756
250524100
250659321
250898194
251111397
251260814
251489763
251710091
251879607
252070895
252207721
252409079
252637048
252874455
253027505
253247531
253408811
253542917
253712482
253859452
253989191
254179651
254415771
254655757
254878250
255080308
255200491
255402552
255633211
255860246
256029218
256170106
256383269
256586633
256823280
256958191
257146302
257369818
257521577
257709392
257859639
257994992
258190803
258412327
258637117
258827672
259048773
259184703
259421168
259562407
259732623
259901735
260071735
260303259
260509863
260697295
260949733
261176300
261345896
261586315
261743092
261975548
262212846
262423829
262640627
262764673
262896473
263033328
263253476
263405121
263598015
263816569
264025409
264219202
264376711
264548603
264787585
265008119
265161969
265397995
265636038
265838770
266073678
266209907
266413264
266634780
266841282
267065705
267276192
267428989
267667469
267837839
268041971
268229907
268464011
268616353
268839263
268975136
269146726
269347943
269552270
269704659
269927370
270145889
270315402
270536989
270707483
270910240
271097417
271343209
271511798
271688818
271837701
272002167
272233821
272385260
272605246
272827087
273065962
273287740
273492798
273696886
273847902
274084933
274271822
274514559
274683351
274924321
275110917
275317420
275520942
275673441
275840582
276079212
276247852
276383846
276571503
276740510
276950336
277155965
277314523
277418914
277588486
277706498
277944382
278163769
278320162
278536456
278704924
278908397
279095163
279230438
279432356
279567951
279737452
279842471
279942276
280044854
280249257
280419455
280554767
280673436
280791944
281013130
281203838
281336758
281455653
281625048
281794204
281980697
282115972
282287178
282457744
282642873
282828883
283050111
283218433
283387911
283557174
283759884
283962552
284184905
284320182
284439991
284610403
284810654
284913714
285102869
285271828
285471967
285575242
285675870
285844541
285965256
286183404
286386195
286589539
286775119
286965135
287180146
287264938
287434671
287536492
287706355
287892332
288095545
288299242
288489997
288603821
288807375
288959203
289096859
289316936
289452704
289622740
289793484
289947873
290100561
290306433
290444982
290544018
290747185
290933982
291138155
291256489
291378313
291493530
291612455
291748278
291952086
292108312
292311271
292497235
292658324
292827890
292982235
293165983
293352361
293506671
293673900
293762518
293963023
294047680
294139776
294336972
294505340
294676121
294860709
295029039
295215801
295389656
295557465
295728219
295884744
296053950
296123788
296292342
296460936
296648739
296799600
296867391
297035875
297157907
297257369
297426497
297595342
297665926
297835498
298022196
298157742
298325791
298545340
298715144
298918047
299053027
299255673
299443106
299529779
299679338
299873571
300042528
300191725
300327006
300428659
300631401
300800894
300990787
301193465
301345758
301549309
301736186
301939874
302094340
302227490
302396288
302582291
302772561
302989943
303141472
303327368
303429759
303568048
303753910
303906298
304131606
304263477
304379931
304498120
304684245
304854118
305056467
305259560
305462786
305563839
305783224
305935944
306103953
306307088
306476243
306690502
306874755
307012932
307211982
307398871
307601737
307690871
307878363
308012965
308147969
308266164
308419672
308541329
308659086
308777689
308896621
309014459
309152651
309288098
309457098
309625885
309829796
310002025
310120167
310221688
310391274
310580880
310831027
311069928
311307827
311526854
311661631
311817748
312054013
312224185
312383054
312501631
312656465
312824823
312972919
313142382
313288271
313423732
313677335
313881409
314101813
314346188
314564574
314716546
314895201
315019781
315234364
315356441
315470069
315638649
315773579
315926310
316111984
316230583
316371191
316588281
316761397
316898256
317014485
317167671
317319278
317560820
317746974
317982312
318155553
318356615
318492498
318629429
318864466
319068436
319220137
319427144
319560988
319713218
319881625
320033599
320194562
320433632
320670207
320873161
321042444
321251961
321458961
321596243
321750034
321885377
322121567
322358042
322560547
322780495
322915642
323067781
323270946
323511171
323681226
323851395
324082167
324216636
324403198
324639702
324849558
325001343
325187328
325406078
325545284
325779434
325999063
326134526
326305361
326456985
326642854
326811213
327013633
327149431
327387808
327636893
327858078
328010331
328195902
328364877
328550529
328702357
329752684
330045310
330196394
331256086
331431191
331627960
331818739
331937250
332124025
332324205
332510151
332617642
332800322
332968517
333139007
333326105
333407765
333530645
333634306
333767770
333870564
334019606
334142172
334256419
334409424
334544087
334708927
334891052
335058284
335257347
335380985
335497508
335604059
335701343
335819746
335957186
336094572
336214575
336397809
336566742
336770538
336891103
337081408
337262350
337502076
337678077
337837481
338100123
338303665
338523065
338642138
338806150
338966559
339059503
339158398
339378423
339520921
339735530
339956520
340147211
340385326
340638338
340895930
341152710
341401342
341635068
341838803
342042198
342248680
342398974
342568342
342702704
342906040
343041531
343267398
343380737
343534989
343691160
343896416
344082497
344307703
344509749
344712150
344902468
345122236
345291598
345481044
345680381
345781659
345899821
346119638
346271707
346407394
346575988
346795729
347003709
347218156
347405437
347574951
347782207
347967954
348137331
348361977
348583272
348754682
348876630
349059515
349214239
349345610
349552280
349735148
349852714
350005115
350157385
350258821
350461537
350671740
350773372
350914817
351026498
351230099
351419689
351627410
351797712
352022437
352174505
352377338
352568722
352771659
352962674
353110059
353228386
353314594
353471553
353685339
353871680
354057800
354277245
354396351
354582950
354701597
354871026
355056205
355258913
355478924
355648236
355852552
356053682
356245170
356431046
356634003
356819651
356938099
357140738
357311673
357514699
357719154
357923764
358092835
358312468
358504652
358707772
358879744
359083404
359301578
359453883
359673941
359876441
360062404
360254070
360450923
360636641
360839554
360958911
361097880
361267568
361484048
361653676
361821962
362008115
362177701
362380470
362565739
362684497
362806518
362922052
363023579
363208963
363361732
363564133
363768783
363955661
364158879
364344490
364530551
364652384
364869165
365055405
365258301
365478537
365631233
365852071
366054214
366260594
366480001
366667213
366871863
367055260
367241037
367427996
367562603
367782451
368002623
368209473
368357420
368547131
368661793
368865769
369055317
369169281
369273848
369425097
369543097
369661190
369830401
370051234
370270523
370456096
370578308
370727915
370896776
371116579
371302505
371522737
371674933
371810678
372014009
372117098
372318838
372487998
372640801
372826321
372978840
373132309
373286889
373487190
373707085
373876864
374045986
374268256
374386042
374589365
374812767
374962856
375151629
375351890
375507013
375624484
375759115
375978218
376112356
376231486
376400572
376586127
376775187
376915339
377094482
377248017
377433103
377586111
377688480
377857162
377992384
378115253
378318584
378504475
378623707
378813311
378897387
378982937
379068063
379151620
379339309
379476641
379667921
379800780
379953634
380126003
380294567
380378602
380466440
380619050
380755578
380836107
