0
20026
33144
58354
66300
99493
101441
118052
141500
152015
182728
189163
202340
223260
238274
265083
272210
289251
306884
323251
348057
361341
387760
391468
408004
429447
442339
470998
476755
495230
512639
529973
552145
561527
594816
597942
612644
634042
647060
676156
681668
699726
716915
731520
758006
765266
800109
802571
816776
842808
854846
888776
892215
905039
923010
937269
965395
972025
989414
1007021
1293204
1547916
1799189
2019745
2207210
2372981
2495678
2675215
2865747
3106498
3307540
3534858
3728132
3974676
4179893
4449613
4635510
4848953
5054174
5264921
5446192
5652006
5817277
5983185
6188570
6399018
6592242
6791594
6938038
7087597
7279138
7460532
7692970
7861268
8041566
8217175
8453030
8623158
8913075
9144190
9331018
9597405
9833213
10081133
10248820
10470603
10673690
10884471
11039505
11257085
11377795
11521438
11690463
11881169
12065954
12270813
12410653
12585217
12732075
12943937
13180562
13360780
13510032
13634902
13800071
14005861
14168831
14314716
14520000
14667320
14848221
15017360
15165388
15344163
15499004
15708511
15847919
16037470
16201458
16372335
16522904
16623315
16751018
16940493
17083389
17205818
17411260
17615936
17783797
17931758
18087641
18292445
18447029
18611314
18790117
18940986
19064214
19252771
19437905
19546303
19744298
19913241
20028659
20172917
20319354
20524309
20671358
20823569
20959130
21142811
21371526
21578014
21762319
21928482
22106506
22261191
22424663
22554581
22758021
22963550
23139229
23275260
23428598
23556997
23752276
23918185
24084309
24252925
24500211
24666574
24810846
24936344
25127922
25251712
25385190
25503606
25638681
25800764
25931280
26067455
26313374
26437858
26560555
26766738
26930887
27058268
27287569
27394908
27601139
27851676
28052365
28218763
28437875
28554081
28761232
28886243
29072420
29257812
29465179
29675659
29884033
30049488
30172138
30352915
30548259
30695997
30884647
31008795
31136053
31305137
31470885
31640061
31780627
31918278
32060652
32184070
32316662
32525034
32695424
32897386
33031955
33167769
33375223
33519987
33660812
33852188
33983591
34187516
34352405
34501344
34671902
34814825
35032275
35169403
35349904
35514413
35698260
35887666
36056223
36173023
36381916
36518566
36728018
36878053
37082495
37264505
37424724
37587829
37727265
37852961
38020942
38207783
38416914
38580105
38755259
38919180
39024498
39215267
39376887
39562234
39710589
39919714
40042463
40206099
40417482
40541529
40707318
40871961
41037301
41260264
41467990
41626316
41788073
41953013
42081452
42218906
42375294
42510640
42618637
42767275
42992613
43153974
43326071
43515222
43678447
43825696
43932516
44114245
44276760
44502145
44645692
44782848
44976393
45145266
45318016
45499977
45707155
45873068
46092684
46302370
46460898
46671409
46807221
46974559
47136173
47280914
47435062
47590139
47794410
47981421
48164465
48276607
48467595
48589425
48797253
48919678
49051482
49193019
49375633
49500919
49667993
49842880
49961755
50164585
50305868
50426927
50586094
50720053
50901185
51096665
51319075
51523448
51736093
51901092
52046287
52200772
52359094
52537833
52702612
52825567
52949767
53129789
53298036
53497333
53662136
53876480
54009559
54174803
54356867
54550198
54753385
54960272
55123581
55246828
55412117
55575985
55823726
55989670
56166853
56318004
56489241
56696679
56823736
56947491
57113823
57202606
57359121
57461105
57608761
57777720
57907176
58036656
58199009
58372908
58504630
58672992
58811371
58960583
59019280
59201538
59340683
59508753
59677444
59807003
59859677
60015387
60150806
60251681
60404706
60566257
60691233
60824816
60949662
61134203
61293397
61415324
61557349
61708581
61911870
62040271
62254261
62461968
62610848
62757963
62972315
63096118
63259772
63407832
63592353
63772616
63888600
64097110
64240473
64396979
64620478
64841954
64972829
65174123
65355068
65505850
65650706
65876283
66085344
66180335
66339488
66460641
66584159
66763503
66953972
67160091
67381967
67585839
67791540
67944419
68116203
68296012
68503000
68669141
68791188
68958435
69140676
69277262
69458941
69603136
69753543
69968977
70136064
70303889
70541844
70672636
70881166
71108634
71313127
71466198
71703713
71905697
72069538
72280750
72485201
72662919
72813660
73020145
73193341
73400543
73562597
73749250
73949549
74086960
74257847
74443191
74606044
74752282
74910273
75022089
75149854
75268381
75432174
75556940
75765540
75903692
76097628
76260864
76437450
76634273
76810905
76960970
77135141
77298360
77432061
77603612
77777152
77972603
78119169
78305487
78441830
78594259
78769457
78933432
79153224
79337881
79522651
79660744
79813032
79976959
80099251
80307537
80508261
80633409
80837352
81024251
81205749
81410399
81620503
81764193
81911513
82053315
82175715
82376387
82585733
82736237
82940816
83104832
83309328
83453395
83637193
83803149
83951457
84092909
84298295
84443213
84648968
84832652
84971880
85200777
85345924
85528215
85737249
85944075
86118495
86281745
86455931
86682441
86866621
87111161
87296295
87492848
87628385
87797885
87951041
88106441
88274246
88416851
88644549
88768902
88935615
89115829
89239643
89372500
89508012
89693358
89856778
90077958
90213748
90394297
90603284
90808257
90937075
91137777
91309191
91452974
91604817
91775611
91930742
92070579
92218505
92381479
92585832
92682011
92836269
93042928
93175575
93359674
93480424
93679480
150820051
150960542
151046966
151175018
151280473
151351336
151476107
151681744
151794567
151983784
152157495
152298198
152413303
152503296
152661958
152794450
152947807
153073927
153253536
153358751
153501375
153622521
153750231
153876073
153958603
154042139
154217430
154411091
154558922
154714421
154892144
155038985
155206602
155370443
155546641
155690050
155815263
155968213
156118137
156252502
156397215
156584315
156714857
156832829
156968294
157080023
157207623
157316296
157454030
157555328
157715862
157840194
158005449
158088586
158221503
158351826
158476184
158602058
158701353
158821533
158914216
159037391
159205651
159353640
159494745
159681689
159766040
159888395
160060130
160199485
160404945
160632576
160767637
160986209
161109128
161307979
161494413
161661564
161828311
162022410
162168023
162336694
162520834
162666863
162809815
162990960
163132309
163238175
163361935
163486101
163608815
163785048
163940415
164125473
164324196
164463047
164611016
164739154
164939508
165041729
165185480
165393470
165487069
165641298
165805857
165949713
166068585
166237729
166421273
166544613
166667707
166791982
166972105
167141488
167262500
167381816
167535644
167739959
167903609
168069566
168237290
168442121
168616252
168729492
168933970
169080622
169234492
169353717
169473687
169608837
169758673
169881677
169963243
170068637
170169110
170271714
170390334
170509543
170659256
170741478
170864335
171028463
171152099
171235902
171357725
171497111
171583194
171687546
171769782
171896575
172056721
172220398
172367093
172507446
172598826
172718427
172882319
172968557
173109747
173256310
173399172
173542412
173627233
173707271
173792719
173891680
173978072
174081949
174217889
174292017
174447247
174573845
174658342
174777068
174904954
175068282
175153206
175244366
175329734
175490227
175630712
175736045
175818779
175955890
176040817
176126051
176269994
176356022
176434543
176515778
176652021
176738113
176858530
176940732
177030568
177182566
177317725
177436448
177521044
177705973
177844344
177966573
178137130
178306595
178408963
178486867
178572793
178691308
178854516
179035349
179180971
179264546
179411274
179508402
179712476
179876294
179959999
180127095
180273101
180379459
180462557
180557660
180642337
180761376
180911081
181000265
181084440
181199075
181322331
181461131
181612783
181695543
181787945
181904552
181990342
182130996
182277794
182360409
182484586
182647429
182786733
182938653
183025650
183225363
183400115
183472207
183570686
183691422
183861415
183977304
184149930
184235512
184379693
184540925
184706020
184869953
184992526
185076255
185156559
185280376
185362887
185486162
185571630
185668481
185740696
185939050
186042595
186162601
186250165
186366459
186512310
186635200
186740361
186859174
186945079
187094274
187260194
187423711
187632999
187796212
187889313
187961993
188093169
188242470
188325295
188415799
188570440
188736340
188821694
188900741
188988534
189116567
189287027
189440705
189524591
189617578
189703930
189788399
189873393
189942185
190058516
190139918
190307279
190389348
190480946
190603006
190706690
190821397
190932948
191059143
191177754
191282479
191423631
191507326
191642209
191815884
191904945
192049657
192144079
192213867
192305097
192509342
192696447
192881320
192964140
193095004
193185086
193387786
193472655
193599691
193721677
193871222
193977825
194060033
194149630
194273890
194373044
194457785
194641455
194723431
194805359
194887335
195021123
195103372
195215431
195296931
195393275
195478231
195563560
195669560
195809379
195881857
196000868
196085365
196208603
196375345
196510609
196661155
196799670
196947151
197071753
197152545
197291453
197442098
197561945
197726243
197849340
198011577
198097489
198258740
198429072
198551533
198632975
198759383
198926407
199049644
199173614
199310554
199460682
199581822
199704700
199870501
200035678
200101736
200205606
200370309
200496527
200598877
200719392
200866318
200989815
201155793
201249557
201298895
201361837
201484715
201692301
201854842
202009831
202071822
202210985
202330050
202475083
202651305
202804431
203007995
203173253
203321729
203465578
203613650
203764442
203922200
204127087
204290889
204496247
204661464
204866916
205117446
205279344
205490040
205669965
205876231
206036072
206241538
206347911
206531051
206741063
206905864
207073145
207245231
207468243
207691470
207897558
208066916
208230547
208347560
208512801
208726722
208898234
209106092
209270573
209470754
209634144
209818128
209945808
210116193
210316929
210543426
210725458
210912195
211089067
211294423
211496654
211718519
211924554
212097694
212226680
212389299
212633222
212808897
213046452
213293941
213477749
213708966
213833254
214041788
214220408
214454385
214707537
214947686
215151606
215333926
215541324
215787327
216102971
216343466
216529044
216762037
216920202
217056677
217274449
217510337
217674371
217878221
218085519
218380519
218766813
219060027
219199937
219385809
219663240
219925169
220141762
220327191
220516272
220768596
220984230
221233860
221454732
221610345
221780133
221986234
222156764
222380638
222565183
222791693
222998110
223217917
223413195
223577053
223783713
223970564
224152123
224296859
224489082
224655372
224884020
225082292
225288141
225497709
225742460
225948992
226194416
226407608
226652782
226907807
227110928
227314083
227526512
227798913
228038802
228269639
228512424
228717749
228895095
229100900
229271510
229433214
229597821
229825505
230018715
230233494
230396794
230560886
230767114
230949610
231153196
231365782
231611598
231830127
232007512
232202518
232380104
232592561
232741194
232914408
233029120
233202457
233386603
233578038
233748918
233950736
234157888
234342567
234496027
234662784
234913905
235079338
235244171
235449980
235656692
235904055
236111117
236299834
236493254
236741684
236925189
237110505
237317033
237466054
237678736
237828788
237994862
238201132
238379238
238611186
238760115
238969124
239155722
239318875
239500495
239626669
239783876
240008167
240216177
240417103
240553631
240793338
240927589
241076449
241285537
241500634
241665069
241875602
242001635
242200996
242405026
242609264
242717803
242855783
243020194
243156406
243306155
243444761
243593027
243718385
243868294
244032990
244239800
244414501
244585151
244735053
244940574
245106872
245322718
245479108
245614800
245858218
246002573
246170998
246358435
246525374
246703646
246853854
247020636
247268906
247498825
247643894
247822495
248016869
248202992
248414658
248640717
248862547
249113271
249346984
249554798
249723142
249927149
250098761
250262843
250453415
250658803
250799295
250963701
251169473
251383828
251518271
251669909
251879656
252085525
252259609
252482857
252690381
252916411
253121429
253289304
253424225
253617779
253820692
254004181
254199073
254370957
254538484
254744635
254964306
255158182
255364717
255530747
255699975
255868212
256086195
256284967
256466567
256672346
256911671
257116846
257345798
257530892
257743421
257973052
258162049
258338251
258499045
258622196
258826817
259040048
259222619
259375683
259538743
259720538
259855442
260025400
260173342
260339052
260504054
260640509
260796666
260915759
261079849
261227937
261417734
261584496
261721268
261913878
262043859
262193033
262369552
262564125
262686584
262892391
263032229
263179484
263343331
263531772
263718688
263885962
264009756
264189295
264386445
264590080
264755296
264946475
265132824
265296803
265441575
265585897
265749341
265884972
266039051
266218827
266359756
266503528
266667521
266832893
266955513
267119607
267209357
267344955
267429736
267573545
267704302
267858999
268021748
268188758
268312942
268439558
268608769
268751725
268894212
269045384
269191487
269382327
269553099
269713886
269905653
270115609
270321938
270443415
270649523
270771714
270944549
271069437
271200006
271382299
271538461
271768485
271908185
272122966
272232240
272358478
272483950
272649488
272853717
273060485
273228415
273393011
273560154
273690445
273888114
274095773
274219097
274382557
274506269
274669872
274793442
274934755
275081078
275204703
275346781
275529890
275714151
275888412
276082864
276228088
276415665
276620617
276785465
276930758
277031913
277195513
277317680
277482370
277605680
277770229
277937083
278100100
278277325
278428479
278552004
278675158
278821713
278975144
279146862
279232525
279422327
279565229
279710460
279853947
280060650
280247994
280416453
280559297
280770875
280956736
281120042
281287364
281451359
281656465
281795176
281966921
282193200
282362563
282526466
282695338
282860965
283019117
283192527
283362106
283528785
283734729
283937216
284071422
284229575
284364983
284528253
284739474
284949014
285112460
285280810
285443873
285574387
285697683
285905352
286047348
286235974
286422869
286581309
286788121
286925521
287136103
287320175
287460510
287608044
287783978
287995482
288134562
288352205
288512945
288669198
288914748
289079494
289245392
289415966
289546694
289683924
289837493
290074840
290279399
290444726
290608870
290792780
290915085
291111412
291295279
291418433
291543629
291713868
291918413
292120691
292347391
292521486
292702626
292951053
293136041
293361958
293608300
293815983
294045883
294235043
294449752
294665177
294858665
295022737
295274298
295493020
295696873
295956343
296195069
296402658
296587172
296832753
297040608
297266969
304972286
305064151
305190067
305253325
305325633
305392323
305457979
305522278
305602301
305679567
305740009
305815003
305882784
305966247
306058179
306118121
306191693
306253310
306314587
306381310
306451576
306522752
306582828
306643425
306706267
306766066
306832587
306900252
306964061
307023167
307083896
307149878
307213992
307284143
307390372
307457850
307543444
307612852
307676186
307734459
307796374
307855920
307923119
307982416
308044110
308104182
308162949
308228149
308298947
308365058
308424379
308486426
308546637
308607260
308672301
308737711
308799750
308860932
308926227
308989966
309071916
309133239
309194295
309253280
309325987
309390100
309455046
309518824
309578240
309642445
309705830
309767106
309827758
309900193
309974387
310038483
310097472
310171714
310234030
310295124
310358293
310423147
310515715
310577382
310642715
310705269
310786163
310849004
310914310
310975581
311038824
311102211
311164868
311225746
311289653
311381535
311442941
311514120
311574340
311640133
311729564
311837309
311903127
311962583
312037894
312110325
312170667
312232850
312295809
312395833
312456102
312523164
312594281
312655387
312719903
312811068
312870548
312963320
313024597
313087015
313150905
313211757
313273670
313338613
313403374
313482636
313547172
313653945
313747027
313804704
313881523
313945149
314006684
314069735
314132618
314194560
314256992
314318945
314384924
314483326
314541604
314600999
314662548
314724543
314786978
314854395
314953417
315049539
315109689
315178602
315240601
315337811
315431524
315504953
315570789
315635787
315731834
315792074
315850702
315950355
316014205
316073000
316167360
316230221
316289852
316347166
316405451
316466383
316529086
316602085
316671140
316741846
316803620
316867505
316961170
317020284
317080364
317141924
317201570
317297919
317363723
317422078
317483403
317542710
317602248
317667354
317727837
317787178
317857482
317917101
317982303
318059934
318119494
318181168
318243806
318308466
318377471
318438029
318513688
318573968
318638236
318697961
318760024
318820064
318883414
318944664
319005563
319067523
319126882
319186598
319246578
319313342
319370369
319432969
319493977
319553415
319618807
319678375
319778595
319842884
319900829
319960531
320020743
320088546
320151916
320210966
320267944
320333696
320434592
320496593
320562577
320620505
320681103
320739082
320800337
320861203
320922873
320996815
321059359
321118636
321177299
321244586
321303785
321364811
321437132
321590424
321696669
321766637
321903318
321981800
322141158
322204802
322270311
322420902
322554154
322623690
322683555
322750356
322824376
322883547
322943814
323003008
323072829
323132260
323192512
323255321
323329895
323404264
323491663
323565055
323628616
323689799
323749082
323812136
323884446
323968911
324038956
324100847
324165531
324234044
324312745
324382178
324442258
324502990
324564587
324647377
324709729
324818495
324904545
324986741
325053085
325113479
325178862
325241406
325316791
325378945
325542032
325670589
325797627
325943864
326066511
326133264
326250914
326315251
326409286
326505865
326565069
326625903
326714447
326773828
326835544
326901171
326961814
327036659
327095527
327153880
327218920
327291469
327356544
327414325
327474353
327537801
327596310
327656999
327744723
327806831
327867044
327927287
327989544
328054409
328115653
328177634
328241137
328310384
328371843
328429375
328488905
328545295
328603467
328662772
328725563
328801768
328886604
328948267
329006411
329070426
329130114
329190694
329254323
329322384
329383469
329442095
329512395
329574251
329639327
329706020
329767078
329827961
329890375
329954379
330014877
330079989
330140802
330221467
330282900
330343220
330403888
330465233
330526058
330593457
330662046
330737738
330803886
330863009
330936462
330997639
331060508
331120965
331206126
331274456
331336482
331398378
331460176
331523296
331591419
331654930
331719373
331782759
331853844
331920113
332022643
332085981
332145796
332222400
332291632
332351817
332410204
332469430
332527918
332588951
332649859
332710761
332772455
332835654
332943780
333016707
333077564
333139573
333264324
333325840
333418120
333515239
333577000
333640405
333704080
333763936
333824136
333891127
333952613
334049136
334110985
334181241
334244494
334304187
334368084
334428939
334500035
334558663
334620498
334687477
334751506
334849578
334909251
334990146
335181577
335250346
335461550
335618386
335741112
335858856
335984252
336061008
336173385
336321233
336418148
336480151
336555045
336720288
336856222
337071713
337179934
337279961
337361079
337423771
337488515
337563193
337626765
337691729
337750481
337814110
337872569
337931028
338030182
338092549
338157704
338225394
338286821
338349821
338418752
338492894
338551689
338618479
338693936
338754180
338812912
338870799
338933615
338995089
339057099
339118954
339180707
339279062
339337778
339397626
339493828
339556664
339616924
339680745
339747335
339812601
339918041
340003966
340070526
340130072
340196808
340261551
340322347
340397710
340494185
340555117
340616661
340680588
340747812
340845229
340903794
340965557
341031733
341096041
341163776
341243866
341309432
341371053
341439256
341498609
341571748
341630786
341691283
341754575
341812753
341875762
341934762
341996203
342070864
342131159
342190569
342249947
342311521
342382361
342446918
342504893
342562474
342624982
342684275
342742687
342801098
342861705
342923463
342993119
343088397
343163663
343243087
343376134
343607182
343704755
343822596
343890267
344043801
344107435
344179210
344285933
344406180
344529359
344643315
344720267
344788354
344850121
344922513
344984462
345044065
345108135
345205542
345336872
345437565
345522889
345747762
345844157
345958010
346127511
346282754
346429339
346549506
346693711
346798756
346952203
347106342
347197820
347285336
347444691
347546448
347693618
347825232
347956994
348079287
348146208
348269781
348398597
348512460
348575645
348650416
348760636
348930802
349059851
349211848
349302642
349413065
349565081
349751221
349949776
350190149
350423763
350597957
350715269
350889515
351057868
351270123
351457986
351611442
351744920
351935988
352099921
352266304
352406569
352548759
352721692
352916776
353110007
353317468
