0
16495
33475
49968
66760
85931
100921
116983
134858
151633
168219
185424
202238
219506
236645
257669
269929
286182
304119
320551
337462
354716
371526
388721
405958
426829
439420
455712
473039
489652
506902
524061
540533
557903
575016
597690
608655
624806
642015
658996
675923
693064
709959
727268
744457
765580
777253
793388
810910
828140
844639
861759
878470
895639
912819
932389
945971
963031
979965
996897
1013619
1272668
1421919
1625810
1818410
2005867
2134524
2305195
2481292
2630169
2769706
2958004
3133948
3239302
3460257
3649600
3845540
4035292
4167070
4308944
4482735
4685806
4858768
5093038
5281977
5457745
5833875
6021736
6206221
6394516
6533327
6703578
6889432
7078274
7212999
7400099
7624509
7778352
7931603
8151189
8340311
8582948
8762758
8934266
9146280
9294221
9499873
9737089
9933633
10105823
10295242
10502621
10735274
10956294
11162602
11364424
11555982
11772974
11960275
12183177
12384667
12592171
12799778
13017715
13206152
13437830
13626612
13894771
14131388
14371973
14585587
14835149
15112303
15333051
15591103
15804189
15990058
16199060
16388412
16611019
16819041
17060039
17264225
17454870
17664587
17844596
18058521
18305817
18578112
18798133
19005132
19227289
19378339
19572283
19775901
20032192
20189759
20422142
20646246
20866981
21053651
21244215
21470361
21692954
21871483
22061814
22263520
22417518
22622596
22776421
22967203
