0
20263
52206
82221
116553
153281
185768
218579
250940
285332
320135
356941
385318
421167
454120
486300
520729
555006
587629
627529
656066
696934
725192
756022
789144
825070
858097
888928
924447
961737
995441
1033507
1872841
2107287
2345185
2582544
2815722
2987264
3255785
3457109
3657806
3934863
4176759
4379619
4626955
4829859
5063223
5305396
5548801
5823838
6025332
6235256
6475912
6674956
6923520
7160354
7362724
7597136
7835179
8008859
8242860
8408078
8575643
8780916
9053753
9256825
9460332
9628389
9863144
10136467
10337619
10546334
10772675
11066134
11315245
11486059
11687807
11935478
12196323
12433122
12633400
12834192
13036968
13180077
13378408
13630760
13834732
14071042
14314299
14552924
14777667
14991676
15224527
15394786
15628605
15835712
16073627
16281628
16511940
16749880
16988214
17189678
17427442
17669806
17903567
18172183
18386785
18616878
18850689
19084490
19295192
19530856
19802186
20041076
20276319
20514015
20756872
20989485
21225213
21463709
21665329
21870991
22108232
22345459
22511110
22755564
23022920
23227720
23464892
23659889
23868772
24105915
24352077
24551275
24756732
24998641
25235134
25475916
25711971
25950111
26201007
26428425
26666196
26902565
27107718
27235976
27480197
27643368
27816313
28086556
28332141
28576963
28844557
29044404
29279524
29485013
29650519
29885785
30158646
30327609
30572721
30746183
30974421
31213282
31449646
31627489
31855400
32094653
32299900
32615599
32782200
33028577
33269387
33435694
33608795
33873023
34109596
34320372
34549360
34793930
35034778
35231838
35501258
35713352
35918528
36155147
36399473
36628554
36866440
37073940
37302635
37508982
37644915
37884359
38120410
38362119
38595243
38870023
39103965
39304232
39539869
39778290
40047355
40285864
40506388
40747838
40880258
41015489
41246235
41490448
41720698
41925968
42144145
42381172
42612635
42818888
43017089
43253174
43456269
43693170
43928071
44160596
44367245
44569290
44803355
45005766
45173279
45376251
45618532
45831834
46066537
46334717
46605304
46840951
47044691
47278649
47481246
47755711
48033673
48276561
48474268
48716888
48927165
49060748
49308931
49532438
49805468
50037298
50241552
50483983
50687628
50927295
51161391
51399125
51568534
51801606
52008987
52260427
52497690
52737598
53008021
53242912
53443006
53681435
53928702
54165552
54407483
54672275
54905389
55140866
55375490
55608317
55845505
56087046
56353275
56555929
56728221
56927477
57101887
57331117
57532873
57771740
57967244
58133652
58406940
58644305
58876734
59080032
59288608
59589909
59859935
60065178
60296237
60532016
60770558
61004423
61244152
61483446
61722979
61955883
62192413
62403056
62639080
62806828
63054082
63295579
63533122
63793288
64028751
64239908
64438057
64671047
64885377
65044849
65251743
65521473
65791146
66024179
66242214
66504121
66740958
66948135
67179503
67417343
67624800
67855302
68128044
68359847
68605949
68798331
68971666
69205326
69412890
69621652
69814235
69983525
70190342
70422611
70595689
70759459
70934106
71104481
71240681
71476630
71711901
71944739
72190080
72434544
72671741
72894084
73132976
73367507
73583935
73817943
74053117
74254029
74465404
74701625
74834171
75066415
75301110
75570713
75815294
76050625
76310455
76523822
76761741
76993723
77174268
77404632
77637099
77873597
78109086
78356731
78619331
78797793
79035445
79241208
79453589
79717269
79952371
80187590
80427615
80690359
80864221
81138787
81402841
81637968
81846412
82153275
82350544
82592247
82832724
83094630
83292455
83565363
83773261
84045697
84311837
84584257
84833378
85061672
85236876
85406248
85580097
85783063
86051263
86320021
86593440
86833844
87013034
87276955
87517696
87752809
87991946
88266917
