0
1642
8512
24939
41880
58451
75358
92371
109502
131251
144643
159958
176774
193851
210522
227480
244543
261410
278332
299211
313332
328843
345705
362709
379756
396552
413596
430430
447726
467887
481839
497884
514708
531827
548606
565640
582433
599459
616512
637221
651315
667490
684667
701371
718797
735794
752318
769438
787571
807863
821358
836983
854407
871405
888927
904939
921760
938776
955877
977875
991449
1006421
1667212
1749741
1855338
1924212
2025622
2110092
2278436
2447199
2537447
2690368
2825347
2992903
3128193
3229149
3330572
3489078
3658562
3760338
3844598
3962225
4065356
4301843
4377050
4475202
4626833
4714390
4846106
5019563
5416664
5799317
6243621
6657911
7071186
7415533
7749081
8212619
8600394
8974347
9385335
9798627
10221224
10613035
10972492
11286748
11645327
11979022
12197396
12386011
12556220
12745426
12880052
13067578
13259576
13407145
13610996
13797870
13937965
14123056
14292226
14477829
14646823
14799731
14956692
15077479
15227210
15397107
15582711
15735210
15888066
16023778
16351805
16696515
17132983
17488970
17923722
18300991
18711820
19130136
19526052
19873910
20260515
20694937
21087263
21470678
21823698
22219408
22631786
22973963
23191218
23396060
23587457
23738840
23890448
24315144
24521535
24672316
24759024
24927271
25064542
25246596
25399293
25602249
25773903
25943448
26225173
26891714
27304866
27786605
28268114
28669320
29132167
29545338
30158071
30721326
31090575
31623491
32204501
32767710
33232866
33459957
33714266
33919157
34141624
34313679
34552622
34753099
35006952
35261008
35434151
35678627
35900883
36126166
36699272
37377320
38121333
38983275
39752980
40384224
41131592
41758209
42486905
43067986
43434320
43637370
43853451
44057215
44260214
44480859
44684595
44927151
45164080
45334941
45540962
45745500
45947025
46099257
46486989
47051617
47741149
48286525
48918371
49476725
50113949
50770289
51407617
52216745
52890902
53369624
53574489
53799702
54036456
54158402
54375770
54545528
54777720
55010339
55206778
55406113
55661995
55920270
56129522
56283255
56845114
57591966
58157466
58695156
59349096
59973203
60658680
61454097
62060490
62660126
63256486
63541187
63762226
63967645
64215733
64437148
64623041
64828850
65018416
65221038
65408561
65628099
65849358
66126300
66346908
66935880
67462763
67878396
68505557
69093175
69697677
70251257
70859253
71522243
72052566
72467300
72940475
73405144
73567565
73722909
73906511
74129852
74354256
74524836
74747340
75032584
75219017
75406791
75607327
75879484
76104769
76357930
76750805
77321676
77930918
78555912
79094389
79662195
80171840
80707301
81330544
81907357
82493153
83113338
83546374
83799236
84041763
84259386
84412762
84582921
84750980
84972907
85148515
85352580
85559296
85760884
85932813
86160292
86378727
86902427
87452945
88057540
88628423
89241068
89765283
90406448
90936915
91603336
92209996
92728613
93392850
93666777
93879167
94149903
94372662
94577959
94796283
95018805
95240715
95503793
95675087
95895546
96166856
96396025
96834072
97412837
97888565
98526033
99139959
99771537
100327129
100946913
101570702
101994205
102574515
103382982
103715176
103976098
104178324
104382387
104619670
104844985
105071334
105292344
105461715
105625333
105760620
105984089
106209104
106397201
106612315
107144948
107830619
108366305
108953508
109530769
110255627
110788748
111459648
112140661
112680416
113181959
113710162
113862152
114065786
114241657
114466551
114618448
114874476
115096256
115265767
115472592
115644438
115889408
116074616
116295322
116531694
116959711
117599564
118221412
118798048
119222059
119911205
120442143
121138009
121788211
122370534
123063664
123765472
123977677
124145447
124365218
124534913
124723354
124961765
125147292
125281589
125433418
125604517
125738401
125924413
126095615
126258732
126413311
126600939
126970247
127403257
127839371
128314673
128707303
129162405
129645005
129990329
130366382
