0
2188
4529
23186
37499
55711
72078
90255
107374
124406
139831
156329
173760
190299
207843
227409
242405
260057
276491
292064
309011
327188
344740
359654
376410
393691
410415
429395
446410
462290
478509
495674
512032
529599
548774
563012
579999
598766
614879
630999
649431
665207
681822
698755
715816
732680
750526
768982
783954
799880
817300
833996
852328
853564
871728
886355
902864
920324
938910
954089
972534
988360
1004604
1258513
1400248
1548590
1705250
1855803
2011449
2083707
2220581
2314322
2468379
2552562
2671032
2825472
3348433
3557804
3693458
3811374
3929635
4048232
4221653
4410710
4596386
4765837
4951620
5142694
5314150
5512142
5681164
5852587
5987254
6158042
6330533
6482921
6652155
6788642
6956526
7094892
7267951
7439749
7553724
7655180
7747789
7849080
7971786
8055522
8157551
8258293
8343667
8528817
8682324
8766505
8851632
8953232
9038419
9122323
9296775
9448884
9601439
9772605
9940753
10027745
10197232
10281064
10370567
10455795
10589796
10677629
10793037
10961713
11046564
11130765
11216293
11300045
11404605
11488310
11572898
11742128
11895561
12064151
12165487
12266965
12373228
12530476
12665580
12801113
12956799
13040795
13125393
13231996
13311697
13399000
13497455
13582958
13740524
13836908
13938049
14080568
14247786
14416855
14549854
14634261
14719696
14876071
15063924
15248706
15419668
15537744
15639408
15723823
15876182
16045032
16227859
16315672
16451423
16569684
16656364
16824278
16993415
17093410
17178276
17278881
17358265
17442376
17628316
17783244
17868094
17987109
18138130
18324341
18443058
18548660
18652212
18754980
18838755
18973417
19058200
19142502
19231745
19315811
19401091
19538898
19688167
19839851
20008980
20110167
20261933
20346224
20430840
20516111
20651209
20736559
20907218
21042367
21176466
21333945
21487379
21591876
21725667
21826651
21914935
22065143
22183984
22269943
22370851
22505255
22594223
22709540
22793936
22885798
22973416
23063489
23249614
23458658
23658369
23843962
23928287
24114368
24232632
24320990
24454235
24589242
24724189
24811714
24981300
25096767
25232254
25322654
25421274
25522790
25624028
25792998
25961865
26130779
26300006
26475891
26681541
26853654
27053563
27240146
27387117
27521994
27691470
27845185
28032263
28194421
28436198
28676599
28892341
29132190
29341011
29509498
29695164
29903454
30104858
30239021
30424191
30594540
30731037
30952531
31194264
31275205
31393170
31596425
31767815
31997206
32200728
32412506
32625929
32850927
33093428
33248709
33484859
33677391
33905395
34023578
34158937
34384008
34519098
34763279
34949258
35121501
35325293
35516605
35745758
35932657
36137511
36257930
36498267
36689239
36867122
37013767
37224492
37409278
37602415
37771912
37928423
38162765
38365226
38501330
38697148
38952188
39156615
39348137
39490376
39644072
39810761
39979225
40117617
40302489
40489877
40574155
40726965
40880328
40998459
41086633
41166922
41314052
41450765
41534722
41724720
41858377
42010716
42165287
42251979
42405655
42527582
42590213
42725899
42877635
42946973
43086144
43237911
43407989
43560391
43712962
43888477
44070952
44210508
44325740
44519234
44622830
44799500
44859123
45070061
45265534
45492571
45559749
45729934
45880970
46001840
46188953
46326028
46542275
46696377
46865041
47005902
47192517
47363933
47497564
47636621
47752127
47921161
48106533
48276995
48394814
48516083
48739781
48932583
49133519
49374837
49580440
49799500
49992999
50202165
50433940
50765774
50955244
51191440
51420404
51590513
51811560
51996086
52198420
52441554
52662973
52877836
53063327
53314209
53532571
53771649
53993025
54166575
54350332
54564446
54767892
54973222
55111378
55288919
55439713
55643181
55832211
55958769
56084754
56270892
56442238
56628902
56873090
57082482
57318010
57475850
57678285
57813589
57950075
58156107
58360337
58496365
58633279
58797945
58937152
59123499
59326211
59444949
59546322
59665032
59783818
59972522
60139912
60291572
60448255
60566705
60652334
60739203
60842946
60926064
61030709
61198424
61384166
61490559
61660196
61855282
62008505
62193986
62383323
62465714
62651156
62820409
63007493
63142100
63210795
63330461
63431574
63556978
63640834
63793429
63979341
64069430
64204515
64309150
64461130
64672059
64862258
65034713
65221216
65360094
65564373
65733581
65921180
66038396
66144757
66245114
66379632
66549395
66753489
66939479
67108851
67261488
67399345
67602922
67687401
67772213
67958096
68161555
68314079
68465220
68617467
68805305
68973838
69159998
69346020
69533828
69736257
69873666
70060666
70164310
70317204
70452758
70570100
70757820
70909806
71012151
71181122
71300380
71435802
71589792
71744427
71860483
72047638
72170771
72290506
72477915
72637861
72823957
72992737
73197313
73380823
73549688
73737340
73908411
74094026
74196092
74365087
74552590
74671765
74858289
75047158
75215616
75337427
75472609
75660223
75828938
75999666
76152816
76289052
76406738
76558955
76646433
76781029
76983906
77153611
77322095
77460737
77646959
77782321
77886215
78061756
78193903
78380731
78569562
78669247
78872786
79025279
79193191
79362556
79551821
79720087
79907341
80059321
80211099
80398621
80552927
80722406
80911621
81074220
81199073
81319513
81489322
81623677
81792303
81893857
82063522
82199392
82368286
82539525
82725645
82862614
83049119
83221414
83361636
83530969
83681694
83869802
84020925
84224154
84410061
84596433
84798910
84985840
85087207
85261201
85361474
85496692
85666255
85786644
85906887
86023071
86209436
86378531
86549319
86739696
86931495
87064823
87216823
87318536
87472061
87591244
87727947
87922494
88093612
88195474
88313488
88468110
88651730
88839072
88990466
89149588
89316937
89500718
89689140
89796859
89932757
90069387
90173614
90359808
90528259
90683218
90783119
90952388
91036920
91191395
91376505
91515055
91685547
91803093
91988871
92141575
92295221
92498195
92633241
92771082
92891098
93008496
93211781
93380446
93515533
93668515
