0
35672
66450
99209
135056
167166
203568
232101
267472
300889
335978
370046
404272
437085
472889
504981
543391
570418
604647
639443
674039
704841
738726
773937
808637
838696
879449
906266
941607
975793
1007704
1579617
1846510
2047850
2315829
2555377
2758250
2957871
3195111
3462250
3666346
3872068
4107782
4344222
4580812
4812601
5017856
5188765
5420668
5621202
5756450
5956093
6158106
6398210
6599966
6797645
6935659
7138974
7373510
7612659
7813674
8017120
8221865
8451669
8655508
8889366
9126549
9360576
9635935
9864087
10066863
10302972
10502982
10706136
10873559
11110325
11321486
11479226
11714730
11920547
12152361
12386806
12590133
12790802
12994821
13228216
13437917
13638284
13871143
14075669
14282057
14483512
14687484
14917971
15054406
15290141
15529139
15729316
15930076
16104667
16312869
16549270
16783713
16951391
17183859
17359547
17525290
17698549
17896701
18098821
18232931
18434768
18704798
18938302
19141674
19375905
19510628
19754493
19981149
20152608
20322791
20522133
20735334
20967966
21132829
21370665
21570409
21811757
22048650
22282509
22455769
22651045
22853001
23019131
23154052
23323520
23523793
23727177
23926353
24134570
24298913
24498201
24702726
24902976
25073124
25341968
25575489
25818948
26045980
26281639
26516371
26717152
26950953
27189968
27427275
27661620
27862002
28066497
28265340
28468289
28706737
28869647
29107184
29274577
29443640
29644681
29850486
30091977
30323983
30535949
30763596
31001662
31207078
31351448
31553547
31719744
31889197
32055949
32297778
32539630
32742023
32975969
33211424
33451177
33621096
33752360
33985672
34189577
34423775
34662222
34902956
35140518
35379053
35582148
35750278
35983105
36184940
36390051
36593579
36790947
36992824
37231943
37398648
37600407
37803062
38070579
38307063
38472830
38643606
38877742
39112424
39320494
39522633
39723607
39959347
40195291
40395189
40566016
40698617
40935970
41169211
41407248
41542320
41775587
41978313
42178307
42349134
42483920
42689933
42916775
43117350
43289307
43489319
43694048
43890435
44093029
44260619
44494030
44709627
44941412
45140356
45348648
45582603
45783490
46020404
46256592
46457601
46694725
46928467
47129442
47336358
47567059
47739741
47904217
48105146
48271710
48509245
48709639
48948671
49180302
49382088
49618693
49855034
50058381
50324691
50492815
50658039
50862294
51035951
51266502
51442113
51639824
51841643
52011272
52210842
52412968
52645425
52848840
53050473
53281781
53420481
53620219
53751975
53953729
54156679
54394132
54591908
54832908
54999673
55139280
55334941
55536494
55740102
55906513
56144621
56354021
56565762
56772341
56971506
57180678
57442908
57644397
57850437
58055260
58288207
58490340
58690063
58931401
59101482
59335846
59544106
59740480
59939515
60142704
60343816
60511639
60752595
60985035
61156437
61357183
61524242
61790626
61993620
62196756
62434232
62671052
62917755
63143359
63384498
63591344
63788567
63988803
64193277
64423561
64602190
64758366
64995207
65229212
65430959
65665310
65834133
66034626
66169492
66402984
66610205
66849316
67017324
67218651
67453596
67655370
67825680
68065977
68259725
68460135
68695946
68897153
69135139
69340470
69537993
69807268
70010292
70243249
70479118
70679841
70915066
71115966
71324345
71551653
71759758
71998723
72258454
72491800
72693151
72897070
73032668
73266768
73468958
73635053
73870884
74070777
74273599
74474936
74716874
74916974
75157412
75366807
75526855
75731408
75929442
76136563
76370361
76601346
76809585
77044173
77274236
77507544
77743799
77945276
78152924
78347500
78548811
78782730
79057312
79253747
79428315
79629678
79865192
80034578
80233442
80437898
80704608
80940143
81177192
81375015
81609448
81810477
81944648
82147921
82313321
82548910
82756032
83020171
83255235
83426170
83689656
83924813
84127488
84332089
84564857
84771292
85001863
85208807
85443553
85672665
85880205
86077643
86277703
86546260
86749081
86982389
87224561
87462695
87688121
87923516
88160465
88360155
88596257
88803932
89033546
89274324
89475242
89708778
89942365
90150932
90248986
158231158
158431771
158604865
158738488
158912256
159078077
159923998
160117388
160601265
160831132
161036192
161278352
161443589
161573122
161814426
162050196
162245457
162446853
162680973
162918162
163151685
163354639
163590599
163793142
164027941
164231110
164399691
164584851
164818928
164991063
165154802
165329338
165492158
165704546
165934575
166071596
166238113
166405619
166639716
166842168
166977797
167177899
167381138
167550841
167688307
167850839
168029116
168190071
168362110
168558527
168794617
169032970
169228632
169430627
169598251
169832976
170046426
170269486
170539145
170776796
170976835
171144967
171346749
171514593
171649714
171852710
171986645
172223548
172491574
172665446
172933118
173135339
173303565
173509952
173743844
174016716
174248544
174429290
174622365
174767595
174929368
175068959
175250090
175467672
175634605
175805871
175986123
176221457
176426259
176631145
176763826
177003707
177243938
177415276
177713024
177956832
178161674
178390731
178630523
178835376
179032885
179262746
179511259
179741274
179976636
180210868
180416882
180661052
180863738
181061487
181332203
181564812
181771390
181972510
182179643
182377285
182613663
182781234
182946708
183115516
183319645
183484840
183720279
183891362
184053550
184258063
184463483
184628291
184830593
184966143
185100748
185272023
185474297
185706331
185973849
186211233
186376130
186581920
186713101
186882596
187115286
187317183
187489251
187723820
187928880
188127834
188292724
188427477
188666984
188866811
189035451
189168830
189277202
189507065
189741951
189912327
190078086
190294335
190489070
190726960
190929500
191096693
191264203
191433947
191568344
191733749
191978283
192141736
192375066
192543474
192782207
192919018
193082031
193323968
193519733
193755050
193890651
194055212
194193935
194358467
194593088
194732386
194900203
195063646
195268220
195466386
195604973
195772517
195942271
196109586
196278534
196512351
196646517
196821123
196990046
197157904
197391460
197592542
197759653
197930964
198098544
198266415
198502049
198738709
198907755
199109278
199276913
199515099
199723000
199919642
200120406
200256876
200397251
200625565
200825073
200995897
201194886
201364440
201602736
201840612
