0
6523
37392
71183
104539
142057
174722
210434
237360
272872
305511
338705
374778
407950
442700
475944
507301
546119
573654
608337
640910
676397
708190
743506
776410
811218
844514
882676
910813
944391
978212
1011540
1819586
2119899
2360021
2571364
2796996
3036803
3207699
3443204
3711482
3982340
4185863
4462245
4664136
4866791
5132972
5273253
5436530
5608159
5812048
5978631
6249385
6557084
6753124
6926779
7091035
7299185
7529033
7730321
7997440
8236617
8468150
8669124
8980077
9143920
9344941
9585067
9790437
9926589
10124219
10261709
10428020
10633159
10830872
11020466
11218932
11486233
11659267
11896789
12070765
12340847
12587348
12821171
13060413
13290701
13493500
13731783
13960411
14130166
14368844
14571906
14840003
15081306
15314683
15515907
15793227
16033959
16301431
16470074
16712122
17016144
17184823
17421324
17688085
17887142
18131310
18392254
18695257
18901408
19147407
19344564
19487156
19647691
19880969
20051143
20251380
20492243
20690254
20857953
21127704
21361760
21565324
21837789
22000854
22208981
22481842
22680041
22949436
23119600
23319458
23530188
23801352
23966374
24234253
24471582
24707458
24907042
25074882
25246403
25417256
25582560
25785045
25955614
26230426
26461875
26694872
26865815
27066230
27299343
27503741
27735095
27971345
28246525
28445192
28679878
28851680
29083262
29320794
29561021
29796478
30029299
30232764
30366093
30632489
30871348
31138546
31406206
31613765
31811685
32011610
32247912
32481854
32754448
32958307
33090213
33358343
33600369
33837501
33977945
34175553
34446337
34679575
34915717
35086347
35253777
35487154
35685883
35896532
36097838
36267380
36504382
36739352
37013792
37178604
37411233
37578591
37781495
37949964
38183337
38420614
38655744
38861966
39094564
39341854
39538371
39675582
39907788
40174723
40381580
40543790
40728146
40921372
41122828
41256991
41491859
41660702
41897017
42069398
42299021
42501283
42703327
42972787
43240575
43413623
43610129
43778017
43979078
44181331
44385199
44560182
44825641
45064317
45266659
45436944
45665824
45900595
46110363
46270431
46505700
46673238
46911858
47181618
47349830
47551878
47821453
48056003
48297191
48571784
48738352
49010081
49210105
49378416
49611387
49849837
50118753
50353585
50553981
50723504
50891446
51094317
51330264
