0
16441
32966
49835
67079
85119
102092
121008
134685
151528
167894
185267
202053
219366
236169
254738
270709
292973
305044
322647
339385
355969
372011
389041
405635
424119
440838
459026
474029
491142
508033
524880
542096
558943
575796
593035
609546
628450
642893
659883
678419
694053
710907
728028
745094
762342
779191
799750
813136
829825
846695
863536
880788
897539
914449
931310
948872
967394
982522
999234
1016338
1242167
1427177
1563906
1750062
1921080
2094695
2248698
2416540
2586835
2691158
2774739
2874722
2961344
3047836
3206017
3343111
3480531
3600119
3736040
3856036
3974008
4059315
4195231
4353371
4489415
4574440
4759824
4931691
5034292
5187278
5305376
5474214
5644600
5767280
5953452
6159166
6308157
6449958
6605554
6778215
6960207
7150532
7300555
7421097
7537744
7744536
7901143
8056691
8463205
8583360
8745306
8914462
9085164
9280924
9452603
9627319
9773513
9988317
10157162
10364022
10566415
10752009
10922784
11090346
11278280
11448327
11622791
11813054
12000859
12173832
12366355
12552451
12727424
12919412
13132137
13311914
13551800
13758149
13915055
14119145
14323693
14523168
14730153
14882389
15038243
15222548
15378961
15586037
15770750
15942243
16110317
16296953
16467949
16636857
16830359
17023227
17209433
17380091
17585957
17789380
17944333
18128955
18284690
18475275
18686527
18881899
19050843
19188725
19377341
19587256
19773119
19941998
20150560
20323999
20495768
20698295
20902860
21111614
21264919
21417284
21576697
21779671
21952553
22090446
22241271
22414967
22612446
22785277
22937991
23109842
23283886
23472117
23690427
23875930
24045111
24218440
24385681
24537738
24732082
24918777
25087130
25206273
25377260
25569037
25740049
25892338
26085736
26271154
26458683
26635494
26828942
26981699
27120673
27245620
27428314
27651172
27803546
27957762
28146343
28338665
28523641
28675380
28848458
29024129
29163888
29319068
29505283
29695421
29847016
30056613
30255609
30444644
30659947
30868144
31019452
31189453
31324079
31511068
31699216
31850692
32057450
32248187
32450910
32645174
32781864
32937216
33074619
33264647
33465860
33653982
33805744
33995919
34167090
34373316
34560966
34764314
34953124
35120907
35317737
35517449
35676878
35852722
35992828
36113163
36247900
36437070
36606458
36760786
36946043
37133343
37301485
37459223
37643662
37813358
37982731
38120243
38328208
38486249
38658408
38819329
39026173
39181279
39312409
39449453
39602523
39795724
40013915
40209368
40412430
40597857
40809552
41011417
41184499
41356284
41561227
41766041
41972889
42180681
42343448
42542143
42660180
42849660
43019197
43197704
43403497
43609492
43800491
43992185
44186176
44358494
44528267
44737388
44925901
45133655
45322438
45526084
45710674
45834224
45916491
46121370
46309408
46499015
46597226
