0
7758
46819
76433
111095
149093
176949
210880
249811
277481
313779
346874
377926
411221
447257
487261
514804
546481
585260
616157
648251
681149
713806
752872
782439
819915
850600
882835
922726
953509
982962
1019001
1268527
1323030
1458819
1530672
1702489
1843669
1944711
2074155
2185171
2241557
2308042
2375337
2444747
2624767
2817598
2974656
3102639
3233655
3401654
3546143
3647594
3777248
3944719
4082168
4222378
4346452
4514585
4690677
4780855
4848997
5027605
5186541
5362699
5522400
5663054
5832172
5996794
6063663
6197827
6334013
6501964
6670008
6839708
6945935
7108464
7280413
7447388
7515980
7650338
7788590
7923111
7992198
8126177
8259750
8400597
8563422
8697012
8865635
9038859
9178746
9315056
9420143
9577284
9716378
9780618
9880034
10014952
10115083
10283786
10384851
10552001
10690424
10823039
10932032
11098716
11223239
11360292
11525265
11629915
11697087
11831588
12007112
12066112
12234857
12302975
12460757
13203391
13308017
13443173
13548191
13643777
13708693
