0
25377
388989
422243
461296
815411
851001
890028
1302537
2084720
2387647
2946067
3242683
4037736
4162961
4298164
4887744
5096986
5439322
6041222
6338069
6578413
7181875
7329030
8459689
8660914
8997274
9525464
10679916
10948598
11166550
11430070
11626814
11740945
12139489
12490910
13303911
13426330
13953858
14509562
14669316
14956931
15327643
15692819
16263372
16807779
17428239
17917709
18289407
19010718
19488853
20148630
20387843
21311240
21827773
22197006
22404477
22641409
22755976
23066726
23215275
23596887
24432008
24804239
25284461
25626430
26302215
26749266
27218800
27759480
27968609
28403259
28644379
29137969
29695289
30585326
30815454
31657868
32458624
32700923
33469222
33921206
34036289
34233591
34346874
34926749
35040656
35605116
35721887
36086719
36684797
37140597
37412119
37614139
38310052
38896961
39074754
40013926
40249190
40431142
40737626
41429757
42052088
42227243
42805629
43084961
43392980
43585157
43748986
44126866
44560580
45066439
45226692
45574047
45784189
46091800
46360918
46494317
46676085
47204169
47470036
47588443
48044088
48912839
49709142
50362819
50538353
50998486
51444819
52247481
52855841
53257233
53830363
54443191
54944058
55094792
55876697
55985737
56221005
56807445
57555186
58474758
59372791
59974268
