0
11425
45285
78484
113254
150988
180143
213951
251654
279897
315235
347006
381976
417384
449064
486504
515859
549108
587701
616315
649345
682465
718640
750562
784272
822805
850885
884880
922915
951397
985581
1019512
1831395
2026391
2267046
2464022
2665066
2866126
3117357
3317901
3418761
3654752
3824779
4024657
4266656
4501525
4669133
4903766
5103247
5372100
5574740
5843370
6044078
6318819
6554177
6683691
6893451
7123684
8045431
8289811
8522437
8695326
8901522
9104268
9743803
9908339
10748067
10947765
11182293
11591947
11906240
12197779
12535062
12841782
13175200
13513906
13751177
14011957
14346023
14649572
14915752
15095533
15288980
15519265
15711475
15954257
16130374
16336670
16651031
17056947
17271638
17579383
17772502
17975345
18142743
18356321
18589186
18719222
18932581
19281993
19632565
19864886
20099029
20335608
20537545
20738107
20945829
21142801
21318299
21559612
21969514
22268052
22515950
22747912
22927197
23190986
23459660
23716333
24117640
24361729
24660035
24963116
25198098
25446420
25728094
26092283
26507714
26771935
27010265
27279332
27548537
27819669
28170792
28602416
28872265
29075204
29340068
29542317
29851937
30235289
30536410
30778516
31011239
31246478
31447310
31679263
31922811
32166246
32570228
32977749
33213362
33421714
33660696
33895686
34095659
34367049
34772521
35141451
35307096
35545702
35776700
35944877
36115864
36418217
36872400
37206878
37388933
37597114
37794999
38030917
38306905
38745333
39047007
39315583
39486570
39752769
39961666
40230984
40532691
40882020
41216713
41453573
41689754
41924945
42165073
42601108
43009972
43271037
43471449
43678743
43874167
44042301
44249822
44622771
44993946
45298420
45530296
45738221
45974794
46178418
46513311
46815020
47092424
47362331
47669271
47965925
48240151
48474000
48676066
48943475
49147237
49418660
49651219
49926624
50331382
50643017
51194675
51528410
51728206
51995060
52213531
52584402
52886334
53230268
53437568
53648005
53855992
54088862
54366699
54765093
55033210
55267774
55471317
55675743
55908906
56113360
56346002
56620419
56789159
57168415
57637190
57904184
58169335
58371128
58584047
58852866
59092585
59396300
59697853
60101650
60333436
60570229
60845392
61014886
61180244
61484871
61821936
62167397
62404714
62645002
62844894
63049197
63219950
63598136
63938800
64204495
64439776
64739743
64944320
65177395
65424582
65767248
66075527
66281585
66552860
66785778
66956966
67224454
67459934
67704412
67968910
68240728
68442722
68611208
68779400
68978673
69220439
69431074
69592053
69767004
69930867
70165207
70368441
70634135
70779229
71007231
71213410
71409243
71577635
71744194
71912427
72081569
72249079
72461727
72685528
72853152
73018002
73187911
73389206
73522957
73657107
73859386
74093031
74299698
74504701
74736775
74938763
75176094
75376317
75590981
75825979
76048186
76256419
76419946
76652928
76888451
77168643
77427244
77694922
77936615
78173336
78368347
78638199
78876504
79136548
79370113
79605986
79773758
80010303
80245503
80413366
80613656
80781819
80950470
81083444
81251123
81454302
81721817
81896465
82125743
82344815
82580690
82776860
83017066
83214085
83414453
83617060
83789509
83994043
84194575
84373140
84603022
84799830
84969483
85169424
85404974
85573915
85741727
85948392
86183031
86348963
86516742
86723703
86958090
87190175
87395371
87661806
87896207
88161836
88364687
88567400
88768288
88992902
89186632
89355055
89522108
89724160
89958826
90195537
90434267
90633646
90866586
91005142
91235712
91470770
91707157
91905617
92075762
92278405
92509736
92686546
92879949
93092430
93330394
93563448
93808479
93966242
94209400
94443314
94680282
94881085
95088579
95292147
95498659
95695247
95930672
96098356
96333759
96506194
96746516
96938486
97179636
97342260
97516046
97678297
97945808
98185809
98349921
98582233
98784998
99022289
99287709
99488934
99724650
99961918
100106698
100332693
100549183
100678120
100910975
101149860
101386570
101652734
101855001
102054993
102229960
102468659
102697098
102936082
103146292
103371339
103640919
103843892
104080214
104313137
104549222
104717413
104884843
105085569
105288103
105494676
105725908
105958815
106126534
106327934
106563136
106729881
106941439
107134506
107333799
107508587
107703187
107905508
108107036
108306726
108514229
108678106
108849238
109049754
109313396
109519477
109784827
109956157
110054297
110254552
110456582
110664514
110833279
110969552
111175072
111374448
111549969
111712717
111886566
112083578
112252075
112418995
112621611
112754409
112955795
113207056
113448686
113649282
115616549
115857942
116032028
116457120
116657260
116858855
116993912
117161710
117298207
117510122
117736106
118145075
118273098
118412090
119150202
119347348
119519230
119683132
119832710
120021588
120252587
120455492
120657248
120891842
121093066
121260503
121462518
121629915
121767129
121900599
122075256
122311100
122525851
122714928
122886937
123119045
123287729
123421970
123529950
123723799
123792583
123993897
124162075
124296960
124464577
124666384
124877602
125102189
125303926
125471681
125547633
125710889
125842092
125973892
126078859
126253202
126487847
126655663
126823922
126957392
127159583
127364629
127534478
127735079
127968937
128107478
128276248
128511087
128713590
128946103
129148130
129350395
129554006
129760127
129956064
130130549
130296369
130469332
130737175
130941135
131211334
131479538
131712962
131887600
132083190
132217786
132420967
132590443
132787678
132988160
133192991
133396320
133598239
133832775
134067228
134270099
134435469
134670757
134840127
135041497
135279570
135514381
135747432
135953461
136185846
136386867
136554281
136757470
136959563
137159616
137427111
137675009
137834677
138036884
138207115
138406891
138610585
138842626
139046856
139248354
139448194
139650291
139818314
140025042
140188989
140388352
140592237
140793530
141034598
141231549
141372212
141637875
141870726
142051891
142275444
142441673
142678026
142777841
142980301
143215104
143416068
143688215
143852524
144061849
144293221
144491123
144694673
144827369
145066858
145331451
145532172
145771811
146011468
146213252
146445692
146649470
146851509
147053791
147254193
147456603
147695994
147960925
148196361
148372408
148606027
148871713
149143458
149378043
149678971
149912845
150184755
150420850
150623138
150795946
151060341
151194504
151465840
151661301
151930833
152200194
152411380
152609784
152817952
153081995
153315214
153588473
153831859
154057570
154290938
154560820
154763016
154997476
155233169
155466749
155701603
155902303
156071618
156305467
156511354
156744902
156982168
157249439
157453609
157622138
157864989
158091451
158358876
158559797
158797969
159032353
159269138
159544988
159777216
160010376
160216199
160382601
160583861
160752823
160953629
161156216
161357534
161561180
161758436
161998337
162169961
162366969
162573139
162802903
163005700
163174393
163340578
163543742
163747964
163950357
164151758
164385560
164656271
164859223
165128423
165266306
165496968
165662975
165939343
166136918
166370984
166542477
166744331
166952036
167183006
167415271
167649849
167850110
168054884
168294632
168493814
168661971
168865633
169032648
169235480
169469901
169703432
169941862
170110304
170276872
170511458
170752546
170999184
171260314
171495232
171697205
171900841
172165665
172402987
172680255
172875512
173083841
173322325
173555473
173758577
173925129
174127403
174328198
174528318
174700708
174965666
175199853
175373083
175504334
175670766
175871116
176043885
176273601
176442643
176644389
176844964
177079252
177284414
177482052
177651356
177851785
178027227
178255832
178401194
178592559
178761771
178998069
179200776
179373859
179639310
179809154
180044678
180244444
180421170
180582011
180753812
180917719
181160773
181361080
181535947
181733017
181968428
182167391
182370767
182572075
182811081
183010070
183218757
183451463
183579781
183749266
183950393
184085148
184353227
184561013
184758342
184959915
185094660
185231948
185470441
185662237
185831778
185998426
186201280
186438063
186636361
186839247
187039401
187274552
187481149
187676682
187845722
188048185
188214331
188492151
188752921
188930501
189161973
189358464
189498690
189659051
189932079
190173599
190364904
190534359
190766113
190940275
191176361
191437644
191640053
191773355
192007548
192211104
192444858
192645906
192853749
193081636
193298651
193455264
193689460
193891764
194092660
194302245
194463410
194696856
194899515
195136178
195368730
195604858
195807571
195980905
196213896
196376287
196583968
196752707
196952133
197188591
197421826
197591968
197826189
198068408
198307292
198508448
198679124
198842942
199077514
199280116
199517080
199716646
199883906
200118979
200359140
200557161
200755282
200957763
201125379
201369588
201561997
201763258
201964533
202165784
202374155
202570838
202804634
202945084
203106120
203341055
203624495
203852240
204122423
204396882
204633751
204861100
205069585
205233342
205432990
205673184
205908736
206176980
206419546
206579347
206757359
206883931
207116994
207325348
207553499
207760291
207995741
208259229
208492896
208694636
208861737
209062956
209231663
209399178
209600585
209838311
210073272
210273442
210407189
210644019
210877012
211078547
211315145
211514818
211690933
211918696
212125401
212322407
212490750
212697663
212962394
213134797
213331800
213497541
213705686
213936628
214104201
214303556
214539405
214742648
214943153
215177357
215386608
215647826
215825345
216059171
216255836
216494972
216658864
216876488
217045407
217311701
217545942
217753965
217916244
218121428
218359774
218565739
218774816
219002606
219210371
219447748
219708402
219978027
220279956
220455455
220681255
220891051
221055080
221294956
221568627
222968446
223272203
223538671
223672611
223811905
224074245
224282096
224658423
224918515
225660450
225886613
226060642
226260997
226463077
226697371
226932587
227139582
227270249
227472834
227677552
227876153
228108521
228310940
228477071
228714079
228913586
229081505
229215413
229383689
229550307
229751783
229956966
230122732
230361420
230560742
230797543
231040940
231270122
231471863
231573211
231713735
231909556
232109762
232310305
232517495
232684603
232851761
233065064
233262620
233433105
233632349
233799705
234001358
234177200
234302799
234538528
234707246
234910518
235089722
235214200
235384988
235550635
235756452
235993407
236163462
236366149
236599725
236869572
237110990
237273091
237506689
237780115
237982538
238218150
238454948
238651896
238886197
239089744
239324111
239559484
239727723
239961177
240164004
240402235
240666776
240934800
241146103
241346742
241565464
241801370
242035222
242236635
242439132
242609523
242847358
243011591
243244047
243448788
243692491
243891629
244093848
244331978
244568772
244807067
244939878
245216453
245481119
245717196
245982720
246186165
246386909
246592996
246756698
247025303
247235261
247397984
247571818
247770741
248005182
248242226
248409489
248581355
248811112
249014814
249216003
249383521
249588502
249784782
249988549
250190382
250424738
250626280
250864493
251095535
251299098
251565547
251701336
251838609
252104352
252305874
252543361
252744872
252979427
253252658
253520644
253788462
254057699
254302258
254537094
254766462
255041809
255314959
255478612
255713047
255986211
256321817
256588312
256824021
257124668
257336964
257602576
257804092
258041563
258247716
258414356
258717011
258956350
259159432
259389474
259590409
259758735
260000234
260269000
260508864
260810631
261047840
261247226
261460045
261732438
262031690
262264774
262534679
262811393
263052576
263326596
263596572
263831612
264117817
264344626
264544355
264787742
264987949
265258659
265511325
265785229
265987117
266253200
266524742
266693177
266899558
267102432
267305928
267586985
267863671
268095637
268326538
268532276
268697309
268870220
269068977
269233883
269473364
269679867
269922179
270090551
270302137
270467974
270704283
270872202
271072954
271308743
271551065
271779585
272052452
272332121
272570724
272803804
273072186
273344820
273580599
273814003
274048757
274260442
274562417
274795454
275066597
275307143
275607456
275810430
276045176
276325102
276596462
276861041
277105174
277380171
277650172
277850253
278058469
278284910
278490351
278789441
279066920
279463029
279662944
279868975
280076903
280342413
280610539
280879321
281049335
281350323
281585954
281857931
282061204
282225302
282359731
282631280
282900209
283202104
283470456
283709143
283940734
284142775
284412897
284580621
284817078
285015359
285271625
285536158
285771946
286005363
286254718
286497451
286788308
287058258
287334223
287577626
287854806
288115580
288387497
288591149
288825865
289095565
289366229
289576104
289775823
289989107
290223471
290517950
290751742
291021882
291305585
291585920
291880409
292147437
292385065
292620530
292933102
293156272
293427137
293714268
294010917
294247354
294547672
294815799
295076070
295369831
295649106
295908353
296209472
296455258
296724366
297007704
297301418
297601942
297902701
298205048
298472574
298745262
299023128
299280953
299584021
299890513
300192069
300508148
300856423
301144322
301379761
301680948
301950937
302219653
302488320
302794742
303108637
303446461
305046011
305320474
305620476
305861356
306156905
306428988
306736080
307005867
307306860
307542425
307827394
308069491
308340134
308651094
308919587
309198674
309492321
309830330
310163999
310499401
310843505
311178602
311488059
311868362
312254412
312590242
312853957
313157846
313534049
313850732
314094574
314406512
314739335
315006530
315321916
315758007
316102311
316394439
316700932
317039322
317352011
317658297
317964086
318231350
318536193
318919429
319255887
319591646
319927732
320236476
320537710
320805430
321223358
321556144
321870376
322208171
322568818
322943289
323324734
323665479
324002132
324336989
324604932
324924967
325218364
325496964
325837837
326177145
326587412
327137868
327474581
327844297
328222641
328516299
330582872
330979161
331259780
331454629
331687654
332587224
332856243
333109692
333356727
333622108
333883994
334298976
334589662
335305929
335575184
335798355
336069561
336339461
336604953
336919961
337192017
337503073
337809150
338091742
338373212
338609747
338918762
339187482
339456773
339759123
340027292
340329057
340597424
340832759
341077447
341412449
341708447
341975235
342278452
342582789
342855187
343127039
343439857
343663357
343932306
344252203
344494290
344731091
345000200
345304191
345619735
345923058
346251229
346520847
346749844
346993943
347332698
347666692
347985132
348326287
348626444
348899511
349206706
349545249
349849822
350148731
350419642
350718536
351055447
351357912
351659934
351937930
352230288
352568779
352900944
353205626
353543264
353811780
354092667
354425966
354764650
355113145
355416976
355656609
355926937
356227394
356564872
356874674
357139175
357442000
357778537
358119365
358449979
358786542
359026445
359226886
359529971
359835209
360138423
360511225
360858122
361160712
361375935
361607480
361877790
362148170
362483132
362724909
362988655
363259910
363578705
363825412
364143437
364420696
364751659
365053515
365321420
365590559
365898979
366187416
366448438
366714000
366948467
367189808
367457309
367720589
368024286
368260680
368537205
368763743
368999751
369267746
369611380
369888232
370186064
370466915
370776087
371045958
371321176
371659481
371932832
372162395
372443161
372756010
373023908
373261332
373577696
373878343
374153597
374456965
374691773
374930751
375229734
375498770
375766100
376068305
376341435
376639729
376908938
377176288
377557706
377898022
378133266
378431672
378735644
379042899
379309434
379544753
379814129
380018367
380327716
380626003
380937387
381206282
381528207
381832990
382066417
382370661
382705879
382944652
383244958
383547181
383860444
384146057
384442424
384710082
385011439
385217565
385488252
385685894
385921129
386124652
386358599
386556178
386928256
387098435
387263772
387507006
387768948
388044113
388212796
388447891
388749209
389024448
389260255
389533227
389796855
389997707
390169175
390368978
390541476
390741381
390942936
391111377
391346208
391649451
391819861
392017194
392188914
392452738
392653971
392823386
393025902
393194969
393428339
393694945
393906218
394100914
394338426
394606536
394914242
395107117
395310459
395586174
395849826
396083608
396451579
396654747
396830748
397068725
397308245
397475399
397780665
398218816
398707420
399036630
399439645
399843611
400245098
400481821
400766586
401173140
401508503
401793957
402029921
402256349
402528324
402769943
403042768
403430776
403932191
404203231
404443140
404608686
404812296
405114850
405351069
405550298
405869323
406205235
406474818
406914824
407343080
407646744
407925264
408225802
408392541
408802623
409190353
409482509
409747992
409968323
410207197
410473666
410785318
411085472
411492396
412022438
412318819
412654834
412960498
413271276
413538558
413806485
414246519
414704900
415021228
415328260
415662790
415964721
416199767
416409106
416715915
417213297
417577208
417777466
417979752
418282373
418554340
418790170
419234607
419750303
420087013
420309431
420544290
420815538
421089205
421476498
421810648
422226209
422514724
422796639
423093068
423360631
423641208
423822696
424235668
424709348
424954801
425191307
425488459
425787685
426055579
426324195
426534581
426799137
427217082
427505834
427781689
428055795
428333981
428592708
428828093
429097525
429442237
429747182
430124658
430371002
430708715
430972467
431212678
431485488
431767591
432149204
432585377
432955064
433257406
433524601
433776763
434070239
434245557
434551591
434866341
435236455
435482934
435729768
435955514
436225219
436501793
436837009
437108474
437533978
437793755
438104430
438400556
439423839
439733492
439970155
440201773
440468118
440696764
441147598
441452528
442154329
442321990
442523719
442755228
442959336
443130044
443337619
443599085
443899618
444211344
444441210
444650921
444855628
445055293
445289495
445525983
445766158
445975091
446215797
446556305
446866646
447095197
447300041
447533816
447735113
447975854
448180963
448477546
448625414
448813899
448972866
449199814
449502910
449822716
450125861
450294825
450462932
450668659
450834022
451034789
451274361
451484050
451710751
452108160
452411527
452598206
452799709
453034256
453268743
453540022
453838859
454043708
454314651
454690061
455126118
455435482
455669624
455905494
456174511
456418417
456653317
456929074
457198683
457500534
457921645
458186036
458500312
458731362
459036543
459306131
459524761
459891153
460363148
460732531
460902615
461141066
461315442
461551870
461784613
461987217
462194872
462567812
462990871
463269781
463562087
463885403
464082043
464358760
464570383
464982777
465378043
465680538
465920024
466115778
466331920
466629707
466897980
467100232
467440750
467848144
468251832
468525860
468828152
469037502
469264394
469466588
469671411
470045669
470387758
470744928
471013413
471250343
471584439
471786789
471957894
472263933
472644191
473041979
473284480
473552303
473791611
474101711
474267687
474505497
474809261
475147815
475523792
475763323
476072036
476275862
476516009
476754208
476958007
477227497
477626943
478000528
478333965
478509393
478773972
478982074
479190011
479454800
479832738
480311478
480630429
480909853
481104412
481311918
481622086
481892229
482159166
482409686
482680738
483032186
483233380
483501242
483672008
483908580
484143206
484319579
484546307
484746743
484918766
485222146
485423489
485624871
485794522
486025968
486264558
486432909
486633535
486867343
487071102
487303901
487537792
487705697
487942945
488210806
488377555
488546605
488782165
489049568
489218264
489454855
489659814
489889448
490124532
490392256
490636907
490869755
491107357
491320838
491486025
491755952
491923424
492158006
492365301
492564312
492796708
493075358
493266372
493502351
493769191
494046713
494210256
494366442
494564406
494781485
494979817
495182344
495418412
495652589
495919811
496187744
496393075
496628865
496863596
497032982
497304253
497574167
497845224
498082171
498320889
498513983
498740073
498976022
499219058
499455495
499622071
499891288
500102542
500335496
500508696
500808903
501041971
501223591
501421266
501653897
501893323
502089105
502328895
502595638
502796167
502963493
503130751
503400842
503579642
503808952
504011159
504252997
504446858
504693264
504951722
505221989
505422902
505626447
505865467
506098641
506337356
506504841
506741148
506909954
507141506
507345667
507618418
507847367
508086429
508354066
508556633
508736085
508993911
509228257
509431157
509697260
509898696
510134970
510408142
510673929
510906495
511142979
511377603
511612033
511880851
512089881
512325931
512588290
512854370
513023454
513189874
513392190
513634131
513901891
514115515
514406802
514574332
514846668
515125716
515288072
515555665
515797506
516061281
516163743
516396635
516673371
516843095
517050816
517244634
517446636
517723331
517952107
518157809
518355055
518621897
518890381
519126107
519361410
519601397
519842890
520043493
520314081
520578740
520857059
521053540
521288222
521534723
521726238
521960215
522131706
522333588
522501440
522712101
522910343
523146072
523421803
523654066
523855217
524091497
524292518
524469895
524728879
524996858
525240172
525479660
525738134
526004705
526175611
526374067
526643526
526918438
527079886
527281602
527518190
527721759
527929229
528172852
528362756
528610041
528771195
528973467
529182722
529376831
529644941
529855619
530083029
530351232
530586417
530792542
530924863
531125580
531398284
531672152
531909716
532142802
532323193
532583528
532784887
533052465
533289233
533489308
533757265
533960383
534242925
534467042
534738169
535015346
535208108
535411042
535645480
535813166
536049056
536329647
536604441
536833591
537101513
537303426
537470525
537616892
537874111
538075319
538344531
538546674
538781403
539017766
539220342
539393033
539556160
539789294
539993792
540265722
540468382
540667882
540939058
541175870
541345043
541579039
541750939
541991710
542165258
542400682
542637434
542903959
543071793
543275199
543507804
543646756
543847597
544126275
544318877
544556080
544724494
544924853
545132116
546743090
547013212
547510878
547741932
547953916
548190737
548458108
548689988
549200866
549328391
550206191
550399316
550572172
550775921
550936575
551139682
551373970
551552328
551811491
551945038
552077608
552221446
552413149
552614920
552786338
553023610
553203248
553435136
553671358
553874699
554107975
554343914
554590917
554750631
554926638
555082005
555256961
555485564
555685785
555957249
556157370
556357395
556525391
556727494
556939856
557029011
557163694
557398042
557606673
557803940
558012251
558211702
558381605
558550005
558749700
558957514
559186807
559388227
559592237
559726489
559964513
560230478
560429564
560644133
560875386
561078886
561282271
561480741
561753882
561924088
562226037
562494858
562745868
562948355
563216656
563354817
563583413
563825075
564036855
564299792
564532325
564803228
565004856
565239285
565542104
565716979
565981462
566213239
566481491
566726126
566995937
567192396
567438869
567705781
567944917
568178845
568348462
568550149
568756415
568988053
569189799
569393174
569559319
569826729
570066003
570235208
570443128
570672302
570803617
571050049
571280864
571514567
571752135
572020824
572254859
572461470
572693368
572934006
573169166
573404784
573672712
573940916
574147329
574342121
574615796
574886125
575158858
575320169
575493757
575790092
576058246
576259386
576499368
576698216
576930532
577174135
577444126
577642782
577910795
578149284
578414297
578650300
578861215
579089594
579321200
579590245
579834056
580068308
580301953
580546075
580741195
580973652
581241694
581481106
581716351
581953755
582237929
582439079
582712129
582981680
583184993
583389313
583660761
583895310
584063418
584298719
584569115
584835469
585070677
585341326
585546970
585813521
586079165
586287522
586422782
586654843
586892022
587158776
587326501
587531083
587796384
588031936
588268231
588539047
588703638
588983584
589243918
589511976
589813132
590051475
590285201
590556009
590756313
591059136
591296973
591562642
591731012
591966138
592168426
592402203
592678742
592879294
593040011
593282596
593513413
593747148
594026722
594290008
594557340
594860400
595128375
595431292
595707983
596003905
596271988
596543221
596817543
597086502
597362654
597593229
597830732
598135104
598372240
598675786
599012891
599185347
599438992
599738346
600039127
600342011
600610046
600878328
601124329
601421288
601654595
601921689
602128083
602392650
602702980
602974800
603274363
603511661
603826802
603988674
604264183
604511950
604792705
605124382
605321681
605624062
605873566
606168618
606435524
606704941
606940078
607149963
607313824
607619020
607894490
608091027
608359164
608528105
608730249
608933577
609136996
609302973
609538893
609772345
609973874
610142363
610411307
610693261
610854202
611089146
611322813
611558726
611828656
612129331
612400142
612607421
612880627
613187702
613397429
613647678
613914298
614187091
614488527
614792394
615031835
615265383
615501330
615678708
615946164
616215984
616517333
616719949
616955276
617193224
617433851
617710868
617973859
618181757
618391167
618656432
618923560
619175286
619463532
619672442
619940429
620142114
620382891
620653231
620890406
621102551
621438395
621696985
622036314
622339160
622643933
622813001
623130741
623326176
623631008
623911432
624201956
624536968
624814953
625167091
625463675
625698900
625941606
626205327
626475919
626710694
626993481
627204877
627430311
627700017
627976325
628272112
628545293
628847034
629113787
629416114
629684597
629954297
630228931
630464445
630700174
630913111
631170373
631440622
631741551
631956032
632188215
632421965
632697969
632936582
633194822
633464006
633732984
634002011
634284612
634546017
634748577
635016900
635297569
635522207
635788098
636069397
636302897
636533538
636865611
637168590
637437729
637672354
637945133
638281004
638617889
638964500
639319348
639694503
639987322
640289628
640559433
640929430
641306765
641658667
641992182
642331739
642751638
643116547
643528934
643869976
644308780
644793963
645129146
645478756
645784378
646121458
646468460
646804749
647140328
647443082
647790208
648090874
648359666
648661872
648931549
649271617
649544327
649790060
649959699
650170167
650437911
650681833
651026838
651332160
651634736
651947970
652292161
652549123
652832833
653074236
655013193
655357308
655590283
656014305
656294970
656557498
656756058
656966946
657193606
657707090
657973585
658714608
658941171
659178459
659444078
659681328
659852883
660083826
660257139
660492110
660696406
660964493
661263704
661466903
661700683
661972324
662205570
662442274
662610869
662846256
663088242
663250153
663451646
663687608
663898995
664135225
664372304
664546722
664817881
664984966
665186925
665325274
665554813
665757463
665957066
666133876
666326413
666562472
666729605
666967403
667169424
667339039
667510718
667749322
667919905
668120870
668320730
668508433
668759568
668963136
669195634
669337248
669533718
669774180
670073647
670341073
670575869
670854981
671123201
671324825
671565100
671832116
672102852
672377016
672647000
672953598
673189076
673459552
673692324
673963838
674264926
674509063
674772442
675076272
675353037
675600483
675794781
676027983
676232466
676541422
676872865
677107137
677307730
677510895
677811724
678093280
678303178
678531916
678834710
679075574
679276650
679581751
679884274
680191336
680460592
680737391
681009693
681245327
681549812
681783406
682085998
682367068
682560166
682735492
683005984
683307189
683658766
684130658
684337117
684536976
684774813
684979812
685260158
685493419
685663052
685901900
686106147
686302880
686536866
686780716
686977167
687212178
687380546
687620789
687889680
688131009
688399451
688662139
688898237
689139256
689373535
689640626
689874346
690242740
690484558
690713407
690948156
691155774
691395399
691661245
691894591
692133246
692436280
692666467
692903522
693106298
693372971
693641773
693878091
694083017
694318146
694527196
694719700
694961128
695197525
695430901
695711408
695944220
696221620
696559948
696824401
697094316
697326961
697572361
697837722
698075082
698350488
698619094
698889418
699159537
699395724
699664329
699937773
700235141
700471625
700774000
701008708
701285256
701514088
701788538
702090042
702371832
702649257
702947027
703218304
703485988
703752728
704057265
704330896
704561208
704830589
705065168
705342331
705572792
705773272
706075377
706315296
706582757
706847808
707152301
707385970
707694468
707927656
708164178
708444938
708686120
708986460
709257195
709532791
709834021
710038802
710270287
710539285
710773248
711010710
711288152
711558860
711862838
712108628
712335410
712505603
712795847
713095980
713328193
713532036
713811549
714039382
714275866
714546037
714781792
715085390
715409917
715714219
715996425
716367842
716738467
717112075
717481811
717857195
718193580
718494351
718829069
719095964
719436292
719783683
720155116
720495523
720837807
721136975
721564295
721907834
722243501
722650083
723053394
723390703
723762675
724038114
724337838
724640406
725013581
725281822
725554128
725838737
726128330
726467311
726812315
727094172
727424876
727721822
728096988
728395305
728776119
729102512
729448679
729750654
730026422
730500994
730841186
731137427
731512351
731854488
732156621
732599347
732972927
733238195
733578409
733912988
734248852
734584159
734897304
735203417
735505904
735839686
736143296
736443175
736713684
736981407
737274425
737509251
737773317
738082205
738378743
738682802
738994411
739257536
739559437
739827226
740106396
740400038
740679819
740973278
741247838
741455894
741691197
741851989
742132773
742420483
742786911
743203397
743551819
743957097
744361007
744706705
745008284
745349428
745769383
746124764
746426652
746735958
747087316
747453801
747788948
748091224
748361502
748701004
749006320
749377669
749712615
750049812
750325849
750623156
750957859
751259884
751595373
752008899
752355263
752692463
753054321
753423085
753657944
754016922
754326425
754639205
754947980
755249409
755629486
756005792
756375224
756786247
757121891
757462753
757791966
758159024
758466023
758765301
759067041
759338109
759631108
759966645
760270161
760575880
760885086
761237483
761505350
763698806
764116994
764575080
764807818
765073310
765310520
765585934
765816604
766258091
766526461
767265908
767552785
767781144
768016007
768255009
768520285
768758151
768984045
769206784
769450440
769731039
770013582
770207206
770409277
770652574
770916244
771154386
771390531
771623257
771823764
772093512
772328944
772563992
772830849
773045781
773304962
773570989
773773228
774010028
774243660
774512536
774815933
775057963
775319498
775454471
775673216
775874740
776148132
776391513
776628242
776862953
777105511
777368544
777639243
777872329
778115909
778376141
778657176
778942244
779241094
779481851
779746828
780054222
780322493
780591832
780894690
781136279
781441040
781710462
782013179
782192067
782485085
782790235
783024826
783290540
783537009
783830768
784113454
784352402
784621360
784892681
785190431
785427164
785698489
785963884
786267467
786538568
786843460
787110799
787379755
787646436
787922842
788151105
788388858
788658012
788934711
789229930
789497820
789771704
790040564
790343153
790615197
790777926
791015018
791216468
791416506
791627859
791923893
792157050
792457918
792725206
792965652
793161014
793373393
793577047
793879173
794053877
794329906
794592419
794894142
795092626
795229776
795463687
795697106
795869381
796137681
796340738
796606287
796872424
797108125
797380137
797615572
797815859
798023243
798286665
798522784
798789669
799057457
799301516
799534317
799735835
800008316
800242212
800442662
800645422
800876769
801111914
801386287
801622351
801889663
802155735
802399995
802996613
803230831
803403420
803600418
803802105
804039994
804273901
804508246
804756891
804952392
805289829
805625843
806034857
806409303
806809085
807099828
807374945
807646279
807847094
808060382
808337397
808739064
809073735
809314874
809583609
809857530
810097670
810304123
810502882
810737265
810976065
811351030
811729959
812013301
812284344
812457724
812693716
812933096
813095332
813397685
813605340
814046016
814414576
814620984
814850412
815052686
815291602
815557620
815761719
815928315
816166990
816399112
816788501
817124896
817462272
817727811
818001881
818268901
818499521
818737494
819026222
819455650
819660376
819932389
820134894
820374174
820569818
820805620
820977403
821212397
821446233
821683220
821892377
822064582
822295041
822462609
822676443
822941933
823143542
823381958
823687999
823923092
824121176
824358989
824594149
824833022
825114901
825306961
825475914
825646840
825914627
826086126
826354223
826553504
826794510
827026764
827193715
827399866
827632410
827866766
828143803
828337293
828582097
828815766
828975526
829248780
829345558
829592700
829828463
830084467
830260526
830501893
830657318
830892787
831129872
831329111
831504024
831699303
831968165
832204404
832403444
832618122
832848110
833075288
833287065
833547878
833748273
834017919
834254638
834456643
834665715
834799416
835037510
835311613
835508946
835655293
835912325
836147036
836348220
836586769
836785134
836994343
837189462
837423042
837670209
837901553
838098209
838338818
838576906
838804932
839014012
839246614
839441025
839684615
839952636
840151209
840365838
840597637
840857657
841098068
841372110
841613571
841802975
842104055
842340415
842618149
842878142
843146819
843316359
843548681
843784974
843984886
844253411
844488322
844689726
844925029
845198591
845433915
845600691
845802400
846077134
846372275
846609295
846843474
847083433
847283355
847515199
847768066
847973898
848241491
848451439
848712302
849022004
849248528
849384374
