0
28241
62720
95953
136712
164965
196658
230629
264647
297707
332630
365061
399026
436279
478740
501389
532762
566575
600025
633525
668614
701214
734621
769474
808907
837478
869122
902768
936297
970728
1004557
1239595
1481860
1676327
1878578
2043706
2245219
2488939
2682508
2883228
3117977
3288794
3493947
3688863
3890363
4091525
4328503
4530326
4736081
4944989
5186934
5414804
5616791
5858575
6052955
6294186
6491642
6725085
6927261
7094978
7329261
7564969
7798781
8001207
8235945
8403190
8603969
8807841
9008717
9213539
9410153
9613685
9815701
10024012
10190340
10391427
10594035
10794945
10960908
11162866
11333150
11503054
11645117
11835756
12036717
12245606
12473618
12708564
12941256
13079547
13276673
13478715
13683807
13923637
14120621
14322161
14458205
14694107
14894129
15131926
15364414
15568559
15800777
16001930
16204958
16438908
16639593
16808125
16975117
17177052
17412294
17582211
17780984
17956136
18149882
18385439
18587324
18788884
18990555
19226494
19494890
19693778
19930656
20097404
20201646
20435647
20639015
20869247
21113057
21349818
21584328
21784601
22019608
22187391
22389206
22624730
22858397
23059786
23196242
23429897
23638467
23838557
24046882
24249503
24485241
24692669
24920754
25121835
25361759
25492815
25698625
25895202
26064206
26264700
26431148
26601832
26769284
26974503
27176143
27384777
27612095
27817792
27988878
28153511
28355647
28589348
28792552
28993382
29226632
29462117
29698269
29865439
30034058
30233825
30406880
30605408
30776926
30987685
31220226
31430038
31624978
31824816
32028188
32194342
32432347
32635000
32831706
33036334
33235564
33339089
33570834
33776309
33940305
34174185
34342031
34577620
34813527
35015869
35249570
35454724
35686641
35887760
36091339
36291909
36526784
36764574
36996277
37196060
37399137
37635164
37834689
38073063
38280353
38484601
38686922
38886175
39103733
39302314
39522835
39752124
39959357
40160879
40364069
40596511
40834733
41068369
41268774
41437221
41638081
41844795
42044503
42250152
42428819
42629305
42870908
43100306
43268447
43469328
43683472
43885324
44120598
44287926
44524000
44723428
44932649
45159394
45395248
45565703
45729162
45898154
46070374
46305241
46553437
46787375
46988706
47226255
47426755
47658470
47862368
48062021
48264802
48498906
48734580
48936029
49173135
49370586
49576736
49782327
49954085
50185928
50394680
50598259
50831554
51068492
51303725
51504295
51706233
51942760
52176477
52410669
52648958
52883052
53085072
53289737
53486351
53692304
53923722
54157154
54362346
54560789
54795700
54997570
55267244
55469062
55642490
55906539
56106270
56344079
56576089
56779623
56983525
57182361
57393617
57618618
57753218
57988051
58166813
58370074
58602897
58836990
59041488
59273863
59374847
59577911
59843825
60046579
60248177
60483654
60755453
60953756
61154743
61359298
61559330
61791549
61995631
62231529
62463464
62666699
62833726
63071774
63272625
63507818
63709469
63945085
64178296
64413988
64614669
64883883
65085409
65320223
65589292
65794931
66002889
66239256
66505625
66743300
66976237
67244241
67448079
67681958
67917040
68121180
68327903
68534421
68734821
68936828
69158326
69393768
69596354
69763195
69998256
70232142
70477105
70740791
70976217
71182171
71379452
71615813
71852356
72117783
72351720
72559760
72822437
73024465
73230611
73463749
73596953
73833437
74066523
74338540
74574949
74806256
75038916
75307456
75545667
75778115
75980704
76221727
76455502
76689936
76857485
77091543
77336615
77614931
77840288
78046858
78279800
78443319
78712130
78951340
79181659
79416328
79583029
79818768
80020390
80222381
80396793
80598583
80798599
81002101
81135089
81369533
81607680
81806613
82041000
82209347
82445153
82713062
82948203
83217891
83386901
83660716
83888109
84156926
84360903
84594809
84829887
85097362
85339842
85501415
85737190
85938483
86105100
86351906
86542402
86783968
86989570
87190376
87365388
87591930
87760655
87963290
88198204
88379895
88608290
88844463
89050949
89249309
89490876
89682529
89918410
90159484
90356137
90589891
90829693
91024816
91259432
91460529
91662487
91864233
92071844
92267120
92506690
92704241
92904734
93077711
93307267
93512202
93711714
93877579
94083533
94280680
94482518
94683677
94856392
95092827
95287202
95488707
95725860
95958763
96200740
96394501
96603439
96805115
97115638
97313536
97481491
97682541
97916562
98152903
98353607
98557227
98801605
98991833
99227871
99470039
99633116
99898611
100099991
100238542
100478345
100674197
100874893
101077143
101278702
101514859
101713468
101919836
102084262
102289367
102518901
102730079
102927600
103132865
105377759
105616276
105780060
106229813
106476105
106675437
106912899
107139744
107918746
108113108
108591740
108789908
108987973
109159541
109389284
109598057
109758315
109958884
110161961
110363141
110530860
110766587
110968455
111169361
111337145
111540205
111742770
111947819
112183013
112418558
112625279
112852572
113057622
113295877
113490734
113662282
113860248
114062672
114303291
114533345
114703089
114868959
115069999
115313238
115511583
115686190
115920033
116154043
116356459
116525025
116758122
117001438
117194880
117394856
117596476
117800139
118009911
118235454
118442922
118639266
118883163
119086836
119320672
119554945
119756448
119959804
120091722
120294983
120493794
120702835
120897257
121098810
121267015
121435688
121637806
121872160
122050569
122242196
122509873
122717285
122946448
123148736
123388300
123619192
123852960
124060978
124258122
124494148
124733462
124926426
125196415
125407152
125643751
125876580
126083068
126313427
126513255
126714601
126950421
127151675
127321307
127520200
127761352
128024212
128259348
128503393
128739444
128907603
129111459
129343581
129612868
129847912
130014264
130228463
130465392
130662024
130897613
131137043
131347877
131547650
131750352
132018281
132284975
132491235
132756935
132956548
133165774
133294908
133503417
133731331
133977883
134211897
134481972
134716708
134917529
135120067
135355293
135587976
135860434
136091472
136293122
136494824
136696146
136898574
137139490
137405120
137672783
137939475
138146563
138344668
138514979
138781352
138983071
139184059
139421158
139620722
139825348
140056913
140256748
140527349
140726905
140929152
141132701
141366108
141576613
141735567
141970500
142178382
142406478
142644528
142881303
143114410
143348747
143518303
143716668
143922373
144154728
144355646
144557972
144828087
145059970
145296483
145538268
145740823
145973961
146266164
146539315
146807476
147075954
147345045
147583132
147883092
148152367
148420449
148624283
148891123
149160795
149428531
149669754
149898128
150098221
150338142
150604769
150773337
151017591
151277649
151545325
151780807
152022571
152284141
152484672
152692984
152922176
153055844
153325233
153559811
153796943
154034538
154263717
154466907
154670578
154935535
155138543
155382877
155609510
155809745
156080554
156324487
156523847
156758289
156996334
157195585
157429009
157631765
157831672
158035267
158239615
158475213
158710721
158909133
159045469
159249229
159483710
159688229
159888693
160093058
160324810
160523787
160693962
160895406
161127125
161331624
161530910
161734556
161967852
162133867
162341477
162577091
162846541
163122946
163315928
163518564
163752434
163953542
164221608
164424432
164624884
164858831
165095070
165296378
165497970
165700781
165865717
166102903
166338742
166573266
166813431
167043602
167244167
167483259
167680596
167881423
168118124
168319769
168519287
168758984
168989626
169166775
169362830
169568042
169800457
170035729
170236729
170438336
170675144
170908366
171142566
171345236
171587378
171822797
172093323
172328063
172506871
172772664
172973759
173218799
173483185
173679555
173912656
174085364
174285376
174488486
174653761
174855964
175021318
175289029
175492270
175694610
175897700
176098042
176364194
176633667
176837629
177069626
177303614
177506555
177740471
177942359
178180959
178413548
178648991
178885060
179151107
179418684
179620855
179834054
180032280
180236673
180469656
180671485
180943373
181141032
181309557
181481128
181713711
181916865
182085251
182289664
182554458
182756006
182988905
183158299
183392351
183597269
183829862
184068456
184272872
184472047
184705999
184908744
185143845
185377928
185579804
185681224
185917511
186149427
186327443
186588048
186793641
187000043
187194158
187395454
187597661
187801131
187935997
188171490
188341760
188507358
188718146
188962423
189166037
189373343
189548265
189779667
189955272
190167183
190397394
190626437
190859929
191128867
191405024
191665995
191867623
192108201
192372186
192608568
192877269
193046471
193244585
193421435
193614405
193883459
194154730
194432365
194688321
194888828
195103958
195360319
195593747
195770267
195995910
196205383
196451332
196709375
196910788
197146825
197347551
197617257
197852455
197984083
198185315
198421339
198657277
198926150
199136609
199394162
199663731
199905033
200167995
200402370
200536767
200737331
200974030
201175350
201443890
201709495
201979620
202215271
202465739
202698951
202939116
203175787
203411874
203577845
203814402
204048777
204297640
204497921
204695072
204871863
205131951
205374161
205610706
205846282
206045101
206248543
206484026
206656972
206894714
207154429
207424004
207668967
207898499
208196252
208428980
208569565
208799633
209033566
209302221
209539356
209774578
210040142
210277637
210510994
210718538
210980986
211149538
211349377
211552271
211820298
212021974
212263783
212493826
212606656
212839326
213069469
213337223
213573539
213807317
214047121
214285606
214512505
214781278
215017848
215220396
216543499
216789841
217021499
217256921
217499757
218237353
218465497
218920371
219141916
219383093
219645937
219813836
220082253
220317549
220553502
220824712
221090879
221362186
221562456
221766003
221999828
222233954
222467974
222704141
222947156
223178399
223412833
223624315
223816918
224051780
224296025
224455574
224690109
224930736
225165771
225369192
225604927
225854895
226122889
226332318
226592971
226827760
227095883
227339665
227599501
227835484
228069689
228345257
228580061
228814710
229049580
229284365
229486872
229753905
229955453
230223810
230425206
230663184
230896885
231098640
231333114
231568466
231770153
232007905
232243249
232413244
232648132
232781605
232947531
233167222
233373189
233569502
233807093
234042045
234277343
234512378
234749648
234980434
235181236
235384797
235653421
235854681
236096071
236356754
236525254
236763400
237032688
237298471
237497732
237736308
238001029
238203126
238373050
238639605
238840781
239078325
239322014
239559181
239797228
239959082
240173266
240410626
240646953
240912690
241153647
241417600
241651560
241885923
242126515
242388792
242624382
242892402
243128776
243329518
243565545
243800209
244000156
244236168
244477380
244673294
244907924
245111739
245346233
245578990
245781440
245981915
246192631
246455236
246622934
246829381
247029727
247267023
247504499
247768285
248004283
248210870
248407204
248642638
248886311
249078915
249313303
249557560
249782223
250020268
250288045
250523280
250763748
251000165
251205724
251434488
251650997
251822851
252055381
252262501
252534281
252799411
253065267
253301362
253506592
253739611
253974000
254142505
254412511
254680272
254884580
255116925
255385318
255588043
255822237
256023894
256262001
256459919
256729703
256970043
257206518
257407543
257612382
257845714
258077582
258328049
258592087
258791998
258999331
259229990
259463100
259732692
260005681
260270070
260480275
260712194
260952124
261207096
261444540
261679103
261947952
262182298
262416302
262652727
262819611
263059688
263292453
263560653
263796309
264029796
264298255
264499676
264746592
264903607
265138687
265379760
265576414
265843211
265977495
266216137
266482891
266755604
266952389
267226218
267462206
267734050
267935135
268167753
268444747
268705944
268907406
269115863
269308575
269543736
269810816
270052118
270290338
270560397
270825505
271075263
271307434
271543632
271819230
272084150
272352993
272492839
272732163
272966367
273202467
273470571
273704851
273938536
274183682
274412559
274677299
274913231
275152952
275384416
275618029
275857037
276091324
276323184
276593548
276865818
277098935
277333773
277600743
277834448
278035572
278250004
278450319
278685823
278893898
279055861
279290800
279563479
279729239
279960546
280200923
280432425
280701222
280935339
281205947
281440290
281707366
281940830
282145749
282377270
282583532
282818535
283084900
283352829
283620730
283860719
284124486
284359795
284564581
284808274
285043022
285309752
285617857
285747330
285982100
286225351
286459139
286726939
286930715
287196504
287432832
287638684
287868362
288070739
288309120
288513129
288680256
288952966
289150327
289384792
289623403
289821335
290055993
290330569
290564059
290795970
291003677
291230352
291432085
291700561
291904917
292174686
292411149
292615672
292847935
293082936
293286018
293517317
293752281
293955479
294197085
294396917
294600346
294836330
295103379
295378487
295572614
295805839
295976626
296209559
296479421
296718514
296987373
297217854
297451824
297726211
297961492
298195851
298367966
298609803
298844667
299046472
299348011
299616800
299884051
300092135
300354084
300589467
300762828
300996739
301263411
301467185
301735668
302003572
302237158
302453098
302596024
302864489
303065762
303301741
303536208
303773322
304073940
304275475
304483820
304676372
304913173
305114536
305315080
305550405
305836270
306064414
306297906
306507079
306700424
306944459
307139900
307407360
307649245
307917411
308119666
308354011
308621053
308824717
308990985
309262011
309535962
309799011
309997858
310235249
310435019
310707547
310904912
311106179
311341539
311577639
311813463
311945440
312112525
312381668
312584259
312753395
313019748
313153800
313355100
313623571
313858260
314126483
314361019
314630122
314871829
315074917
315350072
315545104
315745148
315918489
316152989
316419859
316594372
316859082
317123934
317366015
317606817
317834798
318103658
318314593
318482674
318720275
318956963
319188302
319394555
319626412
319857484
320064071
320299465
320535495
320804132
321037996
321239242
321476252
321743866
321985975
322180739
322417534
322589485
322822879
322996865
323224847
323459849
323667096
323932002
324167346
324368052
324604314
324837063
325073550
325347470
325577735
327787646
328058663
328259899
328770656
329008232
329212227
329449488
329676441
330457116
330720707
331127884
331354722
331556579
331804311
332065005
332305870
332541720
332778311
332943698
333154315
333382000
333651019
333853054
334053605
334219762
334500460
334689461
334858627
335102403
335312867
335528215
335760647
335994940
336232407
336502415
336712463
336946721
337149573
337349966
337559463
337822479
338054442
338289498
338457051
338727925
338969939
339204291
339406950
339675427
339916618
340077997
340313167
340479217
340688016
340929457
341158768
341391685
341630100
341860875
342131121
342377004
342568666
342817233
343051947
343301952
343526192
343761690
344031434
344304567
344570653
344838053
345074764
345313313
345579026
345845569
346050395
346286542
346525502
346762237
346827981
347006544
347275673
347507463
347777088
348022432
348247019
348486088
348750341
349025152
349227320
349425600
349700335
349929249
350165809
350432141
350635494
350905219
351137024
351380984
351643177
351879096
352111210
352347000
352582470
352785003
353020899
353253265
353422619
353731436
353996761
354264459
354532322
354768136
355037359
355271582
355508343
355709375
355944472
356212358
356482663
356721274
356919173
357153836
357424847
357657281
357891156
358162281
358434484
358632088
358864918
359106309
359333808
359603360
359837594
360085555
360280956
360550231
360818821
361054918
361322808
361524130
361761174
361994792
362230031
362430317
362664715
362866052
363101486
363336355
363607014
363876965
364110296
364379084
364615341
364822304
365083863
365319534
365554918
365796148
366062772
366335208
366600811
366772918
367005992
367272247
367545886
367782845
368018886
368284292
368553786
368793595
369027315
369229192
369468904
369699504
369934685
370172311
370403140
370642936
370945250
371224408
371416038
371651100
371890483
372121695
372354509
372623467
372861417
373092172
373330742
373503430
373770179
374037628
374247115
374475197
374742372
375009624
375254399
375448598
375648381
375921462
376118913
376387265
376625074
376827799
377095556
377333638
377500389
377667762
377942110
378138570
378340669
378582559
378852273
379051453
379319475
379587113
379831101
380101012
380271311
380502265
380717352
380990702
381222374
381459061
381690252
381926627
382195027
382430333
382670787
382936440
383069682
383343983
383574035
383843868
384077826
384316760
384514445
384749062
384986056
385254127
385489976
385757353
385996136
386268944
386467820
386670477
386939419
387207028
387442288
387678213
387919866
388152718
388392581
388623284
388823518
389027088
389225952
389426277
389664152
389897071
390097413
390337400
390603649
390869969
391104944
391310776
391574887
391775935
392012463
392281530
392481689
392727961
392927997
393160802
393435863
393629553
393901170
394113268
394310489
394577178
394784821
395014938
395283608
395554884
395724283
395929943
396135927
396403639
396600357
396870082
397143910
397304976
397573691
397813859
398044707
398280074
398486149
398683673
398953701
399224663
399460377
399740029
399937498
400141575
400408361
400645845
400815030
401113462
401316369
401582342
401857678
402085985
402321294
402556989
402758430
402994339
403260027
403496696
403729497
403964580
404168781
404368481
404570082
404808040
405041999
405215993
405445573
405714686
405913836
406114647
406383606
406618618
406821443
407055435
407324169
407565778
407761283
407994615
408236992
408467318
408633657
408868946
409103533
409373614
409578771
409774023
410008691
410249716
410481222
410715201
410948235
411152369
411384448
411653733
411890506
412160723
412365212
412629013
412865186
413136102
413404969
413628913
413820195
414056688
414324498
414526025
414793768
414969296
415232391
415499522
415701081
415901702
416135157
416405174
416651431
416877881
417116457
417352436
417591336
417860861
418094887
418336378
418498234
418700630
418937059
419202232
419444126
419679199
419874719
420113001
420311767
420577441
420825274
421091737
421326148
421527654
421762215
422007436
422206230
422408104
422609152
422823503
422984629
423220047
423453746
423688877
423925236
424168090
424400487
424594750
424795686
424965029
425169458
425409465
425640267
425845968
426041962
426242759
426444530
426646487
426780373
426912357
427115265
427316586
427527753
427692944
427869430
428068331
428269766
428469977
428637541
428838478
429075729
429312599
429524042
429727467
429937378
430144822
430373524
430609518
430777019
430978642
431149243
431348040
431548587
431821053
432020320
432192366
432428088
432601679
432797822
433030273
433267811
433511001
433634742
433843826
434040000
434274864
434477454
434680328
434877811
435087966
435291722
435489967
435689959
435892288
436094396
436295092
436496739
436702876
436888237
437117852
437319840
437559521
437789613
438006102
439143583
439381676
439581857
439785447
440015671
440831793
441022019
441504689
441730696
441931258
442105471
442266276
442469582
442640492
442844282
443042371
443272703
443474641
443649268
443862129
444018213
444222922
444455065
444656398
444864780
445063443
445298541
445500055
445702183
445888213
446111706
446313006
446514418
446750145
446950794
447151764
447355342
447560763
447755868
447927845
448126930
448329826
448496817
448697157
448909750
449135277
449335884
449538270
449770543
449972457
450140733
450374731
450582624
450778347
451012326
451180681
451314297
451514242
451699009
451895163
452095150
452363622
452564793
452799426
452999682
453235024
453436357
453609062
453839635
453977815
454143686
454382585
454580265
454779950
454981609
455152212
455386439
455586918
455755845
455930578
456124051
456359478
456528281
456696320
456905096
457103590
457309226
457539963
457744736
457980280
458146660
458318912
458516453
458750043
458953100
459188954
459421328
459556457
459756437
459926884
460159953
460363346
460564787
460830842
461034258
461233296
461471061
461677373
461873003
462075414
462279957
462511998
462747806
462948881
463152349
463354668
463551996
463788220
463991789
464222774
464426010
464664604
464828177
465032514
465264286
465431047
465668161
465869579
466104113
466271711
466474668
466711705
466876355
467111172
467312666
467546352
467782646
467994763
468227147
468429218
468632412
468832059
469035764
469269187
469470055
469706487
469974020
470209411
470379058
470577421
470781106
470980720
471183059
471384116
471595427
471796747
472000299
472233073
472438373
472636318
472839556
472972388
473184866
473419946
473652866
473855122
474096606
474298700
474534064
474700014
474934759
475180116
475416697
475618300
475823267
476019886
476255547
476459234
476624118
476832343
477028121
477235132
477437866
477639846
477809153
478008308
478209254
478412558
478648266
478881822
479051306
479251509
479454303
479686622
479920690
480125277
480358174
480558643
480760853
480996624
481206876
481401050
481635591
481838358
482070330
482240894
482475453
482675172
482908430
483111090
483346617
483622081
483857285
484092063
484325820
484565049
484795100
485029411
485236576
485470701
485677950
485914437
486145694
486314280
486592339
486854351
487095734
487327974
487602694
487800021
488033770
488276068
488435433
488674104
488945327
489178996
489444269
489645881
489913979
490182426
490455800
490630016
490894740
491161690
491463695
491732307
491978737
492240224
492508282
492744355
492986194
493216276
493518425
493752825
493957141
494225816
494493552
494759655
495001357
495164154
495431765
495643297
495893245
496127616
496369607
496598652
496832121
497067683
497339356
497544390
497740782
497992384
498257175
498494097
498732199
498997526
499233367
499405118
499673126
499939612
500172465
500344560
500545728
500778109
500983288
501148283
501422834
501618365
501853874
502094709
502325070
502561309
502864805
503067475
503299387
503536261
503774222
504046665
504279020
504552472
504793453
505057843
505290178
505558239
505798307
505995600
506297408
506498614
506737882
506970443
507208138
507379752
507680828
507951056
508185614
508422945
508657502
508925456
509165072
509396678
509664565
509899170
510133962
510403429
510670922
510905758
511184992
511378972
511579913
511783154
511946630
512192705
512458619
512692104
512892800
513161518
513395859
513630822
513874835
514102792
514369710
514606816
514848039
515115665
515349879
515583647
515832614
516097324
516367154
516635001
516841715
517042573
517308789
517544453
517780291
517980923
518217937
518417966
518595826
518857689
519124951
519328553
519562603
519831465
520067124
520334704
520548221
520750029
521051433
521253029
521423083
521688618
521963527
522193408
522397398
522636468
522865806
523112241
523382843
523619700
523852522
524120878
524388741
524670918
524937520
525171647
525407506
525577604
525846461
526118560
526383413
526551119
526785262
527028230
527189458
527458140
527726124
527995669
528230506
528467446
528767436
529042232
529337775
529573890
529820532
530081993
530317133
530550559
530786022
531061395
531289650
531592164
531834130
532028490
532228739
532468028
532743101
532971000
533177706
533340265
533609299
533876951
534045343
534245664
534448163
534550713
534816411
535051638
535319918
535520540
535762257
535956331
536200020
536434154
536662177
536930516
537104380
537332953
537567758
537776260
538038832
538272615
538509469
538743601
538978626
539217236
539415985
539683913
539917136
540124974
540389284
540588126
540795733
541025716
541192840
541395465
541628153
541864996
542138305
542400666
542636327
542871485
543105785
543339338
543576232
543780851
544012146
544282195
544490599
544718266
544951283
545199470
545400972
545607747
545845485
546072362
546342596
546546816
546745182
546979728
547114604
547381631
547583575
547761344
547994085
548195703
549471571
549742125
549913054
550125166
550386852
551166146
551360510
551838196
552064666
552303968
552469220
552711049
552945521
553149656
553415359
553668103
553877927
554036027
554271865
554440704
554608144
554776192
555011560
555180668
555448178
555683335
555897220
556120247
556353548
556562298
556790418
556996029
557237975
557464503
557700891
557968580
558170687
558440193
558643336
558845901
559080475
559349100
559550540
559752271
559928356
560191588
560457573
560692653
560963485
561162629
561432298
561706614
561941723
562136616
562372710
562616076
562842749
563049704
563313423
563547469
563750448
564018477
564253634
564453562
564691608
564926230
565126922
565362739
565597815
565810980
565982075
566212620
566452077
566654361
566850658
567085784
567255718
567423997
567626840
567760387
567928649
568163945
568335079
568598931
568833761
569067280
569277306
569544641
569745881
569952304
570182775
570437528
570711564
570949307
571180150
571414469
571688520
571952150
572228011
572430276
572633156
572900683
573074776
573336873
573507274
573749778
573977918
574246341
574381422
574648659
574948463
575149182
575386434
575588662
575821419
576056988
576257592
576494698
576729003
576963549
577200119
577468030
577705989
577905920
578113852
578378818
578609527
578877208
579080582
579315703
579585275
579851307
580125224
580356148
580555994
580824987
581029792
581299207
581565768
581815335
582040440
582281081
582485964
582648628
582885990
583053282
583287146
583555304
583759511
583992104
584262144
584500337
584697668
584931756
585106878
585370617
585639885
585885050
586087392
586321933
586529388
586700201
586935608
587211119
587473760
587709024
587908640
588180031
588413148
588578858
588715324
588887636
589151305
589420836
589687567
589922851
590193355
590461300
590731895
590930852
591133266
591367860
591602314
591872153
592173802
592441601
592677420
592946093
593215412
593483479
593683555
593923924
594120371
594390991
594623718
594825816
595094843
595362802
595564532
595798303
596067108
596273106
596506472
596740294
596908669
597176518
597376784
597615559
597846918
598047161
598288071
598555452
598819681
599089867
599296845
599529620
599761245
600029906
600235582
600468176
600670813
600802819
601038617
601340385
601576305
601741664
601982596
602180001
602414304
602621009
602855937
603057053
603260762
603460803
603730627
603933810
604199313
604339571
604536462
604771224
605024945
605288103
605520669
605720906
605991564
606227064
606430423
606705643
606934397
607101804
607338363
607581800
607817174
608018936
608253176
608460184
608695240
608929379
609199733
609432157
609672509
609906654
610174939
610449479
610687178
610919445
611119940
611358384
611557394
611763128
612037241
612269432
612537867
612758861
