0
31653
64767
98155
132786
166071
207268
235367
267305
307291
333794
368337
401243
435092
467595
503682
543287
569726
603381
643065
669162
702963
735544
769461
883579
904413
938063
975990
1005470
1313935
1548900
1776916
1913534
2113449
2249585
2416492
2554587
2752986
2891938
3062959
3197987
3366352
3539132
3741433
3942183
4177793
4410693
4589455
4814095
4949297
5185180
5419735
5623305
5821117
6032263
6236353
6472945
6670865
6906960
8756531
8994634
9194648
9604273
9845986
10109327
10345098
10511737
11302262
11486586
11977903
12269912
12497904
12730578
12973403
13170783
13378350
13612044
13782088
13993970
14190065
14358718
14594459
14828580
15032113
15231139
15431281
15566129
15700603
15904225
16068976
16270696
16509772
16744649
16982326
17183436
17317840
17558242
17701990
17858597
18060779
18295012
18430719
18598817
18802593
18967439
19207837
19412403
19643956
19813324
19980712
20166435
20335537
20537293
20744161
20938554
21140409
21342613
21543599
21778298
22013324
22248316
22483136
22718821
22951254
23120665
23254619
23430868
23724384
23959578
24202048
24434035
24666169
24872254
25036469
25209787
25374036
25607439
25844057
26009384
26181172
26384976
26552975
26794028
26964487
27136136
27300489
27535431
27771882
27938268
28172870
28485566
28681377
28920449
29088007
29321353
29557295
29792385
30031179
30201943
30471723
30671980
30873397
31111317
31343833
31581566
31745829
31949060
32195705
32453259
32688078
32923118
33129004
33398495
33632778
33872277
34101932
34337100
34572813
34809337
34978635
35214399
35347512
35648509
35954348
36087892
36324745
36589930
36728816
36960332
37237050
37499936
37767696
38036786
38245742
38517113
38751378
38951477
39259743
39464748
39699822
39941259
40236077
40471361
40706498
40911954
41175721
41475913
41720120
42015818
42250313
42519350
42786588
43024123
43233862
43464450
43637793
43836747
44104959
44371843
44610486
44844360
45077404
45277613
45446457
45713815
45879975
46116783
46325636
46522375
46756634
46926387
47191578
47339607
47638344
47902145
48138561
48375570
48609053
48886748
49189544
49360026
49556212
49833716
50134361
50379229
50639462
50906234
51178629
51480940
51733174
51924514
52160487
52463122
52734006
53035459
53273829
53576422
53810894
54114184
54355327
54587393
54819520
55096788
55357505
55630648
55827773
56105897
56365703
56567491
56838193
57074162
57310932
57576689
57843327
58180391
58456292
58684077
58952217
59187536
59357535
59622086
59892764
60136314
60432662
60705106
60939735
61109044
61441368
61673042
61820798
62011858
62280549
62554125
62833200
63098460
63298141
63563131
63700114
63970036
64237163
64478240
64675261
64909757
65113224
65244915
65448877
65682042
65957171
66200782
66427009
66695717
66896081
67206151
67437746
67673070
67941611
68215674
68443990
68711938
68981855
69224863
69488369
69619450
69857423
70123141
70356794
70571664
70867272
71136283
71402208
71739552
71971330
72178016
72375884
72644011
72851355
73082751
73320778
73562781
73794633
74031824
74229797
74449586
74683784
74921828
75191110
75425233
75733047
75998999
76307324
76574586
76887174
77155332
77423536
77634337
77902368
78104489
78406966
78681020
78910985
79178343
79413331
79690259
79986268
80188249
80456724
80728335
81034732
81298221
81533905
81737850
81904699
82044281
82272946
82543171
82779218
83049499
83280584
83516964
83784786
84091874
84261560
84529968
84831664
85084640
85348460
85614296
85884613
86115047
86353182
86554011
86763423
87070844
87299238
87537431
87778530
88076993
88312029
88615764
88790511
89018121
89254297
89486350
89762913
90067354
90308334
90547707
90748045
91049303
91320306
91498357
91758675
92025573
92265673
92562257
92766227
93000318
93298962
93569733
93804284
94141401
94442060
94743756
95011645
95246631
95524988
95684810
95951594
96196801
96494087
96760752
97001265
97229619
97498907
97702047
97941501
98175576
98443392
98644786
98899775
99187828
99357176
99566924
99830122
100098244
100364020
100579054
100838417
101108407
101409511
101676903
101920499
102153430
102421645
102696460
102959764
103229704
103431459
103569300
103802065
104003100
104206056
104438921
104642312
104912961
105078270
105318374
105586019
105788150
106056794
106326380
106639054
106930458
107164615
107417498
107689728
107992852
108250987
108518920
108758948
109027711
109228159
109531023
109774011
109973652
110275001
110478288
110725533
110959631
111224763
111492397
111762009
112038641
112230583
112472610
112734212
112938521
113209060
113412514
113648014
113851161
114153865
114457593
114700411
115003456
115167944
115372118
115637781
115847953
116084395
116313582
116577301
116812173
117089472
117348087
117585372
117851590
118188182
118431532
118660393
121087767
121432124
121899746
122166370
122398269
122668874
123582680
123808626
124255388
124450721
124691828
124941559
125167111
125472572
125771150
126075402
126211104
126482294
126684591
126885086
127153345
127426051
127689616
127892574
128126202
128307673
128597870
128874488
129174850
129320207
129546075
129714045
129949825
130148563
130327434
130557034
130793280
131006562
131200909
131435971
131604262
131842519
132016919
132257758
132495001
132798825
133074776
133410803
133676892
133946693
134245478
134413361
134685634
134950242
135254293
135454546
135794505
136000507
136198971
136414942
136674225
136874220
137081925
137278217
137546757
137783611
138019438
138252667
138487297
138726933
138893106
139157795
139264619
139434224
139632798
139832553
140070469
140348333
140587250
140792302
141030324
141265162
141469490
141734700
141972028
142238850
142477699
142706705
142975302
143212683
143343847
143582924
143849892
144053829
144286659
144520837
144790500
144990122
145227764
145507516
145742169
145974676
146210252
146449866
146645983
146859066
147119269
147355388
147587250
147824498
148094452
148330006
148593393
148798730
149033990
149236137
149471887
149705775
149939635
150176309
150342726
150550617
150782438
151016979
151284101
151519150
151787526
152056819
152160424
152424021
152661723
152863949
152995850
153234294
153438217
153641480
153914911
154142567
154408061
154645928
154921236
155187399
155420909
155655078
155890096
156127192
156396482
156642918
156914777
157180546
157448276
157783680
158026431
158299254
158428228
158661711
158900725
159169837
159436609
159705390
159872349
160175886
160406407
160579580
160845231
161078643
161282490
161517162
161719532
161923443
162121915
162328846
162530102
162768084
163069339
163341640
163572696
163808345
164078674
164282957
164516921
164782545
165026929
165226045
165435604
165637639
165838558
166142800
166409297
166717999
166996311
167221885
167523603
167799484
168034944
168310976
168538204
168806476
169082143
169313487
169515598
169780836
170087847
170251471
170519010
170819497
171058412
171325024
171594900
171877113
172076425
172349509
172649447
172852048
173058041
173331005
173534841
173810343
174042992
174344651
174580480
174822955
175047926
175282909
175493873
175655512
175926042
176126690
176328261
176593663
176764778
176963817
177234538
177476403
177743493
178012866
178250478
178485933
178770515
179007872
179276545
179555404
179853924
180054451
180290857
180568215
180762924
180997054
181198008
181410657
181677594
181917631
182149012
182350835
182616581
182855221
183090310
183325050
183623426
183828234
184069376
184240357
184473547
184673086
184878140
185144954
185287612
185514997
185681061
185849014
186050134
186293543
186455724
186656334
186897634
187126660
187297656
187494348
187698760
187936396
188172302
188405841
188584517
188885855
189187605
189386588
189565376
189766255
189966457
190169497
190404802
190610359
190875690
191077017
191353647
191615615
191848382
192083657
192321405
192588958
192834178
193145995
193386268
193580280
193781543
194019434
194261319
194556164
194824370
195092439
195363150
195596190
195797359
196003664
196266322
196502062
196705826
196972204
197273780
197517401
197685909
197962436
198225891
198495268
198665169
198964978
199199761
199508153
199745230
200043164
200249411
200484287
200754256
201019591
201256219
201525671
201802624
202029279
202299859
202603289
202908895
203110076
203413748
203663605
203932592
204199995
204472387
204737869
205008005
205207477
205373072
205576279
205855776
206138548
206404027
206674947
206944709
207221213
207479875
207748656
207985171
208229418
208423373
208733534
209008706
209245984
209476985
209746651
209925436
210186686
210455319
210726072
210994476
211162456
211397737
211563501
211813850
212084825
212358542
212594138
212830079
212973002
213313934
213585645
213794170
214096907
214403356
214678011
214874220
215116237
215376449
215645379
215914159
216180880
216416228
216622815
216831695
217047967
217238096
217537109
217876880
218111843
218420776
218690800
218959669
219170998
219404098
219665518
219932963
220144996
220382921
220651368
220963519
221215444
221476481
221742887
221946353
222147063
222382804
222649687
222820810
223089924
223324619
223568517
223761616
223995003
224201484
224476705
224735540
224939707
225148643
225342400
225585775
225851722
226089866
226387392
226625517
226932123
227195406
227463380
227669531
227935322
228213827
228520445
228785035
229018321
229290388
229559593
229731089
229995401
230298439
230599552
230879746
231141892
233475000
233780460
234421766
234768547
235027124
235226489
235411204
236127645
236420786
236797353
236999321
237271124
237604373
237757089
237947838
238215990
238383511
238587099
238886931
239091463
239329131
239536977
239765767
239934393
240101317
240272331
240470428
240677625
240911993
241148155
241349336
241584702
241821006
241987549
242259151
242495339
242761531
243002195
243302743
243576392
243806094
244009492
244177991
244445482
244582620
244813013
245048461
245183568
245418680
245561694
245722088
245991124
246160021
246395506
246569635
246830945
247099456
247267517
247468677
247703893
247874184
248173467
248441880
248677496
248879682
249122536
249326876
249570579
249767177
250002837
250245018
250444571
250646785
250918237
251183284
251425165
251588913
251823381
252059590
252305046
252537875
252844086
253112750
253448565
253681755
254019963
254293557
254559962
254803421
255072595
255319610
255625093
255923089
256157100
256394656
256665268
256930566
257167221
257468474
257673854
257843587
258113643
258317821
258521722
258788626
258990019
259195130
259398666
259667915
259934116
260133378
260370481
260574093
260810095
261043326
261322586
261596069
261860505
262130765
262333519
262602767
262871020
263115748
263410433
263678581
263978551
264256399
264464519
264733734
264998909
265198992
265477030
265704125
265872355
266105959
266341095
266611509
266820173
267047037
267282419
267558678
267761045
267897872
268170271
268375681
268645558
268852473
269117587
269388209
269586281
269829748
270062043
270229721
270436350
270643608
270886357
271150580
271423205
271727145
271995058
272202403
272472592
272712200
272978528
273257023
273553456
273852729
274156939
274389331
274560724
274823185
275061145
275295657
275495944
275800481
276070684
276371237
276544294
276852174
277156219
277353918
277593248
277757363
277991820
278192808
278428623
278700038
278973075
279134799
279415760
279621493
279889965
280054439
280257762
280466498
280700908
280970865
281204742
281407194
281613634
281845199
282047807
282358049
282655928
282959333
283233642
283568326
283805137
284007974
284208297
284447531
284614774
284821175
285090529
285395478
285660878
285894214
286165221
286332784
286598732
286768024
286969838
287238426
287412193
287642646
287845507
288145580
288446609
288690906
288963604
289200047
289466401
289671152
289937855
290172679
290409030
290642000
290911455
291178912
291416960
291650414
291855908
292085997
292325062
292556614
292807981
293107261
293375481
293673635
293874621
294109434
294347370
294581225
294825271
295019082
295252250
295520497
295691505
295925468
296166679
296433912
296597728
296766286
297001515
297173032
297439476
297604840
297847593
298111026
298310437
298517334
298716691
298950566
299123021
299353589
299554932
299824332
300096756
300363459
300565262
300766826
300935707
301173173
301337712
301506559
301709443
301910238
302078644
302245167
302486639
302652945
302923295
303196460
303466467
303804777
304107645
304341147
304581488
304819009
305021473
305260014
305494900
305728233
305933399
306131196
306299315
306533719
306634149
306769948
306941018
307105690
307276499
307478342
307678182
307914224
308149876
308450700
308753285
308960831
309190495
309390740
309560601
309729605
309931378
310213143
310445570
310679304
310896190
311165492
311347101
311639330
311838656
312074779
312208200
312447452
312687305
312886199
313086897
313321265
313591935
313825099
314037068
314300919
314568690
314817385
315057702
315326911
315523023
315690798
315893946
316030358
316229513
316534062
316771086
317011466
317243474
317488631
317654181
317858836
318099816
318293102
318598653
318777778
319039145
319272513
319477617
319644950
319880729
320123265
320350019
320587297
320798360
321025332
321227450
321432149
321662789
321930669
322166207
322402487
322605405
322840055
323047100
323248342
323494547
323718390
323953500
324161541
324388808
324562626
324839689
325032690
325278948
325469145
325737774
326004872
326286551
326483716
326717680
326951587
327195701
327422053
327690539
327968229
328200238
328431720
328635729
328873853
329069424
329307927
329550834
329777526
329989713
330226428
330422543
330670366
330930652
331095458
331264131
331574779
331837665
332008366
332253042
332511665
332833431
333136827
333443092
333747776
334055772
334290758
334519243
334656880
334928023
335162327
335362892
335601373
335868346
336102156
336315222
336506848
336708410
336886734
337092806
337290793
337491530
337690598
337861154
338060757
338265344
338463670
338633745
338833411
339106936
339347289
339574680
339744470
340024755
340284151
340524205
340792363
340991084
341225384
341461309
341707002
341932954
342172719
342479499
342678291
342854179
342979442
343213213
343394365
343688239
343829470
345015643
345293048
345494947
345703315
345831401
346709443
346938651
347379987
347579525
347777381
348025851
348233391
348410938
348631410
348800321
349008462
349272392
349415805
349611314
349779323
349978268
350116226
350315538
350549345
350761404
350954602
351155755
351324776
351526315
351693274
351929836
352165043
352441415
352633471
352869990
353115815
353276495
353510410
353677385
353846601
354080785
354282598
354517143
354753591
354986825
355188531
355392825
355560589
355762599
355997034
356198491
356398837
356602752
356809534
357004821
357146483
357342245
357542088
357743542
357982114
358156896
358380847
358592484
358784619
359054066
359287399
359428913
359662843
359900201
360100667
360368173
360616728
360754043
360989092
361195405
361358906
361564943
361730324
361873392
362102606
362269575
362437966
362675071
362841926
363078352
363314549
363581092
363890996
364122024
364322818
364526529
364728158
364864907
365131994
365333273
365534743
365735760
366006433
366210388
366408458
366558798
366727335
366899671
367029076
367297718
367464929
367703068
368003645
368276112
368510523
368781509
368981795
369149098
369290420
369491860
369657983
369827843
370060368
370299736
370566967
370810680
371077950
371316300
371548148
371816849
372052942
372290951
372455933
372627348
372829895
373000004
373195799
373400213
373605658
373836183
374008777
374238218
374510121
374745705
374985780
375189258
375388609
375558562
375757617
375959875
376192189
376426694
376632153
376830980
377038202
377337529
377536709
377770420
378047232
378279355
378513112
378749817
379022532
379296794
379564015
379799587
380073125
380269780
380511074
380716104
380916992
381088598
381319550
381551787
381759263
381954496
382156142
382325685
382529672
382772760
383000170
383199232
383401826
383635605
383777386
383905764
384176040
384410875
384645990
384821803
385093931
385326166
385561176
385865584
386098286
386304131
386540550
386776017
387010144
387178055
387448212
387726003
387965495
388194644
388433081
388701615
388965726
389176212
389439124
389738393
389941610
390144261
390419043
390622727
390890658
391126222
391400269
391703331
391980472
392247555
392488853
392756283
393019282
393228505
393461686
393759796
394060895
394239895
394464308
394665958
394905817
395103587
395305154
395577350
395774342
396010638
396146809
396380161
396621878
396859630
397025096
397194717
397429444
397604901
397866792
398032323
398238392
398468817
398671760
398876327
399078305
399341648
399510319
399710846
399883784
400118228
400256024
400489768
400693854
400895327
401124580
401303300
401432609
401642745
401805338
401979454
402142401
402417054
402657358
402854941
403122063
403259887
403357484
403594970
403793874
404001610
404197602
404337351
404498848
404736447
404907370
405175056
405411374
405644104
405844835
406029536
406200283
406400643
406570342
406839937
407043723
407241240
407441525
407616133
407880386
408054198
408250980
408450935
408618590
408888920
409089950
409328783
409526682
409695194
409928803
410203359
410471447
410745330
411011203
411279461
411514975
411714929
411882029
412054242
412319020
412554150
412759416
412960799
413160401
413433670
413703147
413931032
414202575
414503181
414739710
414975483
415207588
415411600
415677864
415890646
416094060
416261676
416529376
416733115
416899907
417151437
417381809
417546664
417753176
418054664
418222444
418390791
418658602
418895301
419065440
419264952
419531725
419734680
420003398
420240407
420442165
420674900
420922138
421088552
421290050
421577228
421778330
422078898
422317270
422584097
422819976
423091110
423397617
423634781
423869948
424034926
424269296
424437908
424640252
424844212
425043955
425277992
425479671
425748188
425990596
426267054
426461817
426694101
426937349
427231866
427504047
427771424
427945407
428108022
428279900
428475266
428678193
428916417
429114034
429287307
429551799
429785615
430021954
430255763
430488584
430661525
430899279
431165685
431337563
431534782
431737376
431979213
432173534
432321357
432544643
432815215
433085919
433259608
433550889
433752306
433954179
434224430
434423505
434591168
434829244
434962632
435195063
435398822
435566158
435740811
435910905
436111660
436313108
436548801
436749327
436949873
437186960
437400019
437593423
437834155
438069976
438263695
438504759
438700862
438935014
439179373
439417997
439643435
439851317
440087808
440285146
440488527
440758734
440953879
441095527
441296064
441530478
441696769
441967367
442216200
442407143
442574737
442743994
442911135
443125247
443316053
443560112
443799092
444058606
444262352
444511049
444714382
444945381
445182763
445384870
445618818
445825723
446092319
446328373
446563373
446764305
447034790
447203724
447470421
447672017
447945479
448184053
448410810
448614243
448813515
449081169
449348946
449551165
449820745
450054707
450260119
450494777
450727901
450997346
451266233
451468879
451703774
451972713
452173504
452410481
452676026
453045595
453356339
453691452
453959821
454161534
454333026
456463378
456664980
456871187
457374635
457719462
457913218
458052798
458281110
459060134
459224892
459733785
459992278
460233277
460494958
460668333
460933911
461170349
461437788
461706957
461839964
462085278
462313807
462550165
462790888
462990216
463221990
463459370
463625417
463895720
464162881
464370377
464606118
464810175
465042534
465282311
465558342
465799710
466027144
466264717
466531521
466701498
466901511
467070656
467305606
467507685
467740307
467908253
468150871
468411705
468681542
468921844
469089230
469290404
469501761
469659360
469895683
470095946
470299214
470465554
470700993
470968861
471178501
471408577
471642491
471812480
472012439
472191220
472382952
472484189
472752016
472958239
473222658
473425970
473626564
473761720
473962650
474168715
474398277
474569383
474769516
475004950
475239002
475443791
475644745
475845745
476080042
476316018
476554144
476719622
476926009
477163588
477435366
477668983
477906966
478104352
478375268
478610704
478812859
479046797
479254451
479486032
479690640
479896130
480091512
480328173
480600363
480832518
481068901
481276730
481542288
481745221
482042446
482311133
482619320
482920420
483218866
483490760
483793258
484026691
484275632
484505878
484743548
484990364
485255995
485455418
485622333
485897724
486167518
486437705
486639763
486907632
487107795
487377225
487612420
487913620
488081764
488357366
488555580
488789764
489092440
489345161
489619248
489888261
490127678
490294621
490465180
490739088
490970499
491202530
491372684
491540418
491810288
492084603
492354681
492632077
492832824
493071245
493304885
493571793
493851492
494089649
494355121
494632758
494835241
495037504
495249350
495496088
495692123
495958168
496229154
496471621
496708995
496944154
497252701
497492191
497726469
497929947
498204458
498468290
498735121
499039185
499269666
499509880
499744053
500010409
500291264
500575654
500802479
501002562
501245429
501514761
501817013
502133089
502435656
502610454
502875651
503043793
503342552
503578630
503812150
503952964
504149658
504383833
504651614
504832895
505001321
505239835
505480550
505750244
505959420
506165920
506434133
506604344
506801019
507073785
507311377
507540767
507776227
507980544
508181162
508414384
508617040
508786133
509050093
509288264
509455214
509697279
509893700
510061714
510329950
510598702
510934539
511170880
511475917
511779052
512014780
512216309
512488252
512756314
513031902
513332638
513615983
513870121
514073127
514271824
514504928
514743243
515011553
515247062
515417105
515616935
515853750
516131975
516359659
516627259
516894937
517163159
517370624
517570346
517774992
518039720
518242970
518446284
518677879
518915552
519218798
519489646
519719681
519956131
520191602
520392640
520699766
521001537
521274746
521512264
521808652
522075149
522309718
522580553
522815212
523054475
523289990
523659793
523961472
524234360
524471562
524675066
524940642
525109498
525277728
525550678
525784153
526014265
526248912
526450815
526620488
526822902
527093885
527364443
527597775
527765933
528001648
528244352
528435195
528639175
528806446
529040643
529286798
529555092
529797127
529997293
530233362
530399924
530636038
530836554
531072321
531242913
531449039
531717989
531985281
532225490
532490598
532735590
532976565
533106236
533312458
533541353
533776422
533948335
534180336
534382674
534623556
534853104
535087459
535331401
535495533
535693791
535898080
536098246
536339483
536542691
536774799
536977967
537181634
537447834
537716847
537953254
538187891
538365791
538599956
538838724
539138205
539306375
539542063
539715164
539948787
540183394
540394348
540655354
540855914
541064371
541359381
541661888
541964159
542266314
542473665
542753956
542981254
543247450
