0
3806
19162
35685
53074
70112
87141
104169
121235
138476
158321
172730
189165
206326
223521
240572
260675
278472
292871
308595
328405
343060
359385
376525
393823
410488
427592
444340
461483
478744
498446
513279
529282
546711
563657
580975
597615
614798
632035
652541
671772
684351
700202
717204
733811
750950
767653
784685
801857
819016
838779
853334
869756
886928
903717
921004
937814
955403
972033
989015
1008915
1692939
1876821
2047380
2200611
2370051
2541308
2672272
2826152
2994887
3129261
3216094
3385606
3485604
3567198
3783511
3968968
4072884
4188946
4340865
4527292
4696208
4831572
4984049
5104668
5221550
5307266
5458295
5645893
5781584
5951425
6034937
6106375
6187348
6366713
6507525
6649022
6803473
6868618
7020952
7114403
7300356
7435669
7605316
7706456
7859062
7942926
8012958
8147257
8282333
8435226
8553207
8637851
8717631
8903751
8989105
9090552
9260350
9362899
9445879
9615160
9750834
9936818
10088690
10190490
10359780
10547709
10731123
10900587
11055671
11238870
11407964
11563342
11733855
11883559
12034674
12187542
12356626
12511013
12698082
12849912
13035872
13138566
13307192
13476909
13662834
13767008
13882943
14035393
14170878
14368454
14487348
14626146
14795518
14994238
15163891
15315646
15413303
15564699
15737367
15905876
16058869
16228010
16413845
16515536
16617051
16788020
16941832
17111471
17280314
17432988
17602074
17738835
17891935
18060884
18246630
18432807
18584889
18755349
18924571
19010004
19178831
19364559
19516934
19710972
19879945
20032008
20183605
20319259
20504967
20590482
20761907
20929828
21014461
21166806
21318820
21488101
21622758
21760242
21929421
22065500
22250295
22419911
22571824
22744410
22914482
23066528
23133548
23303926
23488824
23657862
23743753
23862374
24031517
24200532
24322261
24463247
24599184
24734160
24819947
24970919
25159987
25277512
25463142
25558116
25643613
25796456
25931135
26117464
26286736
26439309
26557349
26711820
26881481
27051138
27150880
27302128
27454700
27606750
27727308
27911234
28032651
28184688
28336945
28505665
28674960
28849412
28968497
29121183
29307079
29459362
29628609
29780616
29949800
30051823
30238440
30390272
30508946
30644024
30746063
30924768
31110213
31298273
31380943
31549882
31637563
31789382
31976095
32147693
32316866
32468888
32621609
32791829
32943814
33130875
33298517
33382903
33468363
33570320
33722872
33891720
34044134
34213424
34399323
34585613
34757002
34926362
35112443
35248663
35368443
35544501
35642321
35811263
35980601
36120852
36272716
36424579
36593330
36712309
36881873
37035916
37152829
37322546
37458777
37612864
37797854
37882802
37966974
38053118
38137068
38288416
38474918
38643986
38815258
38960890
39130718
39316359
39485075
39637258
39806117
39992859
40102288
40252305
40421621
40558384
40708766
40886713
41072565
41208853
41328407
41478833
41631134
41800003
41986238
42174737
42324710
42477239
42646955
42816222
42967755
43139017
43306615
43441482
43627363
43780565
43949422
44118296
44304429
44439891
44593001
44761007
44913235
45083170
45202056
45370730
45523209
45693821
45861984
46014005
46200077
46354888
46539833
46725437
46917278
47200849
47353698
47522479
47675023
47811209
47980351
48182989
48353103
48521787
48673663
48862750
49030889
49200603
49335996
49504990
49674592
49826365
49995504
50181333
50367562
50537118
50688717
50858310
50980660
51179234
51264404
51433162
51586456
51771348
51939998
52126685
52264823
52432142
52601960
52720000
52789235
52975592
53095918
53281447
53450694
53636865
53789607
53975906
54162748
54314852
54483819
54568312
54738125
54805372
54974305
55161605
55328867
55481454
55633600
55803128
55955588
56109071
56277532
56446372
56615107
56768833
56920175
57075053
57225859
57377131
57563500
57752194
57921124
58103909
58273775
58459719
58628653
58782686
58950242
59072719
59222578
59391824
59578845
59784684
59966392
60152504
60338971
60490927
60660675
60840603
60992708
61150686
61322039
61491799
61573885
61661454
61844307
62000534
62131820
62300933
62488978
62624108
62776261
62946050
63132221
63276499
63377552
63497445
63631933
63817829
63970200
64122556
64309681
64427890
64580305
64733867
64834410
64952396
65121939
65308396
65397732
65495520
65681534
65866919
66018772
66187870
66323817
66425315
66594059
66678688
66780780
66968052
67137369
67222508
67408353
67560361
67695660
67881993
68018040
68187150
68339211
68491538
68643898
68781452
68965549
69102749
69253968
69338800
69459694
69628760
69744521
69913769
70102225
70254324
70423949
70576195
70661949
70728496
70914518
71033140
71153431
71304007
71388121
71508066
71592031
71663723
71819282
71989403
72160267
72313650
72431364
72551241
72720156
72889957
72993166
73178263
73347298
73537600
73618403
73805309
73939738
74025239
74213438
74384119
74499828
74653462
74788633
74924403
75110295
75195113
75381849
75533018
75685576
75787339
75939650
76058440
76210381
76346246
76497761
76649466
76836130
77004723
77157427
77343114
77498183
77667231
77867808
77985875
78171864
78340600
78527344
78730433
78850604
79005171
79190856
79364813
79499973
79635881
79720113
79892035
80061866
80247059
80383439
80572067
80723246
80844267
81028350
81149651
81282543
81417557
81610112
81781344
81982548
82168762
82338914
82472878
82659408
82829259
83032887
83184922
83354961
83507384
83659571
83846751
84051856
84239062
84385537
84571652
84723465
84859875
85044846
85147038
85316678
85486634
85655222
85824360
86010847
86202055
86372635
86540910
86676556
86761781
86930065
87116373
87285636
87437544
87624059
87794235
87945474
88097824
88283448
88435848
88621764
88817706
89011661
89180610
89265222
89434441
89637281
89822929
90024338
90211247
90402074
90503404
90622626
90709459
90808997
90978195
91088241
91240239
91392130
91543809
91620609
91754227
91906408
92041528
92130495
92245162
92363149
92467078
92600287
92753051
92822321
92906039
93058572
93161795
93262393
93347355
93533863
93619927
93755302
93940909
94110071
94245464
94332421
94501908
94601633
94770496
94939441
95142726
95296692
95448080
95519925
95669506
95839447
95991040
96165518
96335762
96522367
96692240
96864997
97003168
97187396
97306355
97458637
97610993
97779390
97965521
98117883
98303799
98456942
98608650
98777600
98915459
99084565
99267846
99422545
99556107
99728383
99849566
100017827
100186725
100373180
100475686
100644190
100781680
100863744
100965852
101135387
101289696
101473475
101642478
101829358
101998782
102083211
102184694
102371434
102557366
102643771
102828017
103014098
103183895
103354130
103522195
103607082
103725598
103911557
104098311
104266968
104336480
104435959
104521212
104706317
104858791
104977826
105154371
105306496
105442942
105529938
105698923
105781104
105868740
105950190
106038168
106138273
106307305
106408544
106493135
106594798
106763924
106921190
107090294
107210053
107328528
107413604
107531207
107718287
107907024
108055610
108207951
108292162
108461772
108613239
108715703
108871658
108940219
109058676
109256410
109423805
109541097
109693642
109794867
109879046
110048533
110133336
110234540
110404117
110572865
110707927
110827429
111013486
111168275
111355138
111524704
111645465
111762609
111845906
111930297
112100230
112252395
112438883
112597171
112767667
112902369
113074110
113243029
113429240
113564707
113751812
113936958
114106125
114258156
114410150
114596454
114765652
114918525
115086937
115172937
115364827
115553722
115721239
116125844
116278715
116447356
116599528
116746708
116885057
117036941
117124937
117278125
117378905
117482001
117583339
117734365
117941811
118093284
118194231
118262908
118431284
118606720
118775526
118842814
119011874
119146972
119316968
119502879
119672549
119842902
119997274
120153493
120335925
120490792
120660169
120812081
120982408
121172839
121341257
121524791
121695286
121832139
121949475
122101913
122254603
122390283
122530695
122662367
122833095
123002534
123187844
123375347
123545376
123627141
123814097
123965896
124135285
124304612
124474320
124675572
124845628
124930286
125099806
125251277
125420427
125575728
125746078
125844926
125997304
126165791
126335042
126487348
126639482
126825804
126996157
127183464
127354180
127523489
127709056
127879526
128065262
128234441
128405397
128575236
128745214
128881434
129066595
129235652
129404942
129557751
129693622
129846826
130033258
130167865
130235811
130405223
130472781
130624749
130709533
130861719
131047645
131141777
131320146
131405229
131489408
131624795
131802284
131902935
132089162
132257666
132395642
132477441
132546200
132697691
132868031
132968304
133059543
133231221
133366520
133552855
133688083
133761573
133893802
134064516
134250516
134422148
134594980
134746319
135068026
135238466
135339169
135447132
135564595
135809404
135925535
136094482
136247469
136348255
136433644
136585513
136670095
136806234
136958760
137093518
137165059
137314040
137484646
137659750
137810883
137980684
138149960
138303012
138508503
138660169
138845997
138963978
139116453
139268907
139386916
139471555
139590066
139674703
139826557
139911293
140081389
140268027
140438815
140559519
140694896
140795058
140930040
141067187
141222352
141375504
141561328
141750371
141933673
142089795
142259560
142393345
142561253
142713366
142899951
143068733
143220175
143373529
143443004
143593311
143781367
143950766
144068121
144253715
144440458
144593067
144761145
144930512
145099507
145251457
145403386
145555830
145724681
145894409
146068668
146138972
146280563
146449902
146618578
146771197
146872857
146956908
147109862
147245373
147379921
147499120
147668199
147837489
147972238
148053891
148223668
148325925
148461496
148629942
148799071
148951387
149153986
149340764
149509359
149662593
149784509
149970833
150089613
150207675
150377089
150529566
150664494
150732635
150902499
151037162
151206539
151294523
151434519
151585336
151778724
151912371
152063900
152232533
152384753
152548229
152717640
152804470
152920592
153059015
153160142
153330386
153485214
153656350
153823554
153958009
154059111
154205690
154347496
154517519
154648472
154767507
154935385
155071103
155223177
155360561
155442799
155578162
155664331
155753277
155922696
155989940
156159138
156328670
156412580
156566047
156633000
156720168
156801968
156970423
157057949
157123200
157207674
157292010
157359428
157494817
157580758
157685220
157786422
157870736
157955501
158040136
158192487
158276868
158361193
158531903
158650247
158718148
158802877
158904691
159041446
159210395
159294659
159378974
159480496
159565780
159700919
159776212
159857170
159944469
160059698
160211751
160283547
160433912
160636586
160805167
160888925
160990528
161075494
161177083
161362285
161517685
161601807
161697128
161833691
161917653
162103769
162205138
162325769
162425260
162511191
162578027
162729708
162833505
162949527
163036013
163118668
163206320
163292811
163378221
163479688
163564198
163718224
163871080
164006329
164124620
164210847
164293842
164413108
164533702
164665915
164818704
164970656
165056298
165210176
165326641
165450236
165614745
165733368
165886921
166055560
166172587
166226862
166373573
166509627
166628205
166677876
166758396
166919313
167088053
167255693
167424664
167594240
167748274
167866338
168019241
168187692
168324821
168475065
168628600
168782459
168899885
169051550
169188615
169340798
169508355
169660853
169816698
169972550
170104754
170151527
170293097
170425903
170578615
170681617
170783033
170919965
171103355
171273702
171425262
171577274
171746748
171915787
172102221
172289795
172476262
172666350
172855475
173029257
173213509
173399196
173483463
173567693
173707691
173822637
173906769
174044629
174126799
174215078
174330225
174498869
174583577
174687987
174789556
174873849
175011289
175180345
175281832
175366057
175484369
175552965
175637226
175704452
175856761
175943877
176027713
176112542
176230900
176365604
176467495
176569113
176758663
176839716
176931628
177063348
177148387
177249711
177355212
177442587
177599359
177751782
177903490
177973525
178108573
178194558
178277626
178380192
178515156
178673171
178740589
178864698
178949158
179086203
179171913
179255239
179343386
179479736
179633768
179735177
179819620
179937724
180023252
180107048
180178335
180259132
180346747
180428541
180515630
180684455
180751886
180819453
180920755
181024794
181208698
181292475
181378989
181461183
181547002
181614144
181782623
181869849
181968486
182066090
182149452
182236299
182301865
182389007
182470945
182606300
182691288
182815814
182905227
183001874
183073086
183154246
183241289
183323340
183410467
183508947
183594583
183677865
183764796
183863751
183948268
184049497
184201679
184271942
184353769
184439184
184522715
184608914
184726072
184860185
184962584
185032418
185216233
185300685
185401993
185486470
185571274
185722865
185842820
185927810
186064141
186148772
186221755
186323022
186407435
186508696
186592722
186744997
186913665
186983878
187066166
187152762
187252170
187337747
187421639
187573534
187644160
187742608
187843914
188035747
188120090
188238343
188326307
188424359
188525615
188609869
188694661
188778947
188863885
188947751
189048917
189133116
189218034
189339406
189437955
189523782
189606834
189692545
189775999
189861256
189944468
190030228
190130483
190282516
190367787
190451385
190552805
190655428
190739969
190824210
190944103
191033320
191180578
191316222
191485779
191605766
191690380
191846748
191964287
192033354
192134199
192260711
192413171
192513986
192614882
192716409
192851519
192921371
193003750
193078002
193174842
193281224
193382436
193534518
193703493
193872524
193957082
194041694
194142997
194245045
194379905
194531760
194617701
194717761
194802164
194886702
194971603
195072551
195215117
195300533
195384112
195488629
195606363
195724248
195809613
195893519
195979734
196062323
196163730
196264861
196403368
196475043
196555812
196644875
196724301
196792191
196910713
196996157
197079210
197165114
197265249
197366581
197450916
197569562
197658436
197790013
197890611
197995435
198076567
198164692
198262064
198347980
198431263
198616501
198785316
198871000
198938373
199024414
199107279
199178459
199275882
199347348
199495689
199613854
199700698
199782850
199901188
199985521
200087511
200155355
200240499
200308850
200392894
200477333
200629686
200781437
200933187
201101614
201188408
201272725
201339881
201424739
201526646
202089576
202276294
202429756
202547028
202714517
203279405
203430656
203599064
203770347
203936970
204091090
204226183
204341959
204496407
204631868
204765067
204818649
204936139
205079205
205197640
205349978
205486880
205637435
205773336
205908129
206043605
206195956
206332566
206483146
206637120
206787604
206924324
207059537
207204236
207322105
207456975
207625755
207761403
207864558
208016905
208184181
208321577
208454974
208614632
208775663
208879611
209012992
209174595
209351323
209520560
209698132
209827996
209998647
210166825
210321199
210510766
210667661
210836280
210969065
211149706
211312233
211516305
211719310
211871211
212058315
212283231
212397703
212606250
212809528
212994544
213204338
213372813
213559072
213746134
213897304
214100455
214325567
214458729
214679311
214833439
215005073
215203146
215356930
215542419
215679830
215880163
216100315
216288242
216474464
216609630
216812142
217015119
217218974
217403938
217624197
217793251
217996571
218165610
218356829
218525702
218698817
218867123
219035787
219205120
219373687
219509059
219595771
219798659
219919137
220016873
220118790
220257551
220440886
220557999
220778678
220912467
221030729
221132974
221233937
221420250
221609228
221707429
221808611
221966560
222151895
222290335
222439293
222628918
222742836
222827969
222929210
223013957
223115583
223305259
223474549
223658892
223812697
223910391
224097995
224198246
224300383
224452256
224621207
224790456
224996729
225127881
225242330
225347380
225445110
225647739
225799939
225884564
226002724
226193089
226341077
226495750
226681921
226783738
226886050
227003012
227081386
227182409
227351281
227452728
227557970
227706618
227858886
228044922
228201303
228302223
228386786
228556281
228746037
228894357
229063504
229216449
229385704
229520247
229628689
229821312
229936521
230126739
230325139
230427402
230548187
230668298
230810724
230907412
231110506
231211233
231296270
231448326
231549269
231633587
231768645
231871542
231955817
232124358
232310448
232479304
232613980
232751845
232854659
232937229
233027717
233111574
233212714
233297676
233399022
233484047
233692797
233825674
234031863
234180825
234370897
234484696
234673683
234859868
235011552
235219490
235332918
235417735
235556319
235671544
235757114
235857718
236028757
236130791
236221252
236339831
236425584
236610835
236814586
237017263
237236659
237388563
237473842
237676723
237839486
238008363
238211325
238413983
238583520
238702176
238806980
238949199
239138387
239253004
239354789
239459623
239651886
239855863
239956891
240075624
240163685
240295572
240407079
240514636
240626829
240744585
240830218
240948425
241050296
241152034
241253629
241456031
241542662
241658721
241813491
241932190
242016841
242243453
242345173
242532605
242721579
242870310
243091136
243306864
243509908
244000027
244088215
244203234
244428411
244560294
244746275
244915081
245104571
245236460
245338032
245461766
245681313
245819062
245938126
246139816
246342675
246427784
246633254
246802418
246974294
247151224
247365648
247518883
247619961
247755217
247874795
248079358
248281883
248467378
248636493
248841348
248957303
249145113
249306845
249469015
249594925
249712999
249868378
250037777
250206897
250374928
250526720
250660175
250795591
250982182
251100727
251169169
251320770
251507679
251669161
251837748
252023395
252092230
252261102
252415052
252615666
252784830
252925862
253092278
253265478
253467234
253645860
253821050
253971305
254125959
254299354
254478063
254651183
254805430
255006001
255180233
255228738
255347338
255567959
255719837
255854871
255975291
256109289
256228084
256397492
256548369
256651210
256839405
257008853
257176980
257326939
257497779
257699334
257885104
258093723
258314636
258483419
258669455
258847019
259041503
259230912
259414310
259615694
259818877
260040924
260226851
260432683
260650058
260855236
261041290
261195120
261380909
261566834
261787719
262005989
262210473
262312213
262514422
262700915
262886442
263055567
263191199
263378257
263581773
263795303
263987515
264102515
264278240
264500738
264701075
264903775
265101327
265236949
265440114
265644164
265846841
265999771
266185321
266358791
266546484
266696511
266884902
267085549
267271519
267492811
267644387
267846982
268017089
268205883
268412097
268595058
268696436
268851523
268970641
269176329
269382869
269586704
269809106
269994686
270129800
270354963
270575223
270798050
270914020
271136655
271355249
271563698
271733520
271903003
272122628
272327862
272528602
272731681
272933937
273137688
273344714
273527891
273629395
273833247
273968370
274120953
274325534
274539970
274690386
274861805
275049066
275249578
275351379
275556981
275791510
275960421
276146354
276332043
276552961
276741668
276942671
277128365
277351703
277555088
277751784
277922461
278110355
278479719
278682685
278870351
279093221
279228248
279448611
279566853
279771059
279977145
280158162
280315479
280463769
280651853
280856359
281009893
281213552
281417864
281620518
281789055
281975453
282182844
282352053
282499863
282720053
282922947
283074687
283261185
283447590
283657130
283826777
284016980
284203344
284407101
284609139
284778338
284981271
285138080
285290490
285441631
285645377
285780485
285934937
286105592
286275575
286446059
286631054
286770142
286969673
287139169
287358626
287561856
287765523
287919610
288088632
288240619
288444158
288544928
288747474
288934150
289121019
289323328
289478588
289647000
289808284
289998148
290198727
290417900
290621792
290791343
291013018
291183758
291398957
291602026
291772572
291974337
292126189
292228651
292348531
292551678
292755744
292975730
293214471
293431923
293634622
293859459
294058578
294257427
294390272
294541664
294727931
294863290
295049200
295153958
295356551
295576718
295764102
295933764
296135783
296338864
296524975
296729679
296880742
297084669
297287887
297476997
297627224
297814664
298015178
298153439
298336322
298524265
298727520
298832597
299031885
299235571
299456633
299556669
299725833
299929799
300135600
300304479
300507881
300625563
300814126
301034779
301206782
301375517
301580150
301734208
301954330
302160510
302380309
302591036
302811146
302963751
303183139
303318505
303504737
303691338
303842701
304012638
304232599
304367922
304486288
304609287
304777024
304978441
305165575
305352915
305550484
305753557
305963384
306132190
306266746
306453465
306642794
306844552
307058161
307227756
307379070
307517311
307633239
307768500
307988888
308208784
308293315
308411384
308581226
308785094
308988341
309175179
309275009
309487646
309707869
309896170
310065541
310235322
310435140
310621086
310723285
310912540
311046083
311252585
311385219
311589112
311777820
312032305
312201356
312354116
312547143
312750397
312956195
313089467
313276685
313412999
313598743
313804431
313922821
314145921
314328195
314547097
314735303
314905759
315130320
315321149
315523615
315719032
315920429
316107356
316335585
316503565
316654887
316840426
316999828
317203221
317321915
317457664
317664187
317766166
318014627
318133573
318303241
318527164
318746890
318905690
319103475
319206501
319392114
319598710
319767444
319978705
320195061
320399185
320611618
320797140
321003243
321190333
321376180
321563603
321782469
321988120
322206300
322392641
322562822
322735639
322888936
323111211
323314908
323485078
323648866
323868587
324074817
324244245
324430150
324648302
324868603
325091256
325297976
325486975
325655802
325831802
325938922
326161946
326364924
326573553
326760498
327015550
327266341
327470012
327679059
327898903
328118044
328304961
328474437
328677985
328903120
329085908
329275288
329464118
329667367
329910626
330062451
330234242
330402487
330617384
330737679
330945716
331117097
331321421
331504474
331675033
331823630
332049104
332268343
332505937
332763736
332967727
333172836
333345260
333553146
333767541
333991478
334160728
334368886
334489493
334642411
334782563
335004043
335207566
335360982
335548858
335700347
335928438
336116944
336317143
336519644
336659679
336877006
337049206
337287818
337514508
337700844
337921345
338073617
338243721
338470165
338683087
338799320
339022052
339225957
339411035
339598820
339818220
340022028
340226241
340447819
340565050
340666647
340889540
341108127
341260026
341446639
341633446
341853414
342040116
342175992
342378484
342597884
342754743
342937384
343143287
343346419
343500854
343685323
343842310
344029080
344215407
344401404
344606916
344759648
344946085
345165164
345335493
345504730
345645848
345861872
346067432
346255018
346373642
346561810
346765435
346968914
347206416
347375566
347544273
347730505
347933866
348036608
348154334
348344130
348513193
348665314
348852170
349021719
349240542
349392804
349596208
349809270
349970261
350089414
350309507
350498759
350684910
350919744
351120837
351257867
351467292
351654559
351823945
352014266
352237165
352408229
352611514
352746117
352949446
353118708
353306113
353474242
353677201
353796252
353964349
354151602
354322382
354493012
354693010
354891400
355112987
355315407
355501387
355661799
355887854
356057067
356226687
356442382
356662169
356865374
357034812
357220898
357416628
357549910
357755771
357938823
358107840
358293887
358464244
358652447
358855560
359040995
359144480
359283057
359453572
359637537
359865362
360067489
360253502
360421991
360626448
360778802
360948056
361138110
361295744
361464541
361616798
361821634
362010107
362143329
362329859
362516932
362685588
362887616
363091070
363229735
363433098
363639176
363826033
364028937
364216754
364404407
364572966
364707640
364895580
365084834
365254915
365421983
365622363
365825232
366011889
366164160
366383922
366553641
366724480
366930259
367139722
367323335
367479376
367697201
367917026
368120525
368326430
368458613
368664494
368865882
369068614
369254911
369458091
369661532
369865857
370035829
370221439
370340171
370509550
370699628
370899061
371085069
371261000
371363661
371498701
371705677
371892336
372080667
372282967
372484009
372687718
372890037
373025602
373231446
373435788
373605581
373781847
373963050
374167503
374336678
374522938
374726532
374895654
375083303
375289611
375491743
375695094
375898616
376101915
376305759
376441883
376651067
376808334
377013926
377247983
377416590
377534863
377722163
377912122
378080704
378269409
378472517
378674984
378883818
379083483
379286974
379514294
379668894
379878928
379980977
380200625
380371611
380558392
380730874
380950886
381171398
381374915
381578627
381783035
381916699
382105046
382291564
382511669
382730424
382934978
383176905
383380905
383568393
383770684
383956884
384126484
384312631
384532090
384735691
384887800
385072983
385259269
385467001
385653845
385823425
386011604
386198828
386373605
386553885
386709212
386909204
387097193
387300241
387504579
387672543
387875528
388063524
388264215
388434295
388619414
388842942
388944877
389164918
389351387
389537306
389741126
389910605
390043949
390213000
390416311
390619416
390822126
391025507
391211935
391397326
391589423
391774384
391954332
392105240
392312858
392513453
392598149
392809882
392980257
393101427
393287884
393456701
393558469
393761200
393931022
394127434
394331896
394537633
394764983
394915268
395053379
395253456
395355318
395562395
395730274
395932642
396103136
396241497
396342958
396545090
396750708
396920690
397090327
397272220
397492889
397695817
397868313
398071771
398260751
398448870
398631261
398850997
398969876
399173154
399310274
399511771
399715753
399920730
400107633
400225269
400411432
400604531
400808021
401027987
401213874
401416895
401568907
401755023
401959233
402127445
402331022
402519430
402720157
402923529
403060210
403246026
403381759
403484617
403687020
403859914
404062170
404181354
404368625
404587064
404773281
404976373
405146100
405281835
405501816
405706184
405913757
406112710
406298768
406510627
406714249
406918646
407121471
407325329
407527783
407748366
407953266
408124712
408336625
408438974
408592483
408798479
409014482
409201617
409412312
409598954
409785279
410005644
410174939
410368403
410567360
410788302
410991087
411177620
411347386
411566097
411752493
411938447
412141418
412344973
412531023
412717389
412887410
413075024
413275146
413478760
413582941
413717111
413923777
414122876
414292484
414478846
414665207
414884240
415070479
415223361
415426670
415614767
415799691
415917507
416122675
416305482
416474625
416631644
416800217
416999465
417169279
417338745
417542160
417710925
417897099
418084080
418304006
418510529
418695056
418815160
418984291
419174528
419372738
419592634
419778624
419998566
420187484
420357322
420555951
420760350
420945848
421164936
421334307
421520418
421709673
421893340
422095819
422233703
422369662
422573367
422791728
422977565
423146286
423332717
423418324
423621602
423830244
424016570
424185282
424371200
424574581
424778667
424933911
425133667
425338421
425507289
425709713
425879515
426099870
426319882
426405047
426525431
426745792
426950187
427138691
427237689
427424779
427542437
427711953
427829808
428034337
428235658
428408369
428526292
428628712
428796812
428983551
429140718
429309192
429480656
429615492
429776697
429939367
430108687
430278832
430430027
430552761
430720100
430903705
431056733
431242605
431361238
431513261
431719428
431888198
432073188
432242507
432380466
432535953
432700183
432834497
433004269
433177155
433359796
433527915
433647835
433800709
433968155
434056456
434239518
434427995
434597270
434797176
434999958
435153661
435372722
435595410
435784962
436002928
436171939
436324612
436528337
436698437
436900968
437121369
437310185
437510354
437683570
437886206
438072151
438275133
438480402
438581096
438735140
438937610
439157645
439347892
439497888
439716303
439919097
440139344
440324888
440531111
440731364
440951037
441137213
441340238
441492459
441697116
441872583
442065639
442234027
442431954
442617887
442787190
442973598
443193675
443396133
443531427
443717003
443869684
443971375
444173542
444344716
444464122
444682842
444885338
445054661
445257513
445461674
445680781
445866322
446018681
446204803
446340090
446543384
446711383
446914597
447066371
447269160
447407821
447626613
447795705
447999655
448223823
448430517
448566209
448786002
448908283
449094404
449296649
449482874
449672683
449891911
450094668
450271068
450422637
450612643
450800461
450969528
451121048
451340124
451509895
451695531
451903877
452033512
452240194
452439389
452642130
452810925
452996451
453165566
453368002
453503302
453672726
453875527
454010803
454179794
454399613
454551523
454754270
454907438
455113759
455312519
455498505
455634753
455836177
456025445
456228331
456431075
456652489
456769287
456955882
457124360
457330088
457500249
457740800
457893204
458079358
458251235
458385213
458554418
458757178
458942648
459162711
459365992
459521179
459726250
459898408
460101119
460289846
460446344
460582988
460805617
461025826
461248587
461435016
461655876
461874770
461992849
462179688
462365380
462534706
462737933
462906369
463109998
463311464
463531176
463683346
463786856
463987873
464174095
464376819
465011904
465218497
465407279
465591974
466410272
466598985
466785087
466963276
467120252
467316429
467519440
467680180
467831422
468002369
468144247
468323166
468476481
468647134
468797316
468955895
469135190
469273608
469392817
469566109
469746951
469902461
470037020
470208326
470392049
470534388
470718459
470871874
471042279
471198156
471334054
471500736
471682201
471853401
472022323
472148543
472285337
472464852
472591499
472774767
472931646
473116843
473292346
473438011
473521541
473689977
473808149
473980515
474166353
474301168
474488476
474690946
474812345
475032418
475139285
475337395
475457685
475632094
475836173
475990957
476207381
476378064
476504763
476652502
476845437
477060185
477271787
477494436
477720021
477883820
478082961
478270497
478407419
478575819
478730604
478902727
479085291
479240058
479424790
479579128
479763553
479949972
480067480
480256526
480405326
480556877
480709690
480878128
481049846
481201900
481387737
481611127
481827627
482013145
482181701
482333599
482520571
482672491
482809061
482964646
483163271
483318686
483488113
483706562
483925975
484060804
484233219
484407398
484603655
484797882
484983733
485119069
485288555
485509065
485661097
485884295
486086286
486282877
486437848
486559048
486760755
486980891
487167099
487352943
487522206
487674652
487877457
488064575
488182602
488370780
488557839
488725236
488894347
489071871
489223940
489409911
489578591
489747860
489968598
490186943
490389982
490593464
490712154
490914127
491116941
491306873
491506064
491715013
491901099
492121066
492307176
492526313
492712970
492850617
493034305
493195014
493351681
493520593
493693368
493893933
494106190
494291704
494394023
494477466
494630031
494816370
495035781
495188732
495374791
495509236
495694818
495880950
496070297
496294151
496447908
496600624
496786210
496988282
497190741
497343291
497548104
497733356
497954249
498156165
498375569
498578998
498784857
498968372
499125337
499340374
499543398
499729212
499932521
500160009
500374165
500560482
500763955
500899002
501102533
501305198
501511331
501730560
501927645
502130413
502350008
502569840
502778010
502969595
503155503
503376177
503565109
503764049
503966800
504139135
504365066
504588327
504787766
504956473
505142644
505345853
505566848
505668690
505837514
505989570
506175845
506395339
506601647
506821508
506975046
507092663
507244019
507362430
507583011
507751913
507955305
508124202
508293743
508495997
508710619
508913860
509082885
509252064
509454792
509623906
509830520
509999808
510203217
510388883
510592488
510778019
510964268
511169467
511338535
511524078
511677582
511847488
511982742
512085657
512169561
512338846
512497319
512667321
512826106
512974006
513099994
513252472
513422892
513586863
513720294
513923400
514076157
514228313
514363490
514515243
514685491
514854191
515023606
515210736
515264835
515413859
515565786
515701156
515859968
515975408
516129105
516314287
516438046
516590747
516770616
516939140
517126693
517312640
517482395
517670654
517786632
517973370
518159379
518348645
518516987
518668516
518871344
519030046
519230498
519466634
519619238
519804915
520009828
520197211
520398500
520600789
520804629
520973299
521177726
521400922
521570748
521774051
521942395
522096562
522297141
522487756
522690286
522875760
523062172
523268768
523451492
523606315
523789514
523923402
524126653
524324371
524510247
524679843
524900463
525105510
525291290
525481283
525679557
525899611
526085357
526255090
526440206
526643433
526865334
527068851
527220724
527390142
527513997
527711495
527881288
528100358
528321178
528508648
528697289
528812252
529015724
529214254
529313259
529498830
529722870
529905825
530062446
530261484
530466976
530619603
530805556
531027913
531231316
531333744
531504163
531656131
531860336
532068274
532274084
532457522
532641170
532827787
533030360
533199394
533402511
533623998
533831173
534026519
534182978
534368596
534555898
534693323
534862744
535031857
535253286
535440416
535661698
535865531
536082821
536296963
536498972
536702121
536923112
537061812
537277142
537463282
537667935
537871568
538041253
538246454
538415617
538605518
538709781
538912276
539124886
539327248
539547200
539717342
539887361
540091008
540278691
540413106
540615332
540835037
541004268
541190272
541292978
541512110
541715395
541872303
542041555
542195306
542364283
542566812
542752432
542905454
543091830
543212898
543416171
543603166
543756201
543958814
544180468
544367143
544568439
544754667
544907960
545075663
545263081
545414525
545600882
545820712
546042548
546212987
546381613
546601721
546804456
547007646
547212248
547418731
547550618
547705705
547909487
548078675
548266788
548450973
548654028
548857108
549044726
549229959
549452714
549603349
549822712
549976059
550132713
550331210
550517172
550737348
550941571
551128360
551329358
551532479
551769719
551939606
552161739
552363359
552549640
552735879
552904346
553009148
553193050
553364862
553534488
553737695
553945109
554134026
554354929
554541638
554725273
554946758
555081635
555302052
555521216
555673581
555859605
556080001
556299229
556502015
556722576
556959333
557146658
557362290
557577239
557746798
557898449
558111722
558300169
558500164
558702901
558923941
559024670
559214904
559418734
559622591
559807785
560027436
560180194
560367275
560504537
560604040
560773522
560928646
561097274
561233187
561384929
561607401
561762248
561940217
562143242
562312646
562516193
562634125
562820513
562955747
563142414
563314406
563522382
563708086
563878076
564082014
564253188
564472203
564640886
564818413
564956031
565124895
565313405
565499373
565702261
565888079
566058424
566226839
566413013
566600798
566804614
567005598
567157639
567311862
567514501
567700910
567803733
568023091
568226598
568414009
568564372
568751355
568954674
569166734
569368861
569504955
569695107
569865507
570032621
570249295
570453215
570656781
570824991
571012303
571181699
571367789
571568952
571755004
571894894
572094739
572280228
572485728
572636997
572790161
572976753
573145650
573332494
573551773
573720922
573839364
573992405
574111028
574297346
574500277
574587175
574774851
574924043
575008926
575211040
575431579
575602097
575803803
576008774
576193236
576414547
576601293
576769641
576989044
577147226
577345104
577548416
577733711
577923223
578143693
578313664
578516832
578736348
578922933
579026374
579228465
579414579
579617313
579803699
579904695
580091318
580293558
580464998
580634665
580839173
580990613
581176540
581395879
581599668
581768505
581937838
582140784
582310124
582498144
582700685
582871029
583038033
583175585
583311249
583498500
583684015
583904471
584073962
584242952
584445378
584649069
584851094
585054451
585241762
585427984
585616256
585749302
585935777
586125519
586326825
586466149
586668719
586770189
586976628
587177163
587329476
587485279
587668341
587871488
588091632
588226992
588413232
588599271
588785527
588972223
589158333
589377886
589529542
589687892
589803761
589989373
590195486
590395181
590598364
590768347
590920713
591106407
591293389
591495830
591613862
591816770
592020927
592226337
592460141
592617804
592820654
592989982
593194579
593397114
593586430
593785672
593989941
594188653
594391795
594579148
594679668
594872899
595093158
595280496
595498633
595701992
595872522
596075703
596264546
596468114
596658137
596840764
597059491
597245797
597465893
597674064
597874060
598077990
598281226
598432864
598653755
598823012
599029867
599211220
599313283
599517718
599718771
599888627
599973853
600198184
600387456
600570247
600756917
600909667
601064132
601233284
601348634
601536947
601704881
601891561
602060806
602249639
602433096
602636615
602839170
603042661
603212482
603399138
603584546
603773193
603923920
604142863
604346067
604515596
604684492
604887334
605091410
605299256
605470266
605584773
605788176
605926913
606151204
606368302
606575774
606780734
606986299
607187225
607328247
607517010
607716856
607922726
608038883
608225395
608411608
608547690
608716354
608818581
609040392
609209332
609410373
609579611
609682226
609900849
610088755
610291847
610506323
610692338
610879287
611084834
611267309
611457825
611626842
611795803
611981734
612167870
612353930
612507016
612692513
612878661
613047654
613236218
613354662
613574716
613762553
613896112
614015666
614184137
614323901
614523953
614708783
614913500
615099967
615303616
615471978
615658057
615860983
616063446
616283834
616469684
616621739
616791688
616892894
617096101
617199760
617385774
617554450
617756448
617959772
618163524
618366005
618557011
618742633
618825563
618995223
619198551
619350373
619537065
619671682
619841375
620026782
620213108
620383033
620590721
620760352
620945816
621079848
621181567
621367452
621587847
621778563
621978937
622182012
622403338
622606081
622808468
622995848
623199202
623401551
623554351
623777618
623946869
624065060
624234036
624398881
624584939
624788668
624956463
625160644
625312819
625482153
625653497
625856339
626048770
626266847
626435369
626621258
626791040
626926162
627130441
627331924
627486459
627671820
627857664
628061308
628248232
628365966
628553125
628744258
628929761
629098830
629268139
629487598
629707767
629876958
630086556
630272373
630408148
630628826
630827436
630943241
631130208
631335304
631467791
631654590
631843394
632012133
632196054
632380901
632601378
632787202
632944146
633097520
633231919
633452823
633673262
633894287
634113908
634334645
634485734
634572608
634707366
634925999
635078829
635271276
635492910
635594636
635781002
635983674
636187462
636356788
636560678
636746573
636847595
637033643
637220001
637442470
637612547
637829979
638014952
638120328
638320076
638457676
638658534
638797143
638966250
639149131
639335428
639543527
639712947
639898346
640101628
640306589
640440702
640643923
640815149
641015759
641116714
641339537
641541072
641692666
641861093
642030744
642250451
642436893
642589193
642776427
642980300
643183923
643387252
643559320
643762039
643964999
644169068
644339525
644493096
644696611
644902125
645102881
645271932
645492373
645594795
645732883
645955468
646125265
646311564
646481358
646649946
646819946
647006043
647174677
647394591
647598534
647800115
647989224
648209134
648361575
648531087
648666628
648836819
649022967
649209395
649377893
649564112
649784432
649989630
650207592
650410509
650613227
650800048
650952019
651138573
651346319
651547570
651734236
651936497
652106531
652275443
652461312
652681794
652866382
653037270
653188834
653375241
653577705
653764321
653971072
654140207
654275435
654444377
654631105
654834100
654936994
655158943
655328713
655514575
655700952
655870005
656056641
656225374
656430088
656620573
656818287
656987476
657174066
657296544
657495404
657682771
657803353
657885898
658055576
658224375
658428846
658563606
658733389
658902592
659105273
659257764
659375819
659545349
659731857
659917017
660104227
660257450
660408168
660627797
660797265
660949619
661135829
661360046
661531386
661748437
661934077
662153702
662305843
662493060
662645694
662866161
663054355
663254977
663458413
663627793
663847617
664017306
664185907
664390112
664611765
664786693
664989846
665193275
665378979
665567018
665719528
665906789
666115780
666230029
666315378
666517724
666621958
666839158
666979974
667078072
667263945
667467655
667620579
667808282
667995162
668144491
668333187
668533242
668737211
668871552
669058091
669160199
669312428
669481677
669667786
669837654
670027229
670198267
670413569
670616302
670820757
671006338
671175481
671394398
671581148
671778925
671948432
672168483
672371902
672524948
672746031
672861264
673065065
673254107
673437357
673538513
673762843
673962063
674130620
674317661
674470688
674622510
674723635
674859453
675028546
675163955
675333530
675519875
675739676
675891974
675977402
676077982
676248265
676433914
676653362
676855906
677025528
677178923
677398802
677568563
677704531
677907340
678113483
678264837
678468486
678654536
678842658
678993883
679183417
679365291
679535423
679737196
679939777
680160214
680347690
680516028
680599663
680788052
680974581
681110199
681261981
681432671
681634470
681786202
681956160
682176145
682379734
682598414
682818831
683021374
683224157
683428923
683612713
683781448
683984653
684153933
684357401
684545831
684732483
684938736
685108036
685340842
685494220
685646097
685832483
686017828
686203527
686389431
686558684
686711869
686914265
687100197
687269412
687456051
687659846
687816590
687999517
688184805
688354028
688528383
688730936
688936932
689120961
689358848
689532563
689702182
689921598
690092780
690294866
690498922
690684705
690872974
691053090
691236420
691405253
691590882
691744570
691899700
692083955
692238913
692412296
692563938
692748640
692919597
693087463
693270808
693457157
693627816
693830692
693950570
694103839
694273688
694473760
694643439
694812635
694964634
695134589
695303861
695472770
695630647
695764138
695934039
696085665
696255094
696424721
696593511
696796645
696999366
697162455
697335078
697518775
697687714
697907365
698127471
698329634
698518863
698718327
698904026
699090510
699174519
699343632
699532733
699631092
699816778
700002645
700189220
700359165
700562075
700781625
700984906
701187866
701373732
701564245
701747783
701948373
702117411
702320571
702489884
702709349
702931158
703116624
703285570
703505077
703708224
703861311
704063478
704215762
704419084
704623929
704841953
704976915
705145771
705331185
705534069
705685946
705872204
706041113
706210347
706379819
706565505
706785080
706920075
707130525
707321206
707518972
707689991
707847386
708001599
708200107
708419766
708588152
708776423
708944925
709147325
709282587
709468454
709671314
709862881
710034200
710232185
710333614
710554578
710723410
710908502
711111340
711298298
711467400
711658486
711827207
711995795
712199312
712351095
712523932
712692798
712879692
713030797
713216623
713408489
713559499
713745640
713880633
714103481
714323040
714491937
714614186
714796981
714965851
715167525
715369959
715588918
715795341
715944406
716134402
716303059
716501905
716687688
716823904
716958125
717147162
717346055
717515151
717684170
717903727
718089478
718291866
718444364
718647451
718836601
719006458
719121747
719265537
719453439
719655513
719807604
720030607
720200995
720400016
720569370
720726073
720927349
721112648
721315793
721501984
721704573
721856622
722062881
722278510
722448701
722651109
722787335
723011718
723147394
723315955
723503539
723706648
723930639
724060755
724266900
724486897
724655933
724841962
725061459
725264499
725467693
725652463
725839144
726047178
726232848
726452375
726656194
726857856
727045264
728120787
728330654
728500383
728683133
729515575
729691389
729825008
730012519
730189800
730372006
730556381
730728381
730916502
731094052
731276231
731457642
731626167
731770084
731929622
732084886
732168572
732336549
732510115
732645161
732817482
732998885
733137253
733286293
733465182
733615398
733786974
733971072
734091388
734260780
734379194
734548302
734723213
734887721
735062073
735236226
735364168
735518470
735702016
735789492
735980848
736136302
736314613
736465970
736610090
736747172
736881431
737086194
737254225
737412754
737540197
737676407
737879066
738086318
738239029
738397358
738532303
738769095
738921287
739107586
739311848
739532509
739718261
739919875
740140236
740299600
740505167
740705085
740824604
740992959
741183992
741365779
741466489
741618946
741720010
741906486
742028331
742150883
742352488
742541996
742725384
742910108
743079586
743248324
743467738
743653831
743840031
744026127
744232759
744431840
744636243
744822323
745024717
745248915
745397338
745586821
745770302
745988582
746123304
746325691
746461742
746646724
746851686
747055431
747224248
747427429
747596005
747785480
747969436
748170300
748343578
748513989
748716255
748918563
749122194
749325612
749495514
749612920
749748437
749866939
749989981
750137556
750273179
750476706
750649181
750818456
751022840
751122693
751308421
751443555
751629779
751833622
752037110
752221841
752423899
752609804
752812505
752998385
753136391
753356163
753559872
753744602
753897845
754031867
754236038
754420588
754561399
754728706
754944670
755147605
755333555
755536190
755722180
755926372
756110597
756267531
756442430
756642644
756795166
757014428
757182990
757365014
757567866
757770819
757990810
758133742
758302462
758450663
758602271
758788516
758940264
759109328
759296013
759430577
759616845
759803780
759972929
760163184
760361460
760532399
760737185
760929811
761117979
761286957
761489718
761696638
761865644
762065055
762235096
762336270
762471823
762691657
762895899
763080621
763300453
763486213
763689633
763791131
763979125
764147804
764334115
764520493
764723259
764893535
765082279
765251647
765442563
765627670
765781828
765950186
766152202
766338043
766524325
766727093
766939469
767144155
767327961
767515434
767734211
767937328
768123580
768343424
768554660
768706359
768828415
768977609
769132237
769305375
769477223
769629090
769780978
769933638
770103544
770322469
770528637
770713443
770830651
771036458
771252413
771438614
771590596
771795781
771964687
772133890
772336973
772539973
772760360
772899291
773098344
773267387
773386134
773575226
773792069
773961487
774149093
774318146
774488290
774657432
774825875
775014032
775103478
775286163
775449774
775591505
775761190
775895779
776064976
776234268
776404337
776572907
776675345
776844435
776997294
777132837
777284057
777438102
777612680
777765261
777950691
778120158
778326077
778493358
778662800
778817060
778949484
779103466
779204089
779341132
779498188
779660375
779831244
779954935
780134803
780286540
780458870
780625425
780798400
780968422
781137570
781289930
781428781
781611177
781813519
782016778
782209523
782395937
782597679
782785837
783004562
783211333
783363126
783531998
783737060
783904703
784124379
784327518
784547204
784751092
784955652
785140080
785278641
785494562
785663565
785815795
786034950
786237673
786355958
786558284
786745576
786846189
787048378
787150971
787307852
787488633
787690921
787904197
788106786
788259120
788479311
788597517
788800810
788986713
789190042
789375011
789564422
789786744
789955780
790142189
790328044
790534247
790734101
790938200
791124805
791260328
791430815
791616345
791769065
791921546
792090017
792243086
792398599
792549014
792771201
792991653
793194476
793364135
793567147
793756393
793925299
794125045
794345263
794531333
794684993
794909309
795116982
795315451
795469456
795655898
795825759
796012186
796147043
796349670
796535775
796755932
796982786
797131124
797304567
797507230
797692836
797879776
798000972
798217986
798387012
798581701
798784504
798971259
799123773
799326473
799488983
799659645
799861923
800050071
800198767
800418356
800520598
800711735
800900617
801082839
801304078
801455467
801664968
801834826
802021205
802206051
802409891
802544629
802680590
802832872
803036578
803205415
803392167
803603492
803823147
803925070
804144342
804347941
804535091
804703603
804906964
805109988
805329425
805515683
805718587
805854591
806011092
806227150
806363197
806548576
806769140
806954993
807158613
807259685
807394899
807548034
807767246
807906491
808109478
808279074
808448893
808668349
808877099
808994242
809163287
809351640
809519873
809621761
809812570
809998613
810218011
810406401
810556327
810725974
810945231
811098984
811253768
811427332
811559573
811728653
811915758
812085201
812287363
812405654
812613681
812781714
812981958
813134470
813336952
813489725
813692743
813883706
814054569
814241223
814413824
814617326
814822278
815023436
815243303
815411870
815582519
815802633
816022642
816225011
816345848
816563777
816751797
816938929
817124045
817276475
817481065
817682949
817902055
818088440
818291965
818463844
818666278
818835347
819045952
819282886
819502126
819721407
819927202
820162320
820346987
820516240
820702125
820804138
821014738
821218208
821421481
821626521
821795588
821967049
822169541
822308685
822509287
822711860
822915268
823084228
823270686
823474660
823662434
823880005
824083015
824171727
824371043
824574030
824691823
824876193
825101114
825204949
825405327
825591521
825760463
825980704
826201215
826420200
826625723
826760367
826979954
827149382
827357764
827528270
827646023
827852592
828038029
828207688
828411364
828630548
828850335
829019464
829205488
829409393
829562428
829765233
829952567
830137061
830255889
830375853
830509537
830678785
830881506
831084472
831254808
831446615
831616913
831768149
831990219
832190465
832393713
832596773
832802937
833008568
833106677
833259843
833462515
833631465
833820415
833989812
834141049
834328594
834564229
834784994
834988384
835157152
835327624
835530956
835631476
835799471
835985925
836104243
836291210
836496826
836617885
836819444
837015932
837228582
837436932
837617321
837831318
837936100
838153886
838322642
838509472
838712269
838881397
839101604
839288023
839440221
839646828
839795577
839998456
840201317
840422698
840575076
840777645
840930273
841150301
841353210
841558364
841744458
841964839
842134248
842304183
842507129
842625350
842800620
842985547
843188917
843409446
843613277
843719122
843868336
844070246
844226466
844443746
844642283
844811487
845014346
845234908
845423877
845623333
845827266
846013223
846233296
846380030
846582546
846800779
846969986
847143531
847346174
847548631
847751691
847975311
848158447
848345002
848508026
848665930
848863823
849003425
849218952
849422187
849642911
849848356
850017576
850218377
850372769
850559041
850745582
850981146
851184846
851375483
851590648
851793633
851997375
852201798
852352821
852525526
852731267
852847344
853050634
853263279
853432128
853636859
853823735
854009102
854146536
854365920
854552022
854704263
854909605
855083189
855265101
855453313
855673643
855810582
855995816
856216408
856386495
856504248
856607346
856822755
857022135
857225672
857360570
857569514
857737896
857941025
858168566
858372122
858590895
858777399
858981114
859166397
859352757
859556523
859691671
859913544
860083541
860322303
860543080
860745467
860846685
860949397
861152682
861356810
861559801
861779370
861966527
862069063
862255945
862426178
862608697
862767926
862936967
863119629
863343704
863495840
863698981
863919621
864105616
864307730
864528807
864698201
864850868
865053610
865222543
865392165
865583283
865751400
865903677
866106900
866310056
866499701
866685425
866854855
867040361
867192304
867328451
867552071
867738412
867874739
868011393
868224667
868411676
868615949
868823913
868993551
869111413
869264087
869467311
869653079
869839246
870027317
870213150
870365819
870569571
870770205
870956659
871143664
871312004
871516586
871651921
871857415
872046230
872248244
872467083
872568056
872791076
872991402
873160391
873312584
873499470
873719875
873839098
874024418
874179403
874365442
874551495
874721696
874906540
875076403
875262303
875449057
875671090
875888833
876086109
876238229
876443246
876629756
876781674
876967623
877171783
877359100
877561112
877763361
877899068
878000348
878224709
878396368
878596713
878766627
878969688
879138465
879324596
879544472
879696214
879919069
880118637
880257360
880441077
880643241
880846657
881050336
881219041
881422221
881612836
881781724
881998845
882168054
882379647
882518996
882743361
882861629
883063945
883233661
883439489
883630212
883782907
883986200
884205774
884391849
884562813
884699201
884799384
885003263
885191551
885393385
885596979
885816761
886021884
886240836
886460602
886647487
886833513
887006819
887229129
887429425
887515126
887719964
887907060
888111132
888313444
888465832
888703393
888928537
889061423
889213710
889365148
889552547
889708321
889860528
890080651
890232200
890419315
890578854
890801427
890951992
891156148
891256737
891479542
891697290
891798998
892003772
892173587
892360514
892529581
892715455
892901603
893104541
893325169
893514946
893696751
893901399
894002193
894191755
894360908
894493594
894713916
894849994
895039903
895188115
895358268
895459255
895645212
895847984
896034856
896225916
896408986
896598085
896801108
896987155
897175360
897310785
897513379
897683381
897923066
898147773
898351089
898536947
898723718
898945941
899163343
899298628
899518614
899704544
899860477
900063829
900232962
900437398
900642390
900811868
901029233
901226059
901412095
901582125
901790523
901907378
902076029
902161144
902363660
902550874
902752789
902857301
903028029
903197748
903396439
903599386
903785416
903940183
904075088
904213682
904430364
904599308
904785742
904972039
905179283
905401302
905620309
905789816
905992652
906179803
906349572
906551873
906757665
906931044
907099771
907304566
907525324
907626167
907793638
907996894
908096863
908266039
908452099
908640820
908823849
909043687
909196424
909299980
909501230
909721447
909874446
910076522
910211992
910347555
910533937
910737430
910940028
911109829
911296563
911483324
911674071
911877527
912049584
912170097
912309832
912498121
912685135
912855870
913061622
913211455
913431546
913634149
913769647
913938866
914080975
914282785
914435153
914643976
914813386
915032707
915219241
915444665
915625722
915763284
915932630
916151160
916359588
916528003
916649356
916849619
917036534
917239668
917424934
917578905
917713989
917865812
918003950
918187436
918390836
918545256
918732011
918867539
919023125
919173052
919374815
919543883
919753392
919956073
920125978
920329492
920532276
920684534
920892977
921078774
921255143
921395159
921528962
921646704
921799303
921968160
922137218
922261729
922476147
922679094
922866493
923017939
923187850
923390194
923593981
923783964
923983592
924203358
924390022
924559561
924712954
924864657
925068325
925294199
925462459
925596968
925716646
925903130
926055404
926275655
926468103
926655531
926874450
927026459
927282185
927434480
927654863
927824439
928044130
928247319
928468031
928670880
928878877
929095496
929298397
929467953
929654414
929877545
929994303
930095632
930316442
930540673
930641663
930844865
930998126
931235602
931370168
931471458
931660393
931864643
932035026
932239563
932444106
932661682
932864950
932983616
933085526
933271688
933474509
933642982
933802555
933899125
934120078
934321068
934437069
934607699
934726698
934912575
935097860
935267324
935452924
935639911
935845180
935943772
936096214
936282717
936503545
936722084
936891702
937101852
937305077
937490907
937677621
937883343
938066550
938203309
938405331
938592078
938777383
938946697
939132313
939301680
939522281
939725736
939894511
940063795
940284491
940469822
940660414
940865480
941074132
941261871
941463233
941666274
941870882
942092196
942298967
942514700
942700233
942921225
943113895
943301719
943471389
943659268
943828574
944011656
944197698
944401514
944604659
944808034
944959439
945128588
945314454
945466833
945671653
945890706
946077218
946263439
946433064
946604373
946772720
946975697
947062157
947263070
947448729
947651816
947871894
948060501
948231965
948420710
948621207
948823904
949009494
949195685
949419690
949602534
949803903
949990388
950209745
950395196
950564543
950752129
950970829
951176141
951362919
951514906
951683496
951787991
952005533
952176699
952362011
952550395
952791593
952980729
953197338
953400207
953603717
953790381
953997070
954133236
954333810
954536079
954740230
954897379
955019406
955189221
955360760
955428843
955597526
955769740
955891325
956039937
956210081
956346528
956515399
956685758
956856361
956973725
957143457
957247612
957431999
957566491
957768888
957924196
958085841
958271344
958415307
958599401
958787283
958898917
959033532
959185449
959308614
959456729
959628380
959795638
960001220
960204281
960342738
960512133
960661897
960865401
961000685
961189010
961321535
961491224
961626435
961813778
962016570
962192013
962327187
962495673
962682116
962893439
963077083
963212624
963347656
963551659
963710858
963932156
964134484
964321020
964457149
964643777
964846161
964998424
965201471
965387313
965539144
965746774
965932736
966119008
966337696
966476876
966677589
966854788
967041683
967246821
967399301
967572643
967725057
967894386
968016480
968232566
968436215
968638720
968825074
968976761
969162369
969383843
969517515
969711894
969899314
970118825
970304442
970456160
970676089
970827802
971030477
971216999
971386334
971590122
971724764
971928615
972099385
972283452
972470427
972611341
972795024
973014782
973218222
973340086
973501195
973674560
973775816
973982340
974152111
974336549
974540897
974745892
974948324
975134081
975271877
975499510
975703212
975904593
976108009
976293997
976462897
976665235
976851550
977040963
977239555
977408829
977561957
977661974
977865163
978033900
978233667
978433347
978533542
978740630
978955890
979093024
979262114
979463933
979616197
979717787
979904899
980108277
980310188
980479332
980631503
980810532
980894891
981097915
981251682
981403737
981628254
981827748
982033520
982204047
982406464
982610577
982831493
983016683
983240617
983425988
983629125
983814774
983984706
984174225
984342230
984526260
984710777
984913530
985099761
985274965
985443831
985595891
985798675
985984572
986121101
986308381
986442959
986647859
986853527
987062887
987211737
987415700
987633264
987820949
988023586
988209882
988421040
988619482
988790466
988945078
989115488
989341733
989521280
989666083
989885906
989988052
990143577
990291346
990510486
991184401
991404410
991556867
991725095
991896725
992610872
992710392
992893722
993078801
993272513
993467330
993634922
993804076
993904993
994034203
994202329
994351941
994503874
994670450
994743708
994923845
995068093
995189653
995364901
995509872
995585898
995766814
995939002
996124565
996245646
996346249
996478763
996602238
996770106
996818350
996984029
997154245
997263101
997364556
997482419
997660228
997789642
997941625
998060129
998225683
998297699
998447688
998587502
998742068
998910078
999008852
999178559
999341362
999532688
999717334
999821252
999981213
1000113797
1000250955
1000438369
1000522738
1000698417
1000879837
1001099464
1001302155
1001443958
1001622780
1001840628
1002026480
1002196271
1002416928
1002602431
1002807296
1002995754
1003131175
1003300326
1003521225
1003724576
1003936870
1004107306
1004290255
1004492202
1004696422
1004866224
1005086529
1005292086
1005491070
1005695582
1005896802
1006099781
1006307407
1006523025
1006748474
1006968788
1007181352
1007297747
1007485943
1007696220
1007897766
1008085806
1008274313
1008510951
1008716150
1008917024
1009039183
1009255394
1009441292
1009548958
1009763731
1009966454
1010186521
1010323128
1010483772
1010670061
1010855379
1011079153
1011176388
1011379135
1011548139
1011718108
1011926226
1012107132
1012309296
1012481011
1012700600
1012886719
1013090367
1013280177
1013496320
1013699044
1013906796
1014092249
1014261669
1014477102
1014692811
1014794410
1014962942
1015182370
1015336214
1015537364
1015725449
1015929880
1016099582
1016270347
1016457833
1016593612
1016748042
1016969576
1017155097
1017341836
1017512264
1017679636
1017832553
1018039574
1018242790
1018428616
1018530020
1018719364
1018918512
1019104602
1019273763
1019458995
1019673781
1019894098
1020098796
1020316811
1020468351
1020654271
1020873714
1021076684
1021266759
1021465265
1021667735
1021837764
1022063356
1022267973
1022447032
1022677247
1022896692
1023117140
1023304190
1023438951
1023592041
1023727167
1023896261
1024082240
1024291631
1024515556
1024698624
1024900464
1025055723
1025240828
1025410183
1025595723
1025750902
1025937490
1026140187
1026343392
1026550782
1026664670
1026868128
1027071861
1027172177
1027397655
1027612016
1027797452
1027926043
1028101057
1028302559
1028523076
1028725880
1028932296
1029131643
1029317650
1029529717
1029748379
1029934109
1030138936
1030323893
1030526331
1030649082
1030804645
1030975827
1031173621
1031375739
1031544917
1031731030
1031933582
1032157315
1032356738
1032541970
1032729175
1032833929
1032949884
1033152916
1033373379
1033577068
1033796834
1033960562
1034179702
1034365796
1034535580
1034687807
1034894877
1035078740
1035297026
1035483144
1035703190
1035893647
1036133674
1036353206
1036529749
1036683075
1036894645
1037117566
1037334848
1037538493
1037673346
1037794494
1037930068
1038114826
1038333900
1038508353
1038663595
1038841540
1039027464
1039205379
1039382854
1039505976
1039675618
1039825905
1039965929
1040146892
1040319192
1040495395
1040672466
1040839312
1040961275
1041061288
1041264165
1041466766
1041656199
1041822764
1041923277
1042092537
1042263406
1042449391
1042620395
1042788382
1042898197
1043082063
1043166811
1043350952
1043503791
1043656478
1043809527
1043982210
1044179217
1044339844
1044491815
1044661602
1044779790
1044982633
1045102351
1045287126
1045507568
1045693185
1045862597
1046032731
1046201135
1046422311
1046607579
1046760370
1046946616
1047149731
1047318942
1047421229
1047635597
1047821262
1048041815
1048161452
1048349312
1048538916
1048725700
1048910421
1049028649
1049235309
1049406389
1049588766
1049774570
1049994208
1050163464
1050383532
1050587586
1050743010
1050941916
1051162971
1051365105
1051466449
1051670086
1051822818
1051991328
1052195916
1052382332
1052585509
1052773516
1052905659
1053119231
1053289288
1053472816
1053643204
1053829207
1054031465
1054217256
1054387550
1054573769
1054708287
1054911185
1055114614
1055200046
1055353389
1055557000
1055708744
1055913208
1056099728
1056319975
1056437791
1056608870
1056726928
1056879503
1057086618
1057272015
1057475349
1057611339
1057814029
1057984050
1058188616
1058306252
1058477713
1058662856
1058867354
1059086805
1059291467
1059479537
1059699090
1059910328
1060127744
1060348687
1060553298
1060738964
1060929713
1061085995
1061304528
1061491067
1061645330
1061848171
1062067614
1062289667
1062507959
1062676697
1062847257
1063051187
1063236594
1063424205
1063611872
1063745703
1063967564
1064155159
1064372513
1064476019
1064663112
1064855140
1065074999
1065278945
1065466276
1065672849
1065875840
1066099425
1066319194
1066482552
1066669757
1066870478
1067041275
1067227266
1067428079
1067632042
1067818702
1067954084
1068107076
1068306041
1068475959
1068613116
1068728455
1068951228
1069152592
1069321054
1069524143
1069629173
1069815999
1070025941
1070211949
1070347368
1070550539
1070772083
1070994437
1071181343
1071381729
1071519734
1071655222
1071825064
1072045578
1072163262
1072313680
1072517445
1072619865
1072788459
1072873101
1073062814
1073212480
1073357582
1073518147
1073691166
1073861456
1074047995
1074149974
1074353240
1074506150
1074708768
1074844901
1075034246
1075254711
1075443144
1075632640
1075800999
1076001535
1076205932
1076391756
1076577334
1076729457
1076819141
1077034744
1077204577
1077289685
1077476465
1077677197
1077870647
1078090813
1078209714
1078377870
1078546763
1078749958
1078903600
1079091827
1079297428
1079433958
1079602014
1079755013
1079958678
1080128053
1080273621
1080375508
1080562655
1080746777
1080881693
1081070082
1081239581
1081424041
1081626665
1081847902
1082034395
1082257160
1082471850
1082694553
1082914299
1083151339
1083372309
1083592022
1083812370
1083997048
1084217455
1084437892
1084644542
1084845474
1084964588
1085152081
1085370401
1085490057
1085640359
1085810400
1085964588
1086132610
1086351904
1086523767
1086672780
1086806730
1086995658
1087185558
1087338255
1087440440
1087575637
1087717585
1087949924
1088127827
1088330590
1088466869
1088635145
1088855795
1089016099
1089117831
1089286945
1089473744
1089642830
1089832602
1090019725
1090239236
1090445298
1090644584
1090833095
1091037878
1091225072
1091411886
1091582695
1091803889
1092005683
1092227063
1092412587
1092617452
1092821944
1093021887
1093193435
1093362413
1093565360
1093701046
1093905262
1094109414
1094261139
1094465668
1094650813
1094838209
1095007372
1095225758
1095428356
1095631557
1095835017
1096023015
1096139342
1096327549
1096514339
1096615039
1096818956
1097004635
1097208631
1097398856
1097581585
1097786350
1097979629
1098168208
1098338680
1098494136
1098646799
1098832800
1098925507
1099132341
1099347215
1099515962
1099719624
1099837758
1100011214
1100233194
1100387191
1100573540
1100793156
1101012782
1101199052
1101419702
1101605960
1101809112
1102014751
1102218455
1102422185
1102608290
1102794006
1102997890
1103168077
1103337581
1103542056
1103693470
1103928994
1104098267
1104301240
1104504766
1104708060
1104877785
1105066758
1105282868
1105487814
1105689859
1105875696
1106061858
1106264425
1106468439
1106591911
1106723788
1106943018
1107129867
1107248685
1107332328
1107535842
1107674024
1107865987
1108086614
1108306214
1108464214
1108662167
1108847682
1108983504
1109169487
1109355620
1109559064
1109728641
1109948958
1110160776
1110310104
1110499698
1110681518
1110885269
1111054674
1111262132
1111436501
1111639783
1111843547
1112047663
1112203564
1112384366
1112521362
1112622339
1112824696
1112981491
1113099644
1113286078
1113472324
1113625902
1113862276
1114067169
1114254536
1114434089
1114608931
1114795052
1114951242
1115137266
1115325979
1115481388
1115652823
1115873231
1116058614
1116262917
1116364572
1116533063
1116753369
1116976590
1117193230
1117379383
1117565390
1117666914
1117874244
1117976288
1118158434
1118292764
1118428158
1118631993
1118766987
1118971891
1119174249
1119394391
1119587048
1119689540
1119875282
1120078940
1120281307
1120500975
1120637507
1120856190
1121008536
1121196738
1121365615
1121568663
1121760174
1121976509
1122196903
1122400002
1122526997
1122680315
1122883302
1123103728
1123323093
1123461598
1123611298
1123763995
1124001140
1124154856
1124339457
1124549311
1124735394
1124957049
1125175942
1125346016
1125463664
1125671671
1125787435
1125956142
1126058866
1126244755
1126447703
1126633720
1126820713
1127027527
1127225789
1127428798
1127598943
1127768131
1127937144
1128156747
1128381696
1128513371
1128664943
1128767313
1128922896
1129103876
1129310339
1129532136
1129719560
1129940953
1130129805
1130326569
1130495494
1130702209
1130837469
1131041887
1131213021
1131389080
1131606580
1131809462
1131997981
1132168530
1132318694
1132511939
1132642921
1132743185
1132946424
1133188212
1133387614
1133590164
1133810686
1134032872
1134183823
1134373336
1134590661
1134794606
1134981284
1135201887
1135372097
1135522661
1135676633
1135843868
1136030712
1136217646
1136352366
1136539756
1136724803
1136893954
1137082276
1137282619
1137485244
1137671567
1137874348
1138061989
1138231497
1138437116
1138607710
1138832184
1139019058
1139239466
1139424708
1139577180
1139802500
1139952999
1140057454
1140265878
1140452261
1140659890
1140867880
1141054061
1141223413
1141409618
1141613884
1141817657
1142037897
1142222951
1142376143
1142547124
1142716393
1142871625
1143022289
1143224911
1143400169
1143552185
1143755611
1143939703
1144125989
1144346392
1144492281
1144660836
1144863658
1145051686
1145207634
1145394360
1145563599
1145732525
1145936333
1146125332
1146324337
1146527686
1146733235
1146936286
1147125995
1147316719
1147515023
1147718595
1147904141
1148076093
1148245292
1148448279
1148617267
1148804818
1148990857
1149178024
1149349780
1149565588
1149735361
1149920999
1150106672
1150310979
1150514141
1150683067
1150885135
1151071205
1151275475
1151445373
1151648426
1151886699
1152087283
1152290370
1152510034
1152713552
1152884208
1153073308
1153206056
1153342693
1153545691
1153752709
1153868026
1154091048
1154276120
1154494844
1154629923
1154790481
1154961987
1155180636
1155356732
1155559696
1155730123
1155934524
1156141140
1156308537
1156508464
1156712461
1156881594
1157101219
1157236556
1157356227
1157566565
1157753184
1157856493
1157975063
1158196328
1158381588
1158584795
1158754796
1158872668
1159075817
1159279060
1159467947
1159655121
1159842318
1160062648
1160232191
1160434863
1160620704
1160727279
1160896222
1161095369
1161248798
1161432201
1161635396
1161855475
1162043109
1162228988
1162396821
1162608910
1162807917
1163028079
1163249371
1163453843
1163654423
1163841224
1164061159
1164230398
1164440304
1164626625
1164761600
1164984466
1165184448
1165387514
1165590505
1165797484
1166013756
1166196954
1166419867
1166639677
1166843478
1167031465
1167248925
1167417913
1167638096
1167823928
1167994332
1168199043
1168399882
1168588893
1168775908
1168945287
1169098629
1169267995
1169471232
1169674451
1169877434
1170064964
1170267458
1170470784
1170612155
1170830529
1171050733
1171272894
1171456019
1171676118
1171785952
1171999424
1172202381
1172337994
1172540545
1172710857
1172913224
1173100186
1173287886
1173491659
1173644476
1173846635
1173983129
1174185194
1174321784
1174458971
1174628916
1174822975
1174992696
1175196935
1175329606
1175484988
1175690673
1175881392
1176107717
1176311939
1176502744
1176725524
1176933358
1177035488
1177204744
1177361414
1177547124
1177751018
1177976255
1178164339
1178317288
1178536762
1178707246
1178894082
1179098257
1179283505
1179474606
1179671502
1179824556
1180034571
1180253823
1180406256
1180609015
1180832287
1181001588
1181212957
1181419418
1181622187
1181809219
1181962317
1182165424
1182317383
1182520464
1182724648
1182909317
1183058983
1183289466
1183459584
1183648530
1183801142
1183993887
1184146170
1184366175
1184555919
1184742623
1184930760
1185111043
1185258860
1185416115
1185568534
1185790847
1185990955
1186148102
1186368170
1186554527
1186758049
1186988400
1187183001
1187403919
1187583882
1187769936
1187905855
1188091725
1188261134
1188449664
1188602509
1188822354
1189013742
1189250505
1189437171
1189642767
1189794886
1189964257
1190184659
1190407224
1190611657
1190763706
1190944619
1191083179
1191301985
1191489295
1191664790
1191850076
1192065236
1192217323
1192438833
1192623653
1192811925
1192946673
1193080013
1193249631
1193454396
1193673144
1193876855
1194062891
1194249792
1194458858
1194652488
1194802812
1195006456
1195208208
1195311419
1195480776
1195631904
1195801022
1195975285
1196197332
1196365759
1196569176
1196775437
1196978471
1197097007
1197237500
1197387541
1197609677
1197794680
1197964586
1198167811
1198336588
1198438086
1198641399
1198845637
1199031577
1199235974
1199488913
1199658951
1199870592
1200022379
1200174617
1200394135
1200580856
1200767398
1200902257
1201071252
1201241617
1201427101
1201632515
1201808068
1202026557
1202167392
1202368521
1202554798
1202740748
1202864069
1203087528
1203257536
1203460438
1203680560
1203869082
1204038774
1204189965
1204414199
1204628302
1204831186
1205049433
1205273242
1205404040
1205617497
1205828465
1206030681
1206200079
1206386022
1206589282
1206811772
1207012257
1207181293
1207350757
1207451993
1207613769
1207800111
1208007799
1208177357
1208375531
1208578274
1208763721
1208950807
1209127654
1209329326
1209535219
1209734819
1209954960
1210141610
1210327897
1210530197
1210750101
1210952282
1211121558
1211274444
1211484768
1211704239
1211906367
1212075251
1212279769
1212496840
1212701654
1212921966
1213128082
1213338147
1213541543
1213711670
1213897833
1214117864
1214322662
1214541644
1214743909
1214947494
1215115983
1215324728
1215495162
1215710661
1215896373
1216099259
1216251717
1216439893
1216609930
1216781573
1216950849
1217068945
1217255155
1217342678
1217510221
1217646970
1217798569
1217950486
1218103051
1218214059
1218414014
1218564951
1218750237
1218920263
1219088506
1219232979
1219397295
1219550200
1219718267
1219818833
1219943527
1220119114
1220273515
1220396895
1220583370
1220753147
1220871649
1221058444
1221261764
1221454908
1221604961
1221690362
1221795253
1221965501
1222034447
1222217669
1222369330
1222520995
1222709203
1222861596
1222963204
1223110268
1223257174
1223458588
1223560218
1223736205
1223955043
1224177158
1224326851
1224517804
1224686796
1224903405
1225092395
1225263963
1225449710
1225635085
1225804089
1225939570
1226142107
1226345011
1226552274
1226760963
1226962239
1227165280
1227300732
1227502917
1227639572
1227830025
1227948278
1228050447
1228203036
1228389792
1228597387
1228768283
1228983940
1229186983
1229305550
1229491600
1229694130
1229796974
1229966799
1230101322
1230320523
1230506584
1230709702
1230915665
1231085308
1231287843
1231495890
1231693600
1231896331
1232065635
1232285528
1232471987
1232640699
1232792718
1232978402
1233164523
1233300589
1233454519
1233606237
1233775116
1233994688
1234201234
1234370212
1234562885
1234761243
1234980487
1235183370
1235389429
1235588745
1235791650
1235977114
1236172297
1236341166
1236443978
1236628182
1236797285
1236999585
1237185555
1237387768
1237557211
1237742959
1237895030
1238102844
1238302064
1238505224
1238691204
1238877908
1239068923
1239292295
1239490912
1239693617
1239863467
1240066445
1240285634
1240437441
1240589793
1240792447
1240935837
1241108469
1241294510
1241480255
1241648989
1241837726
1242036908
1242222304
1242408017
1242528753
1242752254
1242905072
1243073559
1243277416
1243479953
1243665944
1243872391
1244090866
1244292791
1244496014
1244664731
1244850698
1245036917
1245171615
1245357750
1245578401
1245780002
1245983664
1246118854
1246240603
1246446192
1246616728
1246785659
1246938704
1247147157
1247301964
1247422148
1247539013
1247691429
1247897158
1248103988
1248293321
1248492531
1248713705
1248849000
1249034332
1249237790
1249423614
1249592696
1249797362
1250019135
1250137539
1250275418
1250478173
1250670458
1250785372
1250904544
1251073589
1251286940
1251507463
1251699128
1251866029
1252053439
1252222686
1252425829
1252611645
1252827063
1253046625
1253244593
1253425807
1253564124
1253706095
1253824786
1254027365
1254587949
1254801327
1254952604
1255088310
1256009061
1256181098
1256383001
1256581302
1256768864
1256987847
1257174562
1257361628
1257518082
1257689470
1257838895
1257993830
1258143514
1258304430
1258401382
1258572878
1258731864
1258892089
1259062732
1259249885
1259423637
1259569786
1259737280
1259872966
1260011233
1260168616
1260315519
1260500931
1260586222
1260687530
1260862094
1261000982
1261169780
1261339037
1261510286
1261680208
1261838056
1262002742
1262171805
1262342075
1262514338
1262664123
1262802524
1262973069
1263110206
1263282362
1263452374
1263630162
1263760077
1263928081
1264115830
1264273100
1264460118
1264666270
1264851428
1265005078
1265231527
1265435925
1265654556
1265857706
1266060318
1266212846
1266369355
1266572226
1266785305
1267001012
1267204111
1267407992
1267610763
1267771235
1267889303
1268058850
1268264071
1268459527
1268626355
1268809280
1269017349
1269215537
1269418452
1269637831
1269863339
1270060477
1270263743
1270398877
1270599343
1270769117
1270870607
1271061076
1271275718
1271461800
1271664534
1271816532
1272002182
1272137697
1272324573
1272543979
1272752632
1272935586
1273152977
1273355407
1273558011
1273744453
1273933525
1274102994
1274318726
1274521373
1274690203
1274876783
1275080043
1275248452
1275458966
1275589429
1275741287
1275944791
1276149776
1276318292
1276502602
1276689659
1276859029
1277011609
1277214236
1277366520
1277552258
1277789601
1278010942
1278167142
1278282304
1278434361
1278521298
1278656402
1278860956
1279078761
1279266411
1279485100
1279671525
1279823063
1280009191
1280233251
1280437372
1280613997
1280720794
1280935203
1281103808
1281272618
1281433609
1281636009
1281821887
1282007745
1282176713
1282379231
1282586906
1282755839
1282974837
1283177778
1283346575
1283481366
1283641387
1283844360
1284012884
1284232223
1284384496
1284586831
1284793701
1285009712
1285228428
1285431458
1285602257
1285773177
1285926997
1286152825
1286369139
1286554987
1286757651
1286910672
1287129841
1287298546
1287485350
1287675160
1287873714
1288076860
1288279855
1288483535
1288704805
1288864437
1289080730
1289216505
1289402152
1289591525
1289777481
1289912982
1290115343
1290293349
1290511960
1290725475
1290915081
1291130929
1291267459
1291421847
1291610280
1291794835
1291964401
1292083543
1292288067
1292505760
1292694468
1292863822
1293069904
1293221789
1293411333
1293562731
1293756117
1293857306
1294039500
1294260700
1294438868
1294637767
1294807419
1294909115
1295094778
1295281814
1295467904
1295619678
1295772058
1295992209
1296178533
1296347959
1296517702
1296723818
1296872919
1297036819
1297222931
1297359035
1297499970
1297668485
1297804479
1297926377
1298125573
1298351788
1298506097
1298692273
1298844894
1299047770
1299267750
1299420848
1299640710
1299814635
1299970061
1300104920
1300223811
1300426509
1300630920
1300801100
1300935320
1301113735
1301281974
1301485336
1301688197
1301851986
1302004403
1302174057
1302317507
1302484214
1302603116
1302744548
1302883152
1303051719
1303235221
1303360870
1303540336
1303706426
1303857072
1304010559
1304170952
1304385002
1304558043
1304745266
1304931334
1305103993
1305219952
1305394943
1305528866
1305716403
1305903643
1306107729
1306260147
1306430062
1306598490
1306769568
1306892163
1306960485
1307147514
1307349698
1307518295
1307687576
1307840089
1308034859
1308209277
1308413290
1308599334
1308802514
1308990138
1309195319
1309380209
1309536082
1309703121
1309919965
1310140610
1310325837
1310461326
1310597051
1310789334
1310975874
1311180071
1311351381
1311557506
1311692028
1311921962
1312053241
1312274645
1312493611
1312646854
1312809052
1312992671
1313128616
1313287199
1313484403
1313637692
1313757989
1313945195
1314104359
1314326937
1314513444
1314702318
1314786676
1314924853
