0
5143
26746
58763
90294
123394
157654
190386
225973
257068
291524
327816
363584
390308
426794
459703
492126
525399
559364
593081
628434
662309
698121
727947
762440
794341
833172
862116
895993
928307
964700
997449
1034296
2542698
3357860
3532399
3868125
4605921
4808415
5045087
5214484
5515999
5682713
6219054
6386818
6522808
6631790
6792497
6959409
7127391
7359706
7562379
7761298
7898103
8064386
8332765
8535433
8668399
8872716
9934066
11282126
12795889
13169375
14312416
14422504
14512036
14592679
23388386
23588597
23842603
24032254
24219562
24437049
24709620
24899519
25055047
25334428
25502140
25805971
25936684
26030962
26132248
26244054
26463089
26899399
26989290
27121270
27259416
27328444
27459258
27596369
27707593
27875935
28034227
28229162
28470135
28628771
28740120
28933146
29040989
29109693
29178694
29311118
29410937
29610736
29760087
29861290
29975334
30130269
30242816
30400453
30533361
30610171
30749675
30934090
31105427
31218808
31435197
31566182
31879731
32085017
32250651
32420005
32587159
32716853
32817348
32913457
33026149
33154084
33266053
33595728
33798539
33921188
34022587
34134479
34275101
34344637
34450548
34555162
34678363
34753121
34821406
34893589
34987012
35101258
35291119
35470059
35661103
36316913
36921778
37109486
37277942
38037881
38233471
39411776
39515361
40448028
40539561
40639436
41073633
41421141
41615202
41850498
42045168
42245936
42357664
42541865
42682259
42795268
44820739
44911477
45018677
45207708
45333304
45399630
45512543
45689816
45795412
45967538
46132935
46286893
46426857
