0
16968
37601
50301
65663
82716
99812
116442
134923
151567
167571
184766
204694
219471
237480
252549
269391
286127
303382
320929
338575
354564
374089
389868
405200
422113
439397
455910
472882
490067
506824
525257
544872
559178
575347
592851
610218
626986
642888
659947
676914
694080
714066
728690
744762
761716
778680
795833
813028
831054
846472
863736
884087
898364
915329
931483
949904
965478
982843
999766
1016205
1509927
1645023
1831330
1917757
2000729
2106802
2250369
2420279
2520563
2656973
2767100
2918189
3018098
3176243
3259138
3344338
3451714
3620111
3706283
3877606
4012889
4154119
4309889
4458598
4666879
5019753
5380568
5651793
5994218
6253245
6566004
6987315
7311353
7661145
8118442
8465079
8760864
9153235
9597955
9994101
10418947
10746073
11136501
11491631
11715580
11801457
11953219
12141141
12311480
12414066
12604738
12740299
12878122
13064407
13237885
13442985
13562381
13647948
13784237
13974403
14094188
14237058
14337318
14436760
14591660
14858340
15200361
15488711
15748719
16024618
16285093
16541318
16824170
17012747
17287454
17575865
17852518
18198355
18462522
18741580
19049700
19263482
19562752
19854919
20031467
20342986
20592935
20788586
21071503
21288256
21606553
21785652
21889596
21959671
22062998
22179349
22316098
22454923
22542119
22676434
22832259
22921016
23003268
23119067
23204844
23323746
23429502
23512282
23618705
23737008
23825315
23946711
24031216
24132642
24216828
24337016
24442393
24645720
24830394
24991199
25162766
25286872
25441735
25579188
25671032
25767889
25857112
25938596
26026390
26110116
26213559
26313147
26398951
26520245
26618974
26745670
27047835
27401779
27718261
28074035
28330779
28656155
28982843
29221983
29489390
29763179
30095068
30386903
30764500
31049087
31395570
31651373
31906656
32231324
32524236
32809728
33106607
33401608
33746885
33869088
33952968
34073660
34162692
34231138
34360752
34494689
34596574
34713123
34840540
34941999
35044174
35129575
35249650
35338558
35426495
35514822
35633893
35789771
35940331
36062794
36162114
36262246
36354664
36440251
36542309
36617593
36702777
36825365
36977224
37081255
37180444
37269056
37385213
37507045
37608101
37694380
37878795
37983875
38072148
38171266
38273421
38393043
38511681
38616854
38735122
38823189
38912854
39014116
39116716
39287043
39372414
39493323
39592489
39712719
39840301
39938292
40022819
40141701
40318414
40403053
40525241
40606646
40695535
40788649
40878818
40959726
41048771
41147929
41252953
41353844
41470957
41578843
41679396
41767241
41853513
41941015
42061905
42146534
42252016
42351224
42438025
42573804
42656732
42742599
42843605
42933506
43049106
43136313
43222800
43322854
43445045
43586117
43705747
43847232
44173971
44493261
44800811
45239055
45572492
45973280
46325202
46720574
47114875
47468779
47756511
48030364
48422556
48875943
49354182
49941001
50372963
50813049
50959330
51076758
51233990
51372224
51591205
51782950
51900258
52089836
52246982
52467860
52677455
52903013
53079425
53258527
53381685
53516801
53726929
54089732
54556918
55060800
55477160
55825865
56288600
56786611
57270234
57676961
58137898
58589094
59112536
59515659
60024834
60602218
60942758
61061872
61187643
61406311
61598672
61797484
61936470
62144132
62331177
62561495
62762820
62953256
63139146
63324183
63526943
63723105
64052174
64505032
65017166
65592865
66056073
66578061
67087403
67605631
68114735
68622106
69121887
69624276
70135489
70666993
70990072
71156110
71331523
71551567
71739390
71928597
72140151
72330033
72517757
72708996
72848638
73000145
73189079
73363808
73550242
73756101
73962023
74394322
74918839
75468612
75955819
76424251
76860529
77338497
77819138
78305895
78937642
79379352
79889423
80377939
80808100
81082811
81262509
81444472
81579341
81715755
81852721
82045399
82268922
82479721
82672756
82826882
83032628
83218474
83378196
83561777
83690512
83912517
84244198
84738701
85240506
85760046
86216095
86670274
87223427
87695956
88215077
88634954
89213575
89624470
90095658
90539738
91027562
91187830
91390415
91562429
91749099
91869292
92088595
92266061
92433284
92621706
92743531
92863717
93049661
93186563
93309551
93464944
93634990
93759640
93883265
94020157
94439556
94896843
95315054
95894974
96453237
96901624
97346713
97839173
98283665
98762097
99321102
99801777
100248781
100763841
101181215
101390639
101599836
101815029
101987612
102167108
102359340
102517438
102688569
102916030
103114697
103299128
103503962
103713442
103902010
104108793
104301290
104480944
104649778
104784380
105011833
105165206
105373435
105582281
105715350
105884994
106087716
106241928
106427478
106602528
106810594
106961576
107167508
107339456
107491055
107625357
107779260
107955582
108076336
108219847
108409329
108618496
108826907
109030965
109225053
109429012
109551631
109740496
109963973
110158270
110378663
110586647
110746779
110934954
111052591
111206873
111328663
111464110
111658305
111792507
111928718
112121090
112276432
112489644
112694100
112885941
113069482
113213998
113330640
113534891
113721595
113878415
114017551
114184143
114379883
114606364
114730903
114936273
115060172
115235644
115438995
115649191
115839534
115940390
116060165
116245568
116489910
116707290
116907219
117123469
117293045
117498437
117687671
117907919
118051600
118197982
118307912
118511195
118679334
118883166
119072715
119265757
119398622
119607875
119759912
119920321
120124980
120329773
120545538
120766136
120979392
121201436
121390425
121585283
121758688
121883670
122005544
122162563
122346123
122479295
122664956
122833082
123041229
123245626
123437594
123627475
123828354
123971827
124123631
124296130
124488570
124678790
124869026
125074050
125269328
125403741
125545461
125700126
125901492
126073601
126242028
126332920
126545149
126746322
126934418
127126871
127248214
127398436
127534271
127675111
127794069
127963361
128136819
128351384
128515559
128706406
128889031
129062124
129265134
129437640
129556849
129697369
129865394
130069140
130261573
130484562
130690568
130893138
131097047
131284754
131440926
131609646
131733311
131921878
132085650
132244978
132416742
132619288
132710294
132842519
132995813
133192813
133362776
133531692
133618801
133708617
133879219
133998691
134102190
134185343
134274819
134419744
134553023
134656260
134793179
134884332
135090394
135294413
135467008
135620478
135832123
135973931
136115346
136293197
136476740
136616563
136801449
136989206
137195868
137354322
137505578
137710399
137880472
137982928
138173242
138264259
138450193
138569161
138739655
138861214
138982086
139184915
139370303
139500024
139668331
139869063
140038671
140192795
140361332
140466557
140616942
140742397
140928611
141083890
141237762
141341312
141582196
141693610
141863013
142071564
142249617
142349306
142537340
142707379
142857870
143011613
143132756
143325914
143533215
143720922
143908176
144046001
144251750
144489942
144645647
144844067
145053012
145239928
145445972
145643400
145778882
145927428
146064883
146253904
146412164
146556363
146728091
146914082
147116935
147292570
147492895
147683104
147836635
147955483
148112184
148246149
148455636
148659784
148863542
149066912
149239564
149406843
149511081
149721341
149912363
150115134
150310888
150488091
150677202
150791057
150968661
151122405
151292388
151464530
151622145
151773742
151928055
152084529
152238896
152342576
152530961
152716160
152919866
153092594
153193665
153282221
153465420
153621750
153757726
153930339
154096139
154256704
154417120
154537447
154657116
154831196
155023369
155197517
155372692
155557723
155748418
155924605
156093698
156227121
156415451
156567829
156669523
156828570
156968931
157174195
157334678
157505771
157673652
157866174
158022572
158124889
158280029
158405720
158506149
158709457
158836440
158939038
159140524
159263989
159455125
159574236
159728455
159881695
160069456
160240109
160343660
160495711
160629219
160813637
160982127
161175164
161397056
161532335
161636182
161805936
161927619
162134493
162302537
162447162
162559298
162744504
162882193
162968283
163060808
163230749
163383167
163503474
163673046
163892432
164069171
164239527
164435373
164604273
164707098
164922284
165076092
165209562
165385571
165541072
165644749
165763780
165987422
166144873
166324342
166464139
166589592
166765597
166969642
167175792
167363886
167550539
167779034
167898565
168069001
168238782
168395203
168566316
168722270
168963288
169084964
169237171
169405446
169560336
169724422
169932384
170084295
170207516
170383627
170552413
170758426
170955112
171129113
171314893
171485578
171661478
171857983
171999054
172175534
172378528
172611953
172799821
173000063
173181760
173282901
173423130
173580839
173749333
173917733
174039805
174160592
174294656
174435230
174619816
174739351
174936744
175071554
175185643
175341872
175510847
175684214
175845663
176026471
176207306
176393248
176562963
176770632
176976825
177094924
177233318
177370929
177506539
177685188
177891089
178027085
178202044
178371862
178510351
178684634
178842696
178976948
179202142
179384918
179557860
179733394
179940922
180098283
180309936
180479643
180650820
180804832
180958905
181110545
181242043
181397447
181569482
181740653
181942783
182148616
182285516
182386641
182556686
182746241
182867940
182978191
183131337
183316351
183401999
183542863
183647529
183819031
183924499
184079564
184301972
184477482
184681382
184835503
185029996
185257548
185392254
185495459
185635409
185786189
185931633
186080541
186248611
186451921
186573847
186726368
186817910
187024695
187218006
187410140
187509421
187652458
187888270
188077495
188271547
188461127
188645451
188816601
189003592
189122751
189308298
189512124
189717641
189907559
190099986
190224141
190400201
190602679
190744404
190843686
190996792
191166769
191360892
191542763
191662169
191849722
191956380
192125721
192274254
192468236
192652076
192790254
192891939
193084257
193203597
193376854
193579515
193684521
193812883
194002415
194192018
194361552
194494009
194647984
194819100
194970378
195142256
195280023
195471821
195643454
195795719
195997716
196191944
196346347
196482638
196670114
196790772
196912042
197064753
197268350
197419645
197511667
197657993
197718506
197872340
198009526
198111255
198179231
198264246
198418341
198502590
198641064
198793507
198846928
199032154
199184459
199251403
199413140
199464100
199615933
199699824
199785660
199892178
199993334
200120161
200234814
200285036
200404574
200525400
200676081
200796210
200966596
201118558
201187500
201341270
201410443
201605575
201790776
201922758
202008489
202113230
202218344
202291456
202410750
202546374
202697971
202819260
202958823
203096345
203215291
203351560
203537203
203737743
203906860
204027748
204212407
204356146
204455903
204614111
204784402
204938796
205041205
205175108
205383275
205572740
205757264
205927105
206115277
206254582
206457329
206595956
206779705
206906719
207073393
207231673
207395686
207515912
207686804
207873850
208028349
208166952
208341868
208498163
208701543
208907346
209113470
209247751
209433682
209636414
209772948
209942803
210077934
210200099
210389159
210498802
210666827
210836778
210992825
211174255
211310187
211428610
211632327
211807357
212026317
212218387
212408577
212517694
212655964
212866672
212985936
213143823
213292584
213446642
213598322
213788696
213945124
214125073
214270128
214439233
214629286
214747986
214884075
215039625
215137033
215273566
215428879
215532077
215669027
215859626
216010301
216146674
216248421
216403374
216621316
216810750
216936300
217091727
217244316
217439902
217574990
217695667
217814838
217969809
218101705
218259216
218408418
218569580
218755283
218941778
219148505
219320382
219488713
219688400
219881000
220068519
220246882
220380977
220525377
220625989
220761812
220966449
221152645
221304567
221391777
221564461
221734870
221940800
222044231
222167795
222324266
222491595
222613874
222783461
222923681
223043813
223213320
223299883
223421697
223578713
223717498
223872156
224007544
224128760
224282378
224427689
224629320
224797805
224939068
225098231
225256310
225361715
225533221
225648575
225789363
225927540
226054052
226203125
226409272
226581515
226700506
226884169
227039200
227156499
227367917
227560311
227704370
227873377
228030308
228236281
228389815
228599710
228805673
229012754
229201734
229357300
229507993
229642349
229837468
230026335
230215237
230385174
230499546
230702886
230853758
231007270
231191981
231314384
231452222
231606949
231725464
231879016
232031305
232185764
232324238
232526370
232644965
232789427
232944391
233061178
233237438
233323265
233424894
233560954
233680968
233834940
234022098
234158594
284082769
284309971
284514936
284701949
284891715
285100877
285290370
285386930
285538151
285749312
285854092
285991986
286181130
286358091
286553431
286673605
286863953
286981903
287118976
287300896
287474380
287651510
287788393
287938791
288139679
288256683
288357767
288511857
288601367
288734527
288961496
289117337
289273462
289344937
289476978
289556705
289718400
289866270
290040187
290162254
290308871
290427180
290582513
290702344
290853096
290958793
291124691
291275166
291390856
291578152
291714683
291891860
291943589
292117015
292249655
292460555
292682737
292840073
293031590
293178829
293419462
293636571
293843077
294086494
294294915
294516834
294723328
294877328
295108039
295264342
295531202
295775798
296000451
296177226
296418548
296638358
296829794
297051351
297269126
297487084
297734909
297972757
298142533
298381976
298550389
298744935
298992743
299239871
299451003
299692661
299930306
300138322
300378969
300604571
300865007
301076615
301299201
301468420
301690056
301945094
302170580
302354411
302593530
302763010
302957659
303131319
303301103
303504073
303766774
303993896
304195605
304420005
304589375
304759507
304979612
305206218
305364107
305540703
305775099
305994757
306097114
306291877
306468780
306711680
306934992
307143808
307328751
307462613
307703455
307814184
307996028
308251941
308480484
308698457
308918845
309071596
309215061
309449872
309652708
309794753
309941961
310112409
310315100
310559729
310742398
310916883
311131332
311351440
311589293
311762933
311997292
312217054
312445158
312651212
312886606
313112023
313343785
313616716
313860745
314083960
314343311
314496363
314651277
314810056
314991348
315203716
315375781
315544603
315782486
316022447
316209733
316384789
316611466
316786815
316939355
317077500
317288620
317526147
317703154
317886411
318075248
318283380
318452008
318665570
318870905
318989653
319184252
319372554
319595885
319852508
320088033
320232534
320414661
320616915
320751360
320943690
321167849
321276970
321465945
321717842
321940013
322160496
322384242
322565117
322739175
322945932
323148385
323267969
323528256
323751991
323927175
324135028
324321063
324518674
324688083
324917740
325104766
325276610
325497341
325721975
325859729
326070524
326266914
326455980
326598339
326733134
326887149
327107033
327297388
327484763
327637946
327901171
328062588
328267067
328471611
328646726
328781313
328964222
329174349
329422950
329627018
329874634
329975849
330164027
330289368
330406346
330528113
330690926
330910047
331025769
331132797
331315287
331434998
331588508
331793310
331952050
332091906
332301305
332502347
332657050
332789873
332953391
333074953
333229244
333383846
333525722
333608529
333766936
333834910
334008005
334123080
334175248
334248116
334379361
334565865
334632891
334819937
335008407
335125521
335209433
335381947
335485089
335616821
335746261
335836961
336033728
336182100
336274922
336422492
336615993
336700245
336820371
336973506
337113762
337231652
337337404
337489162
337665111
337921480
338084522
338253010
338389219
338554605
338707734
338860571
338982882
339164452
339353656
339530520
339719233
339931280
340130759
340306005
340509705
340729807
340919834
341127602
341242445
341410653
341553658
341660829
341756092
341860603
341983924
342115689
342286292
342466404
342672259
342889108
343112736
343305435
343496870
343724479
343893749
344121546
344321356
344525795
344710565
344828791
344999763
345231638
345382215
345576887
345782065
345978460
346203134
346376366
346617284
346786594
347006671
347197098
347361802
347570019
347797236
347976218
348197556
348316883
348434854
348626458
348799576
348985558
349127354
349265772
349385791
349487766
349676604
349907656
350149509
350281778
350499508
350733802
350898709
351003920
351153893
351291821
351433099
351568026
351757571
351860676
352080211
352253377
352375441
352510011
352649014
352841790
353030748
353202555
353427421
353613099
353821456
354012483
354098312
354251700
354493519
354629410
354865928
355074333
355262953
355465552
355636209
355755295
355908264
356041500
356175388
356357735
356530262
356727432
356958318
357184957
357387287
357528516
357752894
357923530
358111110
358315649
358536220
358639639
358858988
359067139
359199912
359406777
359587179
359706494
359810345
360003093
360208754
360409974
360588746
360778527
360878250
361048562
361187944
361290237
361435259
361622551
361774150
361983077
362141509
362308898
362481581
362668201
362813310
362987286
363190225
363346841
363558814
363712017
363847295
364005025
364146307
364369468
364523586
364737773
364910604
365120257
365257547
365446786
365653759
365843945
366014837
366220634
366393431
366474613
366685178
366781319
366984116
367190672
367362219
367502547
367641865
367841601
367987520
368090654
368310258
368498733
368687819
368823533
369049794
369201211
369354859
369475553
369610835
369729969
369851730
369986275
370173402
370367177
370562841
370738197
370940076
371146466
371370716
371476751
371679313
371858997
372061864
372279179
372382391
372489333
372670312
372848730
372950077
373158315
373261314
373397306
373532687
373649303
373819181
373955359
374093862
374213424
374348623
374468465
374571050
374691161
374793340
374899482
375034573
375225720
375441890
375666587
375904802
376114865
376297057
376499254
376731959
376957778
377148736
377314625
377501329
377681755
377782153
377953894
378174778
378314539
378453135
378626980
378743767
378914294
379113948
379245108
379380884
379535588
379726410
379874080
380089195
380299058
380492617
380673892
380761644
380966781
381122797
381259633
381418112
381568757
381706771
381823349
381975266
382137859
382311006
382481929
382622865
382743843
382916825
383153539
383356947
383496911
383652882
383906716
384027924
384182005
384352615
384505324
384731961
384939092
385044498
385201711
385339275
385522344
385681780
385884447
386075439
386242356
386411117
386600582
386776583
386963685
387170656
387339707
387443308
387629806
387821943
388009773
388215463
388353728
388470709
388623647
388813041
388959592
389165271
389388339
389510439
389698088
389901904
390112114
390248597
390438694
390540547
390719382
390838768
391030488
391224439
391315293
391438699
391572585
391765439
391954049
392107627
392284458
392456132
392572181
392767434
392990264
393214688
393401042
393588306
393793061
394019842
394206700
394309243
394444430
394551220
394738641
394959037
395146021
395353765
395484886
395713422
395934726
396042482
396205895
396358397
396512400
396736001
396941741
397122868
397285946
397441883
397611283
397760400
397981750
398169172
398273413
398462504
398593890
398812895
398936680
399129058
399325095
399532342
399666461
399821792
400025867
400218182
400451247
400590526
400725229
400923294
401039727
401209922
401316198
401546097
401651062
401869604
402047634
402236043
402444215
402545867
402766031
402963058
403122685
403257729
403449003
403674086
403828655
404022075
404221758
404323276
404431390
404581410
404801430
404905697
405010367
405181961
405351008
405523303
405743416
405900233
406054252
406277150
406450242
406620383
406825286
406997556
407201577
407373363
407622837
407812223
408052560
408208380
408368845
408547421
408748541
408853075
409035214
409206318
409413210
409623859
409797086
409983149
410117992
410208333
410433134
410651414
410815538
410976321
411125970
411347667
411533448
411702757
411949140
412066711
412271555
412441612
412566374
412760813
412959214
413145103
413333943
413506185
413642070
413831637
414022008
414184132
414374188
414597949
414696480
414882079
415070773
415242314
415377095
415560429
415732950
415926213
416100182
416285405
416476213
416697355
416885990
417027769
417215276
417440612
417578194
417753308
417929105
418148240
418351861
418489070
418710187
418939141
419098581
419256096
419443390
419665088
419868643
420061079
420215740
420376476
420598998
420757599
420894016
421144208
421264214
421364133
421521491
421728840
421930490
422166733
422284266
422475154
422661243
422840815
423010791
423232717
423422419
423655216
423860647
424098732
424235882
424404679
424524790
424727969
424831153
425039225
425281961
425390189
425544411
425768018
425970921
426108309
426252787
426482268
426686899
426876948
427013763
427237446
427479315
427680850
427825774
428048370
428169802
428303118
428490428
428693504
428795395
428965365
429140880
429259345
429484456
429721688
429924280
430146544
430318856
430541952
430733105
430934193
431138830
431291049
431415756
431566502
431756928
431838508
432007918
432216027
432418105
432623129
432844425
433055198
433191872
433394569
433598888
433759535
433862171
434069300
434290515
434497251
434615145
434828687
435034108
435153691
435324419
435476699
435600316
435787225
435942620
436079819
436231535
436448938
436652394
436829352
436955306
437163524
437402020
437570983
437690470
437876794
438046283
438232628
438455614
438640456
438846087
439015538
439172951
439305475
439493460
439650455
439804506
440004946
440221997
440372052
440607749
440798880
440983329
441111981
441266573
441457877
441614854
441763631
441867130
442038817
442259447
442486507
442655665
442896701
443045404
443263188
443347816
443542207
443747356
443923368
444138114
444283882
444513540
444684891
444802934
444929742
445102920
445290001
445463907
445664414
445841645
446045001
446177356
446310102
446513275
446652421
446847041
446994307
447147787
447316066
447442171
447629910
447767773
447990088
448194614
448358744
448459845
448622191
448763635
448936354
449145771
449300830
449441391
449643072
449850122
450003611
450140593
450301044
450488027
450642746
450843937
451030934
451168374
451306286
451405932
451558307
451645249
451835463
451967668
452104793
452311403
452483164
452583429
452713747
452840158
452940517
453110906
453216666
453421220
453561800
453733359
453886207
454074393
454180468
454316849
454468867
454665701
454776748
455001007
455206621
455356070
455481928
455648912
455835971
456026786
456213986
456389395
456572759
456712762
456867356
457001108
457194279
457327792
457446692
457661477
457784565
457972225
458195028
458362158
458558876
458748062
458853222
459038954
459211126
459345447
459452511
459588461
459824202
459914876
460067759
460279096
460491531
460657983
460740990
460966500
461121506
461321205
461503408
461619116
461780193
461921610
462129161
462303683
462411227
462582250
462808083
463028431
463214642
463385599
463567564
463815005
463951655
464124441
464362228
464516877
464701164
464916205
465108289
465320484
465522259
465605677
465813223
466040517
466193994
466313866
466484729
466693214
466794336
466967962
467124168
467288486
467389895
467577117
467742463
467878083
468007488
468119520
468275009
468434107
468572910
468792715
468950424
469135325
469293497
469467256
469617389
469811203
469913739
470101997
470294183
470416152
470594483
470745643
470871753
471061122
471244947
471383895
471589680
471777351
471979201
472104754
472242617
472460128
472649221
472844931
473013273
473119950
473306783
473478714
473650843
473858326
474051188
474189908
474360527
474568473
474702786
474914823
475016260
475184857
475396316
475553435
475689123
475865769
476003409
476157078
476241458
476350656
476458247
476544191
476771311
476995662
477164333
477314583
477509407
477712845
477899505
478121541
478294925
478495876
478615749
478820131
478980369
479150950
479301334
479505042
479695787
479834414
480004225
480111426
480297859
480404345
480537670
480690343
480808782
481030106
481187253
481270458
481464824
481580589
481715935
481852152
482022918
482224951
482381586
482532898
482675627
482854948
483017128
483133205
483285859
483405060
483556367
483753730
483856340
483943871
484114939
484218406
484359228
484462547
484598369
484809179
484979963
485206398
485443271
485581792
485718083
485891944
486061174
486291344
486507683
486664814
486801198
486953412
487122911
487329589
487505620
487614280
487817497
488010862
488183353
488334547
488458798
488560058
488747263
488973310
489175679
489415530
489653311
489812093
490033060
490205233
490392858
490551637
490722882
490842360
491049272
491141671
491281584
491480121
491630216
491731595
491920618
492166602
492383372
492586356
492735056
492919313
493091889
493227949
493399284
493557337
493656282
493808866
493914457
494020424
494122950
494293330
494448160
494568864
494692625
494860587
494979898
495172565
495325771
495553814
495690039
495809375
496051481
496281989
496436091
496622439
496826087
497029794
497221277
497461886
497563440
497822760
498023604
498176615
498350246
498553586
498789510
499000074
499252191
499472291
499711916
499933973
500055373
500284144
500422843
500614832
500824590
501014198
501225975
501396949
501536832
501771120
502010273
502172876
502342362
502568607
502720351
502875355
503065591
503261795
503444960
503616549
503774553
503947075
504131422
504298073
504509860
504652976
504832507
505065884
505268369
505490935
505748075
505873577
506062351
506272311
506479902
506618863
506749194
506848377
507035325
507221710
507358915
507580684
507770598
507969728
508163160
508383422
508617354
508833648
509004692
509189546
509401137
509604977
509793449
509970806
510184061
510315793
510577007
510778140
510980475
511204372
511365816
511570032
511729918
511902022
512095447
512295944
512486066
512603456
512755931
512910929
513087099
513239245
513399137
513535146
513672046
513857185
514062525
514271420
514468664
514594005
514801768
514903398
515089358
515224403
515331789
515483558
515578734
515744596
515951300
516086522
516255736
516361375
516480911
516607391
516776585
516967311
517073046
517141461
517279131
517367058
517494417
517615865
517803856
517935492
518122806
518289100
518479700
518687492
518807248
518938703
519073955
519226858
519396847
519537560
519737940
519965231
520149519
520379057
520645496
520902365
521097642
521246862
521472110
521691781
521877860
522081632
522221447
522439549
522577483
522779010
522958878
523180663
523370147
523589432
523815494
524006105
524242518
524429646
524567555
524794658
524981433
525177737
525404359
525605810
525806887
525962541
526185529
526364172
526569964
526778029
526995886
527142376
527310598
527415343
527589861
527821238
527968486
528161779
528390842
528549034
528804730
528923949
529077065
529284688
529522201
529752927
529940650
530111262
530280720
530465936
530637714
530759206
530945500
531139119
531338758
531513268
531667300
531844673
531970416
532154556
532331115
532486081
532669366
532831787
533020559
533180184
533364777
533593287
533825892
534019344
534190289
534343496
534515277
534671663
534915398
535070345
535197319
535404100
535573457
535726819
535888014
536026735
536245127
536481711
536599458
536720138
536979361
537192166
537379820
537616087
537790775
538029446
538198558
538413684
538586367
538805119
538927594
539095980
539297600
539489871
539664214
539881153
540017414
540256285
540492041
540663239
540837383
540963538
541220261
541385434
541573414
541790800
541959647
542145889
542294667
542499668
542738421
542943140
543095367
543299070
543492368
543627406
543854008
544028846
544217862
544387052
544613513
544732615
544920978
545173422
545292596
545422681
545620945
545815017
546023942
546228921
546453029
546607714
546760206
546863405
547034559
547204135
547366178
547553372
547708297
547920150
548060083
548284946
548425428
548659470
548879012
549067085
549260422
549528756
549715085
549884694
550261642
550559079
550727992
550911341
551108371
551295011
551454925
551557966
551696638
551873328
552074554
552182248
552333855
552468403
552645132
552795250
552967405
553057457
553139623
553225531
553382619
553484036
553617415
553742034
553846908
554031684
554183634
554330320
554451760
554533766
554621409
554688488
554866916
555006625
555058682
555194691
555289080
555458507
555583487
555777086
555940302
556109232
556279436
556458368
556556559
556632853
556797299
556979544
557086873
557156358
557306953
557445986
557614586
557792475
557932822
558015238
558119871
558206585
558344468
558480822
558632174
558818477
559058449
559273176
559441515
559631640
559754296
559997006
560138634
560308043
560498106
560722867
560934360
561157560
561380366
561525521
561719386
561902296
562046054
562281171
562421812
562615182
562842928
563047863
563278881
563451517
563660624
563815622
563989651
564196654
564444483
564650651
564810686
564951976
565090320
565229896
565446020
565659525
565827477
565947800
566118290
566345703
566515575
566724164
566930178
567146063
567289722
567440670
567632275
567785605
568062652
568227687
568453649
568607611
568850546
568948900
569099128
569254327
569443085
569671218
569864649
570034276
570246337
570462571
570680587
570905382
571111822
571319040
571511235
571725600
571877348
572034706
572265813
572470976
572657583
572878173
573049787
573173665
573400342
573568379
573782862
573953176
574073197
574257959
574412768
574628446
574772453
574934391
575155565
575414479
575633539
575799330
575970785
576083028
576272419
576481878
576614080
576769962
576991866
577140689
577314747
577509005
577731129
577943949
578112788
578307715
578531284
578734396
578948202
579168284
579354373
579562585
579783611
579998593
580243273
580502111
580621237
580838981
580975388
581144544
581365716
581501091
581673480
581796190
581901093
582118856
582276528
582439036
582640332
582800505
583022124
583144583
583332978
583519151
583739334
583966142
584061996
584282653
584429999
584668938
584883993
585010545
585253099
585474348
585710395
585912476
586132529
586306374
586526415
586755388
586961410
587167198
587355205
587513570
587703929
587913853
588024779
588155989
588277035
588447433
588636515
588820166
588990974
589175537
589345930
589546902
589736204
589923202
590096796
590223054
590435673
590615185
590810697
590948953
591135084
591339871
591581247
591763551
591901254
592040745
592229627
592364569
592609256
592774148
592945028
593130357
593353985
593525074
593733740
593925884
594099253
594303935
594408629
594602555
594790947
595000471
595135885
595306402
595509948
595679535
595888288
596149073
596306919
596500361
596725073
596878802
597058049
597221112
597390199
597483616
597666464
597805394
597915001
598060816
598220338
598442850
598561391
598645346
598850565
598954090
599140476
599292689
599430952
599590786
599685450
599822007
599944928
600148012
600334965
600424033
600538876
600728545
600829964
600919286
600999414
601100618
601168999
601339315
601509026
601647476
601713339
601853527
601997123
602133722
602252176
602407719
602466317
602641194
602797456
602882861
602983903
603162171
603335425
603533660
603740793
603983857
604197726
604401785
604582172
604787817
604963061
605175231
605308885
605531081
605751094
605971662
606165162
606298172
606505063
606743020
606962539
607099103
607286039
607507180
607730806
607916346
608121448
608248802
608433704
608603674
608815718
608986269
609171281
609293268
609472419
609680979
609852289
610058415
610255205
610461412
610699744
610887558
611043046
611169454
611319807
611511758
611729119
611954755
612107833
612243722
612368351
612521328
612691709
612910788
613101638
613325879
613476599
613666366
613768943
613924422
614061597
614161872
614282015
614369629
614521445
614767459
614881605
615114588
615283137
615471795
615609538
615849108
616085774
616260832
616451160
616687532
616860753
617077036
617247337
617477853
617644456
617883885
618112138
618247973
618375121
618598177
618787276
618992796
619184077
619454058
619673373
619825078
620015135
620218495
620477097
620698673
620934723
621074112
621260541
621512793
621663584
621870474
622081902
622305996
622481301
622693659
622864488
622999043
623184683
623417786
623636855
623861104
624104306
624327671
624536269
624745725
624953191
625058157
625313410
625464875
625672771
625825171
625941940
626166835
626338507
626591091
626784660
627013230
627189493
627376590
627603911
627776199
628005242
628246640
628439733
628661642
628829247
629022766
629177506
629399585
629592183
629819090
630001286
630090530
630296001
630472208
630662329
630863973
631055700
631254465
631466618
631636509
631791308
631961247
632103048
632331330
632597449
632731505
632925730
633136963
633305990
633456596
633646042
633823986
634007219
634129368
634315765
634444015
634558072
634679350
634943550
635189684
635418025
635528232
635748546
636013155
636246785
636483051
636639029
636826093
636929110
637080914
637321805
637462017
637614778
637885423
638079085
638233469
638434361
638658655
638856341
639004405
639237249
639374935
639510130
639717671
639920892
640153692
640380601
640510046
640772673
640957034
641145398
641386309
641628411
641916881
642190824
642459259
642750067
643001341
643155561
643367715
643466874
643642124
643793443
643963986
644185682
644410301
644529973
644741955
644916310
645092880
645229685
645421754
645658522
645821030
646040250
646213791
646350528
646528107
646767630
646994208
647162725
647316992
647455136
647677999
647869663
648039040
648246621
648450010
648655156
648829137
649070504
649223049
649452417
649656443
649850448
650072906
650255792
650497035
650698236
650848359
651000322
651215038
651329476
651500993
651727624
651851266
652036927
652258160
652400715
652551463
652815182
652950853
653086312
653225595
653396554
653532241
653703856
653858634
654064332
654310361
654468632
654654475
654809464
655084212
655316473
655494810
655652277
655753970
655976003
656128068
656281857
656434406
656625721
656762808
656967885
657140307
657319195
657555233
657708075
657880582
658118873
658306472
658431464
658622791
658794152
658897342
659122655
659334483
659514823
659674243
659894996
660068459
660204822
660429527
660642746
660836630
661009019
661164165
661386818
661629090
661835946
662008018
662223887
662477454
662662341
662889916
663110204
663270738
663473204
663712123
663818386
663998006
664184692
664374307
664580379
664788451
664965658
665159259
665339582
665526679
665731830
665937798
666156936
666242326
666449206
666600240
666790449
666943082
667113340
667265393
667421650
667648462
667852795
668075207
668171398
668306805
668567062
668751528
668977169
669161717
669348070
669570215
669802672
670006474
670154936
670376153
670597810
670794150
671016629
671244869
671414492
671620993
671822335
672020049
672189748
672429531
672632345
672875492
673040720
673241992
673431041
673635121
673854973
674079329
674282779
674450561
674627024
674802585
675007795
675197170
675423331
675611363
675824107
676017222
676202590
676424926
676635979
676787363
676992894
677255530
677430914
677619529
677770773
677891899
678032043
678250798
678456646
678687860
678868086
678989022
679158273
679366935
679586367
679794058
679951313
680111964
680331535
680455010
680629209
680879897
681052603
681241512
681461245
681665394
681821920
682039939
682164462
682321982
682494219
682685663
682856666
683039463
683194396
683345346
683567646
683728347
683867688
684057115
684311938
684448450
684651961
684810967
685019225
685215751
685386766
685590737
685850204
686092632
686301264
686438591
686660004
686849103
687003444
687208993
687429972
687651952
687906459
688141721
688333470
688571450
688793416
688938240
689095357
689311747
689523451
689650497
689800784
689973925
690145462
690319451
690539673
690708172
690913598
691154313
691417580
691613861
691766973
691939286
692143160
692302672
692473005
692647396
692839312
692978406
693173879
693362450
693518238
693662024
693892649
694076541
694228683
694370232
694588742
694776933
695033693
695234203
695456821
695643136
695798391
696012811
696213845
696400961
696588356
696727989
696897280
697019979
697191481
697394391
697591381
697763139
697968743
698142714
698362906
698604321
698721323
698934615
699073615
699259920
699450251
699656933
699816222
700055613
700279579
700431154
700575879
700729975
700904291
701073572
701285650
701403586
701676138
701855000
702078234
702288726
702463633
702626622
702813276
702983829
703208467
703454118
703686965
703791900
703910664
704147030
704359180
704475207
704613187
704734136
704875284
705090327
705309405
705531465
705754399
705926660
706101579
706288660
706480401
706701020
706892500
707028834
707275042
707509958
707631576
707868787
708066434
708221048
708408848
708578979
708799902
708968385
709112812
709281359
709452264
709703065
709913552
710082846
710181031
710360638
710576825
710746786
710918789
711116832
711228078
711387598
711578027
711746723
711954062
712129549
712327502
712511548
712752288
712957331
713179523
713337978
713473508
713644634
713888788
714059107
714193035
714385497
714505307
714623588
714844913
715049563
715237305
715407066
715584946
715738715
715926364
716139776
716330423
716469682
716689038
716878066
717120299
717325634
717543772
717666677
717781761
718009071
718182830
718319586
718477607
718701515
718853390
719046600
719214006
719399710
719624005
719826306
720033438
720278632
720480051
720699263
720919306
721151878
721351964
721591992
721841742
721990157
722132747
722331634
722561114
722763514
723004644
723238081
723381462
723570665
723689165
723877989
724020332
724225279
724440334
724664596
724833087
725020259
725175791
725410058
725565591
725686529
725837965
725998658
726148899
726338828
726511625
726742890
726911444
727120473
727259632
727514274
727684367
727839523
728011101
728199314
728337295
728524291
728748879
728948130
729107885
729272822
729421767
729628539
729798024
730020960
730224105
730430612
730606413
730810295
730969433
731223159
731346579
731516091
731727997
731880277
732080848
732288961
732476739
732679047
732848004
733003845
733208261
733347105
733468024
733586759
733688698
733827763
733951327
734038661
734208603
734343738
734529607
734635454
734787177
734903802
734993321
735181074
735337205
735455338
735624551
735830689
736068802
736188036
736407517
736525962
736725694
736943467
737079063
737270387
737493272
737667321
737926276
738064661
738216639
738429805
738583003
738683371
738803171
738990058
739204559
739425873
739597929
739790805
739923250
740109762
740212978
740434704
740628071
740815576
741037951
741231429
741340945
741560534
741683676
741894852
742079462
742216727
742437750
742584812
742772358
742927426
743144718
743363679
743567225
743770198
744009925
744213695
744399110
744503934
744637978
744834362
745052050
745238096
745394676
745584422
745755349
745980232
746097337
746289165
746425135
746612706
746823678
746975438
747115141
747303958
747492112
747686071
747888055
748080037
748252012
748406455
748561497
748749519
748850855
749072188
749293678
749524580
749760708
749984983
750183693
750390846
750610736
750712788
750891411
751118668
751257214
751416734
751551635
751687733
751901496
752055331
752280551
752465521
752677172
752888586
753092609
753290992
753517361
753652373
753843943
754029296
754256886
754462478
754634177
754812754
754982886
755187145
755360114
755584052
755788083
755992586
756216932
756407666
756601126
756794547
756933596
757090147
757279260
757452891
757642524
757812210
757946205
758118120
758253712
758474148
758643896
758819424
758936006
759089201
759257860
759395910
759561169
759735737
759907386
760024279
760214822
760435322
760662996
760846518
760980841
761187877
761375781
761598719
761787332
761906150
762077115
762311212
762529323
762701076
762841971
762982963
763197882
763350647
763467652
763605309
763729500
763922238
764091076
764250209
764423904
764592936
764793746
764933903
765103330
765350115
765572604
765726936
765949245
766141217
766301938
766532221
766703205
766962692
767192133
767364238
767567341
767772809
767992605
768225078
768485241
768617952
768826079
769000763
769225392
769466355
769623084
769842335
770012294
770139762
770362518
770536690
770689768
770926698
771114442
771300395
771487068
771644766
771872701
771987916
772187345
772329452
772466823
772675446
772897603
773094419
773310329
773515250
773701544
773854056
774039479
774209891
774397857
774630309
774742292
774931269
775101899
775344833
775483410
775620935
775776592
776047521
776205477
776412986
776579252
776727917
776932258
777128962
777327412
777535631
777670179
777822917
777958458
778148693
778340839
778581237
778839748
778960720
779062041
779251190
779421348
779577084
779690845
779878093
780052062
780246250
780438418
780608606
780816187
781020081
781260090
781505422
781741663
781991320
782220264
782415210
782628646
782850519
783007059
783187933
783357730
783583285
783847422
784092970
784315097
784518828
784732352
784969044
785304345
785481402
785741326
785974453
786236641
786483795
786752520
787011393
787226288
787496412
787707477
787947078
788225998
788451174
788635783
788840873
789158273
789420285
789661557
789889265
790115305
790329809
790582576
790841224
791080531
791413605
791685529
791957518
792199219
792404861
792637037
792826303
793049138
793217649
793456062
793661522
793834015
793984846
794163207
794402467
794674380
794878072
795033462
795253938
795568529
795847793
796123449
796395534
