0
1987
16878
30023
47927
63763
80825
97816
114818
131664
149156
166238
185631
199522
216499
233681
250640
267177
284104
301342
318676
335364
354770
368641
385846
402917
419693
436490
453613
470285
487661
504799
524096
538240
555064
572634
588758
606089
622895
639838
657173
673956
693477
708333
725707
743054
758370
775917
794697
810507
826880
845489
865337
878351
896285
912920
928974
945772
964418
980001
996603
1014911
1866944
2039897
2261837
2364321
2571936
2704718
2844475
3032771
3201601
3370715
3527055
3682109
3900894
4132528
4316250
4458211
4666274
4874690
5111416
5320617
5520253
5658590
5841961
6034996
6246554
6386637
6606208
6814807
6997982
7132975
7324315
7460636
7595853
7732222
7850858
8074488
8258892
8398763
8531468
8683331
8871241
9027505
9233904
9388080
9505427
9727372
9950851
10117027
10322581
10494120
10698348
10867210
11019611
11145424
11365470
11568714
11721756
11844420
11996827
12098149
12269029
12372618
12557591
12768268
12870369
12993121
13181303
13299223
13505866
13695272
13913308
14067472
14274072
14418621
14555891
14705799
14823435
15006136
15178592
15316999
15490055
15693804
15848957
16005712
16229908
16433387
16620489
16825129
17029061
17183039
17370408
17591836
17820202
18041336
18266719
18401015
18639609
18798615
19023549
19175238
19296682
19514923
19672150
19827111
19981568
20212478
20440311
20598436
20815823
20986161
21204534
21427462
21630444
21767158
21921073
22108033
22297486
22515689
22718207
22944770
23157482
23364683
23554926
23774003
23963628
24150596
24286818
24510418
24696980
24870198
25091206
25352614
25606873
25813003
25999985
26220436
26443534
26670480
26875434
27100591
27319570
27527051
27722498
27997091
28187227
28458114
28686492
28927703
29164187
29425727
29664822
29896814
30154208
30344922
30521178
30790456
31049365
31290645
31490768
31659817
31796322
32038759
32264410
32455305
32705820
33004035
33244658
33493319
33665764
33909213
34184769
34455987
34664251
34902914
35169124
35378344
35647533
35900936
36197144
36435935
36671483
36878357
37131185
37320167
37678292
37867211
38161303
38413193
38659040
38910658
39141028
39414468
39698035
39950953
40139206
40394693
40662945
40910269
41181888
41369699
41632640
41887861
42090839
42296608
42572778
42867293
43052301
43297630
43529831
43831543
44040822
44257872
44448129
44653684
44918233
45103125
45325978
45618020
45871070
46075709
46234585
46443296
46677156
46955700
47230719
47400561
47587137
47811855
48024952
48208646
48397322
48629597
48888975
49164654
49355163
49641302
49852947
50091818
50295573
50489464
50661810
50852438
51084942
51306008
51537703
51785624
51954992
52129071
52418577
52645579
52870969
53077741
53333679
53581083
53802049
54005830
54276634
54497916
54788365
54999003
55205350
55428665
55615489
55857413
56016582
56203331
56476736
56746345
56917829
57131463
57334347
57589685
57819003
58004677
58244947
58515930
58710506
58989630
59208977
59469880
59697227
59866236
60108926
60295908
60465332
60705930
60916318
61118938
61360097
61591783
61844366
62085699
62327106
62499195
62777208
62963394
63152869
63338204
63612087
63867252
64094831
64303718
64531399
64769006
65022244
65214298
65464900
65636166
65877796
66130735
66316743
66505444
66800982
67057153
67261549
67553676
67844389
68086789
68341892
68562420
68833693
69007476
69252025
69485540
69648716
69857318
70125997
70347491
70567034
70807277
71044509
71269031
71562512
71874464
72178720
72412889
72630019
72885783
73126832
73343359
73617802
73874251
74110529
74333838
74579623
74790555
75044660
75359152
75604520
75856589
76103206
76289737
76582211
76815647
77037566
77261322
77449529
77730234
77885864
78114263
78376084
78564840
78780642
79020816
79235007
79412674
79665361
79854829
80045046
80295143
80496155
80738008
80958587
81181336
81394791
81636454
81880606
82088541
82318416
82545932
82805017
83064507
83320389
83556899
83744535
83919399
84151413
84372550
84644014
84910061
85100941
85369272
85620967
85890949
86146067
86384027
86595151
86817558
87022901
87281115
87466788
87687920
87945831
88155844
88398901
88569125
88862585
89134137
89396358
89657114
89919686
90163457
90413782
90672087
90854495
91128849
91389997
91646054
91817740
92046673
