0
11914
30494
45423
62646
80137
97054
113543
130911
148043
166792
182304
198603
215530
233132
249532
267207
284155
301503
318027
336769
352109
368752
386306
402967
419672
436914
453746
471027
488267
506833
521672
539233
555976
573024
589673
606850
623655
640595
657988
676556
692158
708692
725735
743184
759604
779198
793537
811147
828420
846909
861561
879091
896067
912684
929599
946543
964113
981062
999181
1018332
1528728
1677916
1849185
2041975
2213215
2414018
2570982
2755018
2947397
3138393
3312777
3500353
3689097
3864340
4033693
4202512
4360125
4538477
4673504
4825369
4930158
5032140
5203481
5337943
5524240
5662943
5830166
6005285
6204430
6391197
6612644
6765767
6935072
7109702
7203263
7373802
7542373
7693129
7845879
8015403
8118937
8238601
8377189
8569253
8756539
8963457
9166113
9351590
9621147
9809983
9963879
10084688
10219949
10374060
10529299
10645662
10882777
11019561
11191855
11295652
11515132
11703499
11928187
12075639
12292981
12481884
12607280
12780514
12954665
13189025
13380219
13567375
13724479
13893560
14110236
14335364
14562323
14788956
14995275
15217324
15407492
15615573
15799999
15989927
16299535
16537382
16730735
16940693
17179981
17364324
17551038
17757337
17964196
18187329
18404714
18625634
18829499
19035111
19252842
19447978
19671505
19825260
19998767
20206233
20361532
20562481
20786130
20973581
21195769
21403422
21640391
21831841
22020052
22238867
22427535
22645999
22863738
23035005
23238834
23442388
23669999
23873150
24041278
24245726
24415847
24621764
24829837
25073207
25294978
25498025
25638484
25837635
26009500
26248796
26467857
26671792
26906386
27115244
27323543
27544471
27712662
27924398
28111328
28323715
28544019
28742719
28948077
29158590
29347534
29528191
29708283
29914108
30117821
30270211
30455983
30687471
30818378
31026700
31185870
31352631
31600998
31758924
31961780
32175404
32400901
32586768
32788699
32999528
33225547
33436080
33570995
33762975
33937618
34176702
34346746
34553543
34738298
34956705
35160250
35334507
35555899
35729537
35912746
36122059
36329699
36619233
36823449
37015747
37274994
37495584
37719726
37926891
38133604
38378709
38618483
38825521
39054358
39243309
39383138
39571660
39745244
39966104
40210241
40399538
40505308
40732940
40887978
41136808
41336207
41528598
41690249
41858916
42012074
42201591
42392177
42595778
42783114
42992836
43214786
43390706
43599819
43827716
44003748
44208175
44380087
44643012
44879370
45099358
45343017
45592458
45812984
46059019
46249288
46449627
46654086
46860890
47084221
47307415
47553475
47790976
47997439
48220273
48437668
48683698
48875031
49079870
49317467
49540011
49781803
50023670
50248139
50438843
50588398
50794485
51011065
51181240
51359975
51576405
51851150
52097892
52354156
52586155
52806907
53029990
53250920
53413407
53576190
53779288
53987156
54179761
54370549
54574612
54793305
54963165
55185187
55372790
55564744
55792161
56013882
56207929
56431020
56634288
56803971
57043515
57230889
57434389
57639187
57846634
58047941
58287692
58479796
58703680
58886691
59088480
59312884
59517812
59724900
59925784
60155365
60321205
60508004
60677449
60899172
61103761
61307021
61483247
61697308
61866985
62068131
62279896
62455428
62591739
62852394
63070808
63266294
63503142
63712566
63919421
64121505
64281394
64368116
64539683
64691287
64867605
65039476
65209537
65363082
65587575
65776229
65975987
66146301
66304673
66459071
66617017
66746647
66898463
67067414
67220433
67304976
67474075
67682872
67818531
67987567
68140019
68208200
68364288
68574567
68729995
68866016
69002470
69104570
69277812
69479121
69615246
69790782
69979453
70246173
70436692
70670584
70881733
71082252
71292482
71485836
71722880
71975289
72209274
72414724
72635782
72853405
73120121
73288549
73533343
73734718
73990881
74179214
74411830
74626023
74861643
75086456
75271655
75455033
75724212
75911909
76140097
76360819
76581792
76873126
77078886
77292840
77541602
77778697
77984002
78192859
78426742
78631883
78887008
79069719
79288375
79512028
79707746
79924168
80106347
80294233
80523446
80779746
80962125
81148757
81339803
81561870
81768264
82005982
82197037
82418121
82610957
82849864
83065467
83306850
83544269
83765271
84005880
84227885
84430840
84618100
84866083
85038414
85276303
85448934
85658078
85905727
86070083
86279855
86499852
86745143
86955809
87175962
87378995
87599200
87740197
87961880
88165639
88401782
88605754
88846594
89098140
89321249
89539855
89813887
90058202
90273566
90426060
90669516
90855062
91049071
91245930
91453245
91641935
91829321
92042791
92298031
92504151
92707405
92877944
93013396
93268135
93437186
93709883
93931295
94104284
94260859
94449583
94660077
94845447
95066312
95289010
95463609
95709029
95898835
96148784
96369017
96572258
96801012
97049534
97291527
97528860
97735050
97924397
98111321
98344722
98512459
98731455
98969820
99212568
99449744
99702606
99954090
100103240
100356685
100547295
100768046
101890192
102190568
102414305
103436685
103639041
103856534
104061351
104289938
104556275
104754877
104919888
105083830
105208227
105342853
105510884
105696103
105881888
106072101
106255083
106441037
106596511
106740498
106919624
107119724
107322912
107535368
107706960
107939583
108125784
108288414
108470488
108676359
108866767
109049992
109150775
109315725
109509593
109664988
109799152
109983169
110169793
110326901
110509622
110647694
110783560
110952176
111105065
111259505
111394648
111548879
111756889
111954219
112195199
112390591
112679770
112924342
113188828
113456993
113660684
113801297
114002999
114204992
114455746
114680935
114954273
115178300
115420241
115662298
115953417
116189371
116402760
116609632
116857300
117133236
117305764
117510590
117712211
117927166
118104441
118275136
118494602
118706259
118929277
119170197
119407443
119614733
119797805
120015878
120253854
120428060
120653245
120817897
121063352
121307036
121533928
121722225
121948199
122190421
122423571
122611587
122836504
123079254
123311845
123538441
123758014
123979930
124210678
124381857
124585438
124772577
125013007
125236093
125463095
125720856
125873752
126035935
126235387
126466212
126697939
126919289
127123100
127356412
127578983
127815865
128044019
128270173
128448505
128635542
128825358
129060462
129310936
129582052
129838441
130067803
130286734
130534299
130749968
130954592
131180335
131389617
131580742
131817624
132019403
132205892
132432196
132688340
132934758
133140018
133376266
133656173
133826475
134061054
134285113
134499156
134694000
134879451
135082201
135357627
135594342
135786288
136038496
136258154
136471893
136699553
136916459
137165134
137425871
137685007
137905095
138182762
138471742
138691245
138925529
139143672
139330623
139575873
139814632
140036638
140228949
140459997
140701751
140937967
141193414
141384503
141577454
141806139
142040789
142244927
142467615
142704529
142941558
143140817
143335288
143522628
143761190
143985514
144192914
144412297
144638174
144876099
145112554
145318350
145545199
145749180
145990355
146113492
146353436
146564135
146760440
146983515
147209178
147408592
147581799
147791509
148056269
148302770
148517093
148737741
148960019
149112382
149361169
149588488
149773849
149988373
150106567
150283695
150403817
150602077
150771511
150957069
151147430
151318288
151437164
151641450
151822332
152002860
152222846
152391659
152544286
152713503
152905555
153075116
153243956
153430574
153618311
153739970
153941455
154117598
154270822
154478134
154647430
154852584
155041001
155196361
155402561
155628766
155815893
155986568
156171067
156350394
156525717
156711992
156929138
157133477
157380374
157651853
157892175
158115509
158367905
158542128
158733583
158952511
159183470
159439628
159654916
159866337
160061471
160308452
160545233
160742766
161009665
161283174
161503066
161727065
161911739
162102343
162335549
162577084
162784462
162979600
163248809
163473295
163707911
163945170
164157710
164375812
164601433
164847099
165063605
165271420
165535678
165782325
165954790
166149454
166411007
166645991
166849088
167140004
167308087
167541443
167724192
167966684
168143659
168387377
168611161
168797346
169019884
169277314
169478522
169707777
169873986
170112037
170342237
170571509
170801702
171030504
171260887
171448173
171689313
171901102
172104138
172397156
172588051
172802596
173063958
173297271
173519650
173764430
173991427
174273480
174515290
174714762
174933324
175203175
175428460
175641940
175860133
176051785
176294314
176501771
176702387
176925426
177192412
177446447
177650326
177879952
178124163
178395239
178614125
178775797
178993555
179247406
179506904
179672305
179859143
180088751
180317602
180522785
180743263
180949019
181135055
181355537
181593960
181868673
182105609
182327559
182520659
182705860
182940524
183149752
183391575
183595925
183836067
184023604
184263545
184486984
184711314
184983366
185237762
185446525
185664363
185873917
186096064
186316227
186591639
186813530
187040471
187282700
187536959
187781467
188055795
188274470
188536753
188755916
188995147
189188939
189433301
189688056
189894796
190152765
190375137
190645125
190887542
191060963
191285900
191523025
191757305
191984783
192212764
192466781
192679752
192878634
193117691
193342704
193562223
193805748
194027003
194254979
194612595
194924453
195193663
195484704
195738637
195926884
196096035
196325168
196547527
196786190
197028061
197264889
197482150
197740470
197975441
198260792
198521022
198745267
198999704
199245657
199524349
199776690
200021673
200208245
200454330
200693103
200930052
201135726
201383017
201582181
201787178
202015343
202205115
202421052
202640238
202847641
203107725
203362594
203519951
203759572
203991647
204220723
204445358
204680236
204919300
205111654
205338875
205547636
205810477
206030497
206220248
206462454
206665838
206944327
207214065
207457829
207706374
207945834
208136309
208398504
208654144
208879955
209120815
209363784
209608489
209764777
209968555
210193851
210411922
210638774
210861523
211066728
211307965
211517500
211743628
211970062
212222153
212428110
212717689
213002132
213222750
213497399
213752603
213983523
214247124
214509704
214678436
214915285
215148192
215400358
215613650
215888702
216165340
216386244
216619803
216877636
217102078
217325858
217510776
217681661
217853337
218101705
218375997
218628332
218862994
219115571
219324226
219543933
219776575
220015446
220255382
220473230
220706365
220966618
221159215
221311067
221512011
221737504
221965513
222107843
222322370
222544551
222799987
223017510
223257428
223429926
223687658
223937432
224228213
224434511
224703856
224973837
225214371
225398580
225655840
225904230
226159595
226398089
226574121
226744901
226966217
227202353
227371953
227592708
227813194
228021770
228221957
228487760
228716236
228954477
229188731
229443379
229616173
229790089
229994182
230237318
230492003
230786329
230968858
231204384
231416571
231621854
231897489
232152459
232397442
232636727
232875796
233095485
233322498
233576868
233832808
234091161
234279488
234503116
234792910
235046804
235268526
235488870
235692521
235878169
236117473
236369367
236588335
236811022
236999475
237186139
237423563
237656470
237898134
238101448
238350871
238702595
238844723
239115545
239326377
239512896
239771504
240012319
240231364
240472132
240709688
240939310
241118674
241371532
241616198
241849544
242099321
242322151
242582877
242804983
243030768
243252824
243477339
243729525
243990324
244190806
244449971
244686233
244893052
245120553
245323208
245596863
245834593
246078047
246319605
246557394
246796727
246971021
247218468
247473851
247728097
247948185
248160904
248421043
248693345
248924497
249192538
249448794
249658548
249899186
250175220
250375931
250599076
250750765
251010683
251270096
251528838
251753088
251994974
252222696
252403878
252575682
252830145
253091614
253305251
253540697
253780584
253968465
254197429
254464087
254705045
254873472
255131282
255379726
255531629
255742075
255996439
256182427
256391770
256623487
256815810
257021829
257207219
257414929
257650020
257917424
258140501
258417733
258602845
258790519
258998262
259200330
259392206
259593144
259822158
260071559
260271286
260441630
260726587
260962739
261188974
261408095
261638695
261911702
262114798
262308053
262584676
262829361
263050286
263290351
263459911
263714798
263969376
264195166
264364267
264613926
264895467
265103210
265276582
265539039
265798788
266031909
266227227
266429181
266682484
266907590
267043233
267233385
267440720
267684296
267919252
268158841
268352998
268604007
268826814
269045693
269292287
269545175
269767056
269974472
270179679
270423069
270643115
270879884
271119548
271332419
271624340
271872791
272117475
272406131
272647717
272903760
273114492
273320473
273529851
273689906
273890527
274145379
274391911
274662947
274950688
275207701
275456144
275744184
275982013
276248858
276486458
276747000
276977139
277268083
277443981
277630523
277836427
278053929
278279100
278516192
278757765
279041909
279310845
279514479
279740394
279998589
280177543
280384283
280568874
280812162
280997674
281181807
281356296
281561523
281747119
281871614
282075642
282245629
282416188
282585344
282797215
283003034
283172772
283409769
283686543
283902569
284091898
284316067
284504310
284761378
284982158
285210993
285438892
285637462
285842867
286087900
286272381
286542756
286802941
287057032
287253301
287426633
287616161
287868740
288090918
288310715
288516378
288742299
288939716
289171427
289428625
289637669
289861878
290110692
290329287
290536431
290761425
290986227
291222585
291435863
291655098
291857491
292051213
292208250
292442697
292610509
292834129
293063627
293311641
293534010
293749361
293978060
294202635
294464738
294702358
294907079
295093216
295303715
295539294
295796824
296036261
296311013
296587802
296809936
297050847
297255997
297533779
297764828
297988335
298225626
298480121
298665838
298873713
299127116
299337636
299579277
299820202
300024059
300295421
300539306
300748031
300976418
301190553
301376129
301631427
301873017
302118144
302338571
302577110
302835244
303041988
303218243
303429201
303658257
303902069
304052440
304277454
304520993
304770263
304961097
305214225
305453269
305657962
305895498
306113901
306369158
306474192
306729659
307006675
307207871
307448956
307616751
307795413
308012336
308172835
308452344
308684719
308929035
309169839
309405520
309658854
309915578
310160114
310323888
310596771
310750144
311008119
311233347
311491417
311668296
311908860
312164055
312333128
312559350
312807555
313075385
313331564
313557161
313830980
314085725
314326641
314540257
314795820
315013103
315250288
315542962
315719265
315957340
316143593
316351559
316518651
316737937
316945470
317164348
317401291
317621548
317809155
318039598
318279132
318505639
318762932
319014070
319221607
319502175
319656299
319880016
320032783
320253740
320504677
320726919
320961793
321164849
321432376
321660846
321902753
322105102
322342167
322584725
322784676
323024935
323251289
323403587
323640583
323861904
324106808
324343597
324564924
324771094
324995686
325201367
325452805
325604445
325757533
325893833
326069895
326311072
326547901
326785671
326961729
327199963
327424454
327654497
327831691
328053813
328311619
328534034
328756269
328960743
329154536
329373035
329578355
329823192
330002964
330256278
330483572
330743009
330945587
331125238
331378630
331595829
331840253
332027694
332232599
332379874
332538953
332751016
332949629
333109399
333296707
333481961
333669609
333857386
334042974
334228994
334382115
334550907
334673037
334859819
335078745
335299495
335601423
335772798
335956264
336181296
336392773
336579342
336749901
336920975
337107257
337331780
337520039
337709314
337870231
338070810
338310621
338497306
338667260
338856380
339114579
339307657
339544560
339732118
339951855
340191445
340421289
340612023
340847626
341055893
341295535
341514118
341716091
341852004
342091971
342318045
342474505
342664941
342899658
343089962
343335916
343581943
343789348
344022758
344210044
344417972
344601751
344844356
345028384
345292110
345523857
345713167
345956039
346124171
346327835
346549463
346796318
347044192
347274067
347463222
347660562
347876684
348099358
348281113
348503360
348701569
348920401
349140573
349361238
349561506
349783784
349943860
350146652
350361199
350606088
350753636
350947153
351202003
351417101
351636971
351890473
352095939
352276301
352528526
352729379
352952910
353177173
353426134
353672682
353910215
354178518
354388657
354625867
354850298
355065984
355297172
355528811
355750031
355972039
356122904
356343883
356576791
356738995
356967693
357138996
357348074
357590438
357808365
358048324
358243564
358449048
358635759
358874041
359112437
359321160
359437344
359629184
359812230
359979382
360216115
360426395
360694198
360949794
361173878
361410844
361620759
361841915
361994619
362233751
362418872
362664517
362909075
363167904
363421302
363568327
363838745
364085676
364291541
364499580
364733299
364952901
365159511
365405496
365611352
365883552
366054862
366248155
366507049
366746965
366982635
367217014
367469511
367701909
368261473
368551346
368808113
369026614
369204916
369455272
369648339
369825414
370024783
370232059
370370115
370491272
370679747
370917339
371070650
371269123
371440794
371624819
371810474
371954267
372125405
372344760
372523713
372706469
372905369
373057290
373261418
373451100
373604756
373758494
373958916
374128151
374285376
374440858
374613740
374828379
374965810
375119536
375352752
375491081
375591795
375724908
375914471
376099577
376268140
376439890
376647178
376827934
377080321
377303588
377511481
377764826
377898234
378176956
378397501
378642698
378900290
379084992
379381257
379585889
379847978
380136253
380305010
380510857
380776299
381012638
381281196
381520051
381661144
381858759
382030279
382267188
382445150
382679991
382905088
383146283
383323824
383569782
383790586
384004408
384280318
384521773
384722414
384930334
385170819
385303157
385546934
385735057
385925629
386132914
386325154
386513319
386669172
386885317
387078399
387262502
387518084
387774535
388011545
388174121
388410908
388651046
388913159
389183241
389442760
389633551
389878456
390123484
390300328
390467233
390676914
390895728
391116536
391330411
391536111
391801980
391972174
392199660
392425919
392681912
392934010
393167419
393370337
393509575
393756678
393941982
394195220
394384748
394598436
394829133
395019858
395237085
395427461
395634587
395883703
396107946
396288627
396476131
396722234
396961513
397226835
397498287
397724907
397950197
398167918
398388091
398660131
398854998
399109918
399378756
399621689
399842122
400025589
400238639
400435740
400678536
400895779
401139208
401392482
401531104
401732112
401917417
402071114
402273565
402479094
402665388
402868825
403077017
403277403
403482263
403668524
403836567
404030595
404220097
404429645
404645013
404852860
405044707
405268889
405471175
405655483
405863778
406087954
406358720
406629975
406820316
407076249
407329840
407551452
407841563
408059242
408229713
408448400
408708401
408980016
409271416
409544455
409723969
409913058
410167148
410369728
410628712
410851897
411090888
411344902
411588268
411851843
412089438
412335660
412579551
412801368
413057426
413295291
413520836
413761266
414005240
414244497
414481275
414666408
414835732
415057123
415276561
415465324
415651696
415768927
415936963
416106826
416208812
416411555
416599862
416804940
416991420
417162068
417312999
417503768
417639841
417845688
418029348
418207336
418396771
418561947
418732778
418818136
419038181
419206979
419391872
419599794
419807099
419976096
420183237
420384258
420569522
420715883
420916469
421108086
421332573
421537013
421725716
421922112
422174816
422404513
422610755
422814382
423020497
423257914
423478842
423636393
423854708
424024279
424197316
424340900
424512031
424743837
424963661
425218906
425471711
425709052
425934079
426107759
426280812
426544047
426789018
427030238
427225642
427441000
427645250
427792932
428050515
428324111
428510554
428703449
428921610
429148379
429392089
429614701
429806192
429991949
430244021
430436529
430690272
430932456
431153005
431413454
431631823
431821662
432009538
432181407
432372652
432555604
432743180
432986934
433175615
433363141
433629619
433866799
434143532
434419003
434625934
434866097
435086607
435385599
435659199
435829256
436103166
436347435
436576332
436860249
437119104
437343559
437585037
437814615
438097316
438356501
438565421
438783943
438971306
439207233
439470773
439690800
439915108
440160087
440427679
440680523
440931870
441139547
441342433
441559067
441800492
442073973
442297972
442464883
442703978
442949223
443141006
443368002
443557878
443810696
444003007
444188518
444444236
444680893
444935645
445088461
445258766
445499566
445722078
445985088
446194881
446446643
446640172
446895203
447135897
447424465
447673231
447886787
448118832
448401842
448646954
448875750
449089696
449226300
449436054
449695243
449865464
450071860
450299785
450524088
450759800
450929160
451157084
451398157
451636909
451873148
452153591
452391362
452620062
452876481
453065652
453327825
453534575
453741278
454047786
454271970
454448229
454676768
454956344
455198079
455391967
455630882
455856946
456073343
456314226
456575852
456780572
457020774
457257667
457499645
457683259
457856187
458026523
458288970
458560300
458863334
459172631
459479061
459808547
460097172
460336306
460553355
460809457
460996791
461247886
461467349
461726458
461959124
462215095
462475401
462735925
462950984
463174209
463370870
463631978
463872317
464075534
464308401
464525733
464730504
464957549
465126136
465350835
465557800
465787418
466044539
466245107
466467951
466704637
466958315
467178877
467367729
467621048
467843385
468064274
468288467
468509286
468802902
469023116
469261520
469537700
469741763
469948055
470175832
470415809
470658766
470878335
471063834
471291755
471513188
471711036
471928394
472146405
472359614
472612917
472841744
473084401
473302434
473558818
473831757
474057846
474277269
474507137
474747728
474921943
475109239
475315945
475592056
475771312
475968193
476173035
476411773
476665223
476803851
476992041
477198476
477471337
477729272
477995786
478203721
478463023
478706271
478892942
479150851
479369205
479572882
479780252
480016858
480275138
480557330
480692241
480960141
481232747
481456226
481694510
481947470
482186255
482394041
482635823
482872895
483064202
483267711
483504858
483743702
483967967
484189458
484412707
484675877
484866187
485113608
485296114
485488099
485730912
485956871
486143718
486312762
486502746
486757546
486994729
487276058
487500341
487747747
487976250
488198770
488440930
488664825
488874159
489130524
489320317
489523406
489778172
490015143
490305819
490528985
490732627
490966514
491188131
491359530
491613385
491887475
492074615
492242807
492467642
492707749
492857913
493096620
493255312
493512788
493750781
493978846
494238157
494426984
494647467
494918828
495161588
495384732
495574041
495759994
495945361
496166250
496371609
496595933
496821329
497026622
497247400
497528726
497787068
497994015
498178551
498363936
498584797
498824206
499041051
499283972
499520976
499765461
500003565
500240795
500413417
500652213
500893469
501145566
501372217
501608128
501829658
502050393
502310875
502577975
502802344
503067533
503312768
503600982
503823405
504083028
504305541
504547903
504755221
504931845
505136513
505359377
505581513
505767532
505995372
506247284
506467358
506699595
506923748
507160313
507430314
507618175
507826090
508032070
508257660
508511111
508785443
508982360
509187428
509407996
509601315
509802328
510036161
510254095
510513082
510684410
510922246
511167254
511385120
511660565
511863303
512117735
512372079
512627280
512852758
513127662
513301926
513536296
513777351
513997118
514233835
514461571
514603890
514838609
515094792
515329482
515569833
515856775
516165876
516338020
516563831
516822124
517054703
517260133
517504300
517737667
517890217
518098736
518269221
518423202
518605173
518795324
519015320
519253625
519510422
519740245
519976060
520179450
520355113
520598787
520779861
521009886
521231411
521384041
521571827
521802451
521975135
522210973
522434816
522616848
522786114
522923470
523112260
523214250
523355753
523542201
523701905
523957365
524186485
524422883
524776465
525053490
525284477
525557471
525824774
526104825
526398458
526635927
526859355
527063271
527328777
527577444
527837352
528063459
528326686
528515274
528755645
528993689
529214384
529418868
529681940
529876475
530099989
530359441
530565523
530806149
530975618
531127735
531358738
531608199
531847009
532106758
532395214
532651780
532870779
533068891
533326901
533547669
533809050
534065020
534273275
534464370
534729866
534952013
535183723
535426212
535633317
535904848
536126129
536335249
536592255
536868378
537119193
537383996
537591130
537796639
538061679
538302752
538558436
538795116
539030488
539203363
539441654
539601867
539821490
540024228
540247559
540483727
540678008
540903096
541137307
541374986
541619918
541827738
542051640
542302306
542562972
542767130
542989972
543218363
543456099
543681347
543930064
544166529
544389114
544611293
544856272
545027129
545223822
545381544
545623858
545836782
546024992
546227457
546449246
546666987
546856157
547064219
547333986
547592914
547898846
548164993
548323676
548556626
548794908
548994763
549243186
549433123
549625467
549880210
550073016
550252502
550520968
550793003
550959040
551196598
551457273
551611630
551803890
552077657
552363185
552571971
552787894
553045570
553249022
553490142
553691621
553930196
554183023
554442267
554717635
554969551
555156308
555412901
555585381
555802394
556084105
556355349
556592201
556781004
556977270
557234543
557456371
557661296
557863946
558069067
558313908
558558390
558770056
559015410
559181995
559390487
559545317
559748610
559927668
560167668
560384504
560633249
560857829
561064978
561286125
561516890
561737819
561962017
562243374
562485715
562672129
562945638
563164629
563397574
563565782
563768898
563980886
564239242
564479453
564694103
564934073
565119227
565395462
565566110
565739167
565944061
566163816
566409716
566672522
566891293
567113748
567387570
567641200
567882640
568136609
568382485
568637311
568858340
569001421
569252647
569509520
569682759
569921301
570144940
570370939
570590642
570854689
571112340
571303893
571506481
571761444
572013272
572282007
572526862
572757031
572972035
573204731
573426485
573658848
573842389
574035765
574224085
574354811
574587023
574744335
574906584
575087842
575241713
575512483
575735859
576006397
576245082
576433849
576658592
576915065
577164906
577438598
577718287
577956009
578184615
578446945
578702763
578889301
579134595
579357346
579603594
579876431
580115504
580356814
580552945
580786469
580974412
581196790
581458168
581750760
581982431
582220061
582443760
582681836
582919714
583129661
583333091
583510362
583748170
583935937
584142570
584362139
584599705
584770689
585012241
585268391
585511554
585767604
585978523
586180704
586423263
586627666
586798651
587013542
587237217
587405479
587606486
587819199
588035684
588279565
588393935
588609947
588852452
589064801
589253592
589487508
589630548
589798309
589954254
590175680
590393754
590616109
590891771
591091534
591331259
591540449
591727497
591968289
592187030
592339173
592546764
592760337
593046489
593274377
593506947
593659201
593898390
594104724
594366135
594608706
594811979
595009927
595173833
595353450
595556099
595814842
596040761
596157502
596298859
596467808
596670708
596853964
597035253
597242510
597391518
597595272
597679661
597866541
598069695
598258077
598429471
598578505
598781323
598966992
599137025
599297640
599469120
599711200
599887072
600071838
600159796
600293319
600439418
600627822
600822430
600956408
601145151
601334806
601537856
601736611
601964733
602204906
602401461
602530734
602739216
602962119
603211164
603451891
603706005
603911061
604117499
604350119
604556149
604814745
605058896
605284868
605424119
605700733
605890062
606058169
606262074
606445236
606664772
606898070
607125554
607345775
607590432
607759972
607972416
608156880
608417253
608667275
608931228
609129579
609316216
609569709
609794174
610058396
610230098
610425340
610600489
610791624
611009095
611273529
611521640
611668815
611900637
612092469
612301986
612595914
612850731
613083649
613353809
613591770
613795405
613981531
614108664
614355706
614526065
614771995
615003617
615179923
615385268
615525214
615748988
615969143
616208118
616396710
616603403
616880034
617097783
617283154
617494628
617720441
617903007
618127277
618357629
618546842
618738361
618978814
619187195
619373986
619617821
619854316
620107903
620279598
620452686
620618580
620785260
621014584
621277652
621538131
621745499
621970859
622191049
622385570
622631562
622897160
623099132
623265056
623538874
623734418
623989815
624158935
624378620
624635883
624889223
625045313
625333181
625555531
625741666
625971103
626208067
626446612
626673288
626926135
627167874
627366557
627586197
627816620
628058161
628295109
628447078
628633882
628846469
629071103
629286643
629522756
629827721
630067021
630309592
630584206
630787169
631007598
631186232
631355496
631559393
631798028
631949845
632139628
632399843
632590452
632809967
634290404
634581525
635818737
636039078
636283820
636519211
636713600
636949122
637137599
637340070
637475732
637643723
637834886
638031822
638201841
638353785
638439814
638668333
638885345
639054250
639174916
639374574
639546126
639732978
639936428
640109090
640329055
640548549
640671862
640873758
641063881
641171722
641291704
641453291
641644047
641821648
641957124
642129675
642285266
642421070
642524428
642698337
642875733
643023156
643192166
643380520
643565764
643735766
643920613
644092559
644314085
644546383
644838047
645119597
645334738
645598496
645852276
646137650
646386869
646630271
646805374
646995917
647241309
647465259
647710235
647948075
648206373
648446963
648654548
648855953
649108379
649346148
649660837
649880469
650137197
650364147
650623996
650800105
651033855
651238186
651484671
651723153
651926061
652173748
652408810
652534884
652735654
652988197
653195417
653481651
653712230
653933704
654149491
654370172
654602288
654776437
654927298
655119804
655371770
655527391
655730004
655948969
656194429
656381039
656632274
656841794
657095305
657318719
657504301
657696425
657899195
658102358
658309286
658535934
658789595
658971615
659175880
659346406
659482925
659684770
659875780
660100243
660374215
660621133
660774846
661023196
661210752
661382772
661623014
661851020
662019901
662198886
662469942
662623788
662871879
663038066
663292433
663557638
663776570
664006511
664195910
664409395
664613771
664800835
665023574
665245405
665498278
665718321
665875315
666131215
666372733
666594852
666838108
667075684
667355466
667572843
667811415
668030367
668222035
668443434
668670991
668821588
669081565
669317198
669452476
669639582
669881648
670109153
670347772
670567905
670757728
670928344
671151747
671396132
671583140
671874835
672095889
672365150
672585089
672807633
673010154
673220073
673476123
673700055
673925209
674148722
674380911
674605988
674866116
675150835
675378617
675594241
675786115
676022083
676279483
676505297
676721957
676944571
677167041
677360929
677596612
677832817
678008127
678261507
678518578
678752136
679013152
679247894
679447531
679640134
679856664
680033245
680260987
680498722
680726756
680915272
681074193
681297285
681574783
681827508
682046607
682222150
682406273
682592465
682746246
682932084
683121352
683277119
683484007
683651845
683809438
684017531
684204313
684377387
684586776
684778405
684964084
685170335
685357334
685569000
685764108
685862436
685952675
686104674
686260183
686384244
686538573
686742708
686948943
687158812
687359401
687546343
687735763
687902895
688124267
688247775
688450073
688602693
688824666
689094216
689351919
689554975
689769887
690003166
690239996
690476231
690748987
690992556
691195631
691454900
691707588
691943733
692155552
692350914
692539128
692797854
693058362
693272892
693477353
693716869
693988515
694192646
694430046
694641728
694875981
695023190
695178509
695351482
695617560
695821487
696023071
696252224
696438919
696642323
696838608
697075086
697319420
697571971
697810397
698021855
698247661
698500713
698742716
698946386
699242838
699535269
699849434
700057628
700317068
700554650
700774120
700996932
701198089
701429264
701621227
701843361
702084047
702290794
702475423
702681640
702972937
703217101
703442908
703714391
703954311
704211626
704450652
704690463
704911913
705139088
705380345
705568097
705707647
705849921
706073435
706358731
706601857
706849233
707107990
707316539
707523300
707813697
708055712
708230320
708492698
708646688
708917994
709143970
709396453
709631777
709836070
710038907
710230713
710453309
710695961
710938803
711223776
711423436
711702495
711889125
712147707
712392652
712631450
712869907
713074243
713363992
713569217
713776134
714023541
714225012
714516045
714771830
715014582
715213433
715454092
715697836
715939975
716194631
716441424
716646644
716913827
717164314
717370822
717577554
717803487
717989964
718247498
718439064
718632022
718848371
719060593
719267266
719497214
719766946
719971040
720164602
720335384
720605301
720822811
721099241
721295879
721529067
721779879
722011248
722216400
722408025
722676665
722914505
723176277
723397224
723658223
723876795
724131725
724318541
724603162
724829555
725059903
725281549
725489216
725667959
725906976
726157474
726381924
726603679
726861674
727149757
727484687
727740885
728068144
728329589
728556272
728776327
729015438
729222858
729455122
729733336
729971758
730210382
730451172
730686581
730963343
731236180
731548260
731727200
731962301
732241923
732498899
732738844
732914373
733158925
733390303
733629391
733870749
734099745
734324969
734497907
734721105
734889029
735117984
735368207
735637737
735787661
736026772
736231117
736456211
736641699
736852518
737055927
737281149
737538821
737761314
737919894
738151731
738377307
738632750
738838898
739119645
739310342
739581552
739822613
740062096
740320888
740567979
740768240
740971640
741170375
741441099
741671045
741823030
742079870
742288220
742505254
742769642
743016664
743276426
743449837
743649672
743874524
744147858
744386673
744609722
744789510
744995627
745263020
745455224
745676153
745916406
746085092
746241246
746466928
746706338
747010798
747247195
747469613
747772456
748090503
748304268
748492833
748698718
748891638
749150401
749388233
749654966
749917961
