0
2952
28518
60981
94570
133954
162457
202465
230055
261851
297211
330470
364034
397081
434897
465800
499762
543080
566161
599731
634860
666124
700992
738449
771822
804350
839497
875932
902629
937037
968931
1002698
1372703
1512417
1611989
1742571
1884654
2055271
2157043
2327343
2491049
2657307
2794379
2933408
3133197
3301126
3475213
3618077
3753945
3925131
4091026
4260222
4458241
4601628
4731830
4898511
5064949
5273617
5434710
5607085
5778892
5983548
6123219
6291763
6488270
6658820
6794388
6976160
7146635
7283267
7413847
7551367
7715262
7851171
