0
15890
33143
49639
67303
87383
101651
117511
134790
151841
169543
185182
202331
218813
236275
256568
270767
287035
303503
320431
337364
354405
371259
388568
406004
428035
440129
455814
472740
489675
506599
523589
540463
560997
578323
596094
609444
625356
642265
659120
676234
693370
710067
727063
744147
764994
778590
794769
811545
828447
845414
862122
878954
895707
912878
935511
948516
963562
980111
997152
1013819
1420779
1571940
1757861
1875660
1962698
2045461
2116823
2231512
2367120
2523320
2630235
2759645
2844397
2945962
3064091
3233467
3337745
3439098
3523938
3611502
3746651
3916597
4053778
4191859
4345167
4530553
4671311
4870495
5039572
5124685
5225858
5394054
5516499
5630860
5716754
5804881
5973952
6075625
6178519
6367599
6465337
6634311
6719938
6802766
6971701
7058161
7141389
7242809
7411269
7495859
7580910
7664976
7799837
7888451
7968782
8056355
8137745
8241761
8340812
8425638
8509711
8595210
8719076
8907352
9005687
9091655
9229156
9391123
9475834
9576853
9728241
9829936
9915515
10066729
10202558
10287717
10371127
10456802
10634126
10767805
10869161
10938103
11072399
11207846
11310082
11393414
11479189
11563009
11633721
11714926
11783990
11886630
11988393
12072149
12239583
12327322
12425386
12511828
12594819
12696741
12797764
12915939
13018872
13101895
13204069
13287862
13372252
13456862
13541391
13608815
13679244
13760477
13829348
13948027
14083143
14168076
14321184
14438525
14541050
14658313
14742936
14844269
14931571
15115050
15202752
15317613
15418894
15503659
15622273
15709609
15825348
15926690
16011183
16097606
16181506
16333324
16418359
16503047
16587435
16672926
16757955
16863559
17015758
17152045
17255641
17372773
17541963
17633248
17718478
17793228
17877587
17962648
18063668
18165294
18250507
18351777
18440702
18538465
18622912
18777113
18858947
18946890
19045330
19127036
19258516
19427213
19527912
19600345
19752719
19837104
19921381
20007056
20091390
20161422
20263362
20380174
20464932
20616941
20718704
20802838
20938039
21022694
21106833
21191198
21258804
21330059
21410998
21513673
21596603
21681978
21798921
21900761
21985684
22120375
22206980
22290555
22375556
22460403
22578966
22663800
22798814
22869416
22951289
23037042
23120234
23274061
23361155
23475892
23663078
23816661
24003327
24106989
24211109
24343631
24532070
24698744
24850650
24918669
25002834
25104323
25206278
25324463
25459525
25547735
25666306
25737982
25852982
25954672
26092055
26208193
26366328
26588177
26686810
26805916
26974576
27161583
27315001
27459735
27588924
27758578
27895993
28034167
28221626
28424269
28542788
28712043
28882531
29050807
29185970
29373622
29507256
29697092
29799173
29872794
30061069
30217741
30318618
30390316
30501857
30689538
30805895
30906861
31043355
31160720
31246732
31364616
31481675
31583840
31718912
31820552
31985401
32118107
32272601
32394656
32544710
32662547
32839492
32939407
33045642
33142533
33277216
33400362
33498496
33597532
33669001
33765628
33925648
34024160
34143297
34228615
34313352
34433084
34549135
34701539
34802674
34956888
35057257
35191844
35259063
35343628
35512344
35647224
35732361
35884523
36052884
36210559
36397365
36549176
36666825
36790421
36929294
37097683
37233302
37403137
37540911
37665255
37854493
37953622
38106397
38263757
38350279
38449388
38602264
38754478
38924891
39110361
39194923
39329608
39431127
39633646
39802325
39988069
40190416
40397971
40567268
40734604
40820494
40909069
41057839
41142105
41261839
41379050
41463522
41648915
41784630
41937894
42054878
42197647
42283183
42366772
42453966
42535975
42609524
42738922
42841737
42946824
43045196
43130338
43231073
43383108
43469107
43586335
43687835
43772219
43856471
43940907
44060558
44145477
44229290
44299743
44415464
44501131
44585190
44670497
44808762
44942824
45043711
45214339
45337576
45421107
45506661
45590777
45694955
45864251
46001356
46156961
46275667
46465819
46624128
46742919
46862416
47047827
47165860
47284756
47438228
47624031
47741843
47827189
47928886
48145138
48351012
48468967
48574265
48776607
48943936
49083341
49251044
49451625
49648186
49800490
50009560
50128207
50297126
50452663
50638233
50755797
50959661
51160571
51352379
51520777
51723058
51841513
51979207
52111692
52231265
52350296
52467948
52619718
52781940
52916977
53120214
53256222
53442219
53611100
53797266
53933156
54051819
54220640
54345142
54464252
54635302
54787985
54905775
55038228
55238526
55398475
55548038
55684587
55836083
56007733
56176687
56381726
56499665
56651214
56838558
57040774
57228004
57417992
57619781
57806392
58009625
58144518
58296705
58398431
58501140
58603318
58720981
58822836
58924868
59042938
59144103
59245972
59348418
59433879
59584840
59747323
59899305
60051601
60137145
60306769
60407742
60594538
60779901
60966321
61118076
61237699
61422989
61592062
61778408
61914637
62102703
62271395
62424978
62577713
62679995
62781079
62950260
63085104
63169779
63339479
63475909
63627260
63796630
63965820
64117765
64287448
64439155
64608353
64692806
64885999
65057701
65261003
65431135
65598103
65733872
65943398
66078224
66256128
66406990
66559498
66762521
66898768
67033967
67169432
67290945
67458890
67592835
67780742
67949336
68138394
68322513
68509082
68662146
68800426
68918121
69038180
69159916
69329305
69480906
69597521
69739378
69925850
70060942
70233949
70371595
70525906
70731818
70856615
71042988
71214018
71405392
71572000
71741270
71891876
72062308
72240787
72460061
72632283
72752085
72869719
72988374
73123890
73259615
73397001
73515411
73684522
73856117
74024805
74211664
74413634
74549702
74667569
74807163
75024935
75211014
75413752
75548340
75717411
75835425
75937234
76056358
76195258
76332929
76466635
76635547
76795625
77000717
77169381
77306826
77441270
77594595
77712329
77833891
78003724
78120490
78240475
78429153
78562606
78697758
78833445
79037802
79206585
79395346
79578422
79699057
79852721
80056074
80274835
80396255
80546930
80697372
80885607
81075549
81225930
81432301
81609275
81742519
81913571
82119009
82301202
82508441
82680438
82782669
82934907
83126321
83244256
83447508
83600561
83735851
83870747
84045334
84181161
84283604
84401990
84536215
84659746
84760257
84879457
85015979
85217405
85392356
85597114
85765252
85935261
86155233
86341412
86475120
86628105
86797544
86897780
87018947
87204164
87357085
87515102
87636135
87843675
87979305
88181640
88318011
88470314
88604507
88825202
89011204
89213132
89382477
89557704
89726561
89915917
90120895
90305266
90407005
90526418
90678053
90848367
91018485
91187453
91339934
91528740
91715225
91921783
92108497
92260045
92397741
92548372
92673578
92842956
93057991
93247741
93353022
93467407
93570931
93724711
93864701
93996849
94149268
94339724
94525390
94659973
94812007
94997193
95184133
95393149
95560341
95677931
95796880
95901765
96034573
96153077
96324613
96443484
96628241
96730291
96832097
96983942
97155706
97271688
97474830
97661116
97813136
97933840
98051907
98152206
98321758
98525580
98661239
98830193
98951170
99084691
99289165
99422674
99640923
99845819
99980660
100202743
100340242
100491351
100610712
100747122
100867200
101005562
101173626
101360567
101534532
101739677
101925508
102110841
102264946
102400511
102570096
102690209
102877650
103096915
103284508
103471893
103607365
103776214
103897783
104013491
104221339
104374139
104547867
104752243
104903143
105105207
105223904
105394911
105565091
105700649
105827914
105998898
106131839
106318500
106526732
106694867
106814088
106931996
107101158
107253034
107423466
107541342
107726676
107896651
108048938
108184262
108356645
108508376
108593221
108728926
108847266
108966643
109103540
109254628
109439767
109609509
109728027
109814100
109999753
110118377
110304193
110490771
110609163
110761830
110897440
111000552
111150986
111286281
111388231
111473020
111543006
111726734
111828764
111997701
112166682
112268599
112404690
112572971
112728028
112911674
113081895
113266970
113453334
113623478
113808610
113893314
114084436
114199076
114300959
114422944
114522610
114641429
114744367
114828681
115002912
115173218
115325849
115478041
115579559
115698366
115833794
116020867
116173740
116294853
116394969
