0
1802
13059
32519
45895
63477
80378
97681
115514
131950
148353
165888
182696
201667
215494
232631
249600
266973
283841
300741
317518
334851
351839
371255
384609
402581
419586
436838
453500
470856
486808
504831
522404
542589
554303
571735
588963
606185
624053
640090
657585
674301
690960
710325
724216
741350
758640
775729
793066
810500
827207
844720
860989
879907
893826
910853
927956
945478
962097
979202
995963
1013219
1741363
1896064
2121353
2290489
2442744
2620364
2807347
2928493
3162463
3331915
3500815
3720955
3873815
4046756
4252367
4461383
4659909
4864476
5033855
5185749
5328599
5716671
5851968
6072354
6241677
6394272
6596562
6800411
6971298
7179049
7392617
7579063
7765519
7969759
8155597
8409134
8596008
8834947
9082727
9358928
9566325
9805397
10042202
10248881
10469271
10733398
10903343
11126068
11363024
11602556
11823742
12010259
12214224
12401407
12655625
12913937
13104132
13295997
13573250
13725412
13894856
14048230
14230560
14460999
14636923
14839766
15047051
15262872
15429654
15659422
15923350
16158038
16366296
16571655
16811610
17050340
17266221
17416297
17603249
17811803
18013247
18237687
18461058
18638686
18892040
19120185
19323371
19575451
19847869
20021845
20241068
20494933
20664859
20894878
21027697
21235830
21549746
21737118
21956421
22176875
22349246
22569766
22779549
22929211
23179227
23349338
23590365
23778407
23984854
24218912
24451745
24692317
24914296
25135213
25287367
25439707
25642958
25880490
26117441
26356284
26597592
26774322
27008803
27163250
27352122
27521599
27727906
27896675
28132469
28336968
28596280
28745378
28965262
29135553
29288979
29495761
29767776
29902472
30128645
30313749
30485975
30671408
30891106
31060061
31230601
31382513
31501637
31586785
31772909
31925910
32145175
32315558
32478794
32715983
32904208
33145382
33377641
33544553
33736592
33958972
34179271
34404788
34621519
34869910
35093862
35310306
35546753
35699532
35942240
36095163
36262134
36482451
36635508
36872591
37093144
37245001
37435464
37644453
37758552
37913813
38154419
38421973
38592011
38814413
39017146
39106999
39307438
39491236
39656199
39826031
39978990
40189941
40387741
40587396
40728329
40896662
41065793
41255596
41325820
41507107
41592972
41749680
41951646
42155042
42342487
42550428
42669235
42898659
43053259
43213428
43397180
43567721
43752617
43924579
44094190
44300844
44441501
44609354
44825986
45005754
45219513
45435977
45657518
45878205
46115625
46334925
46537163
46758621
46978764
47146574
47355839
47525555
47711495
47864488
48109662
48324809
48492960
48679983
48883613
49105924
49371988
49572946
49711126
49846716
50015842
50219633
50442638
50666911
50900298
51175826
51373982
51514765
51712317
51949018
52190016
52422091
52559912
52715673
52863074
53068709
53287572
53456280
53642403
53861942
53999446
54213055
54482691
54703214
54957331
55178055
55332992
55485057
55671190
55810266
56033364
56273384
56422029
56677777
56848230
57067409
57236449
57480558
57660775
57893336
58129897
58282194
58509808
58695142
58947056
59139056
59376791
59584670
59740151
59986352
60139361
60397026
60630904
60799599
61047668
61271074
61484168
61703488
61872457
62024895
62260722
62502376
62688371
62892587
63095386
63303502
63521535
63713257
63932996
64157285
64373479
64601120
64830874
64999439
65243690
65462841
65615430
65801085
66021771
66259158
66470915
66641561
66895605
67132526
67390293
67643617
67862591
68103821
68340986
68550971
68699702
68922716
69091846
69278030
69447445
69685634
69939234
70175530
70344540
70564452
70746831
71003036
71239178
71494476
71663276
71884212
72112764
72297811
72503796
72740724
72979519
73160010
73312726
73482346
73718206
73956147
74161667
74348126
74453620
74653441
74839120
75076030
75313120
75764825
75970497
76122314
76309868
76490476
76715499
76904436
77064842
77258026
77458982
77607992
77718512
77941553
78140555
78344595
78550344
78718843
78888602
79060874
79219887
79385751
79575035
79776852
79963331
80155837
80386456
80558122
80745465
80944639
81114410
81271712
81365186
81536584
81774096
81983394
82155856
82357973
82516360
82648119
82801007
82987994
83157011
83324332
83432349
83552300
83676806
83846868
84053418
84234894
84437896
84616424
84801451
85004179
85191143
85378670
85620733
85807897
86063357
86237412
86483125
86705341
86911780
87161918
87364255
87622153
87824344
88088360
88348673
88531438
88752721
88955250
89141363
89367022
89633644
89853825
90073340
90293845
90462712
90687331
90848951
91072422
91288218
91527027
91679663
91941659
92176025
92395389
92577462
92832173
93036416
93240424
93483702
93638710
93870251
94093219
94330945
94486812
94750341
94987957
95225111
95462360
95703193
95920385
96143533
96286614
96472474
96709513
96947842
97153820
97315934
97485267
97729925
97953189
98154352
98391413
98509391
98713038
98918154
99156730
99325944
99494487
99648168
99866286
100079705
100248404
100438397
100665817
100815137
101056783
101273730
101545646
101730056
101949752
102101351
102304088
102489780
102765248
102951594
103103961
103344201
103574118
103806144
104059260
104198402
104351554
104488689
104596599
104743320
104963298
105132874
105303474
105506741
105642085
105845068
106031360
106151387
106355568
106559734
106746019
106969998
107118483
107331627
107555848
107775490
107981981
108082826
108185918
108354374
108539901
108742673
108877647
108996756
109148518
109335040
109538751
109744559
109896631
110050346
110205539
110336917
110456285
110559877
110659226
110833810
110987386
111185746
111372151
111557487
111693235
111847437
112004239
112107161
112277865
112411719
112534591
112686259
112781521
112963968
113063175
113198244
113351849
113506284
113691490
113877468
114063401
114285693
114474191
114606087
114828275
114928531
115114526
115322934
115520466
115639490
115859670
116035957
116205822
116459848
116613210
116838907
117033923
117185667
117406105
117584117
117737242
117907020
118061680
118212044
118330281
118500405
118687394
118890407
119060745
119249496
119466634
119692310
119811066
119936603
120073157
120260148
120414174
120601325
120822499
121010904
121112605
121302085
121451349
121628244
121729162
121830421
121949686
122120915
122273310
122425942
122594922
122729895
122865698
122951075
123052007
123173015
123254915
123390579
123511013
123680072
123863132
124001250
124118328
124287483
124375136
124550079
124717221
124851699
125021903
125202924
125332786
125501824
125688505
125842248
125995998
126165807
126353880
126455545
126520153
126589269
126765095
126835613
127019032
127101792
127220743
127409119
127563753
127678108
127808069
127960625
128096541
128287694
128486716
128589350
128707815
128809567
128893433
129100285
129218916
129337136
129490410
129646030
129761448
129984587
130116697
130286813
130438187
130608109
130726886
130895242
131100301
131268963
131370755
131590359
131777053
131928866
132032196
132131748
132249603
132442959
132546708
132663633
132832892
132984760
133137149
133255531
133476063
133678287
133868231
133968868
134095139
134284943
134424527
134608791
134794154
134996995
135200174
135402858
135623846
135777695
135979024
136194809
136347450
136516503
136622382
136719573
136889344
137093183
137262363
137434226
137551141
137688781
137785808
137903523
138089432
138224721
138412103
138582444
138796221
138982310
139189737
139395220
139565188
139764959
139883580
140067383
140168983
140355240
140494007
140699305
140819886
140940992
141038952
141156902
141258926
141447652
141631792
141717164
141919471
142124336
142312864
142467955
142669662
142847436
142949715
143138299
143256631
143481852
143700846
143839538
143955299
144090899
144211207
144363671
144482851
144668461
144859032
145074104
145228147
145330244
145465398
145583898
145685378
145787572
145906118
146025082
146143614
146262052
146430742
146642578
146846639
147034334
147252667
147408489
147608660
147812515
147930774
148086814
148304793
148461611
148666912
148908921
149098481
149351483
149543409
149763388
149999876
150119058
150203909
150441943
150611665
150780399
150986768
151211825
151409668
151629742
151850949
152070120
152257444
152488020
152660251
152828020
153031807
153150824
153354619
153507773
153693693
153917416
154085505
154296581
154465733
154687764
154890225
155061042
155230645
155399733
155538995
155673935
155895375
156064113
156233248
156436799
156623247
156812627
157015814
157168677
157323966
157440171
157532116
157753196
157906243
158058037
158261543
158448493
158652096
158769450
158989465
159201305
159391730
159495058
159664693
159800774
159988093
160140767
160344470
160548464
160753142
160973762
161109964
161262383
161397236
161585351
161780981
161903999
162033934
162203294
162339376
162440578
162542236
162696550
162883542
163053229
163257309
163459875
163679579
163831602
163952221
164119970
164326111
164425903
164527908
164681939
164799674
165005815
165176821
165281768
165417823
165552427
165671485
165890934
166093928
166279679
166500922
166722447
166878336
167061983
167285642
167487752
167606681
167762111
167913991
168084329
168186315
168304083
168489972
168611217
168754361
168955983
169108948
169263563
169380188
169481658
169616408
169775864
169993019
170213320
170348569
170568860
170755287
170874419
170976855
171097697
171250500
171368676
171575781
171763805
171972283
172176401
172327316
172497983
172717867
172837437
173039517
173260534
173468746
173587293
173757846
173909159
174050912
174268914
174472137
174679632
174866586
174985950
175187950
175324137
175517174
175724049
175910105
176062626
176265588
176418463
176641010
176844447
176969588
177117852
177288493
177475273
177660362
177862983
178066905
178201954
178388679
178557496
178761035
178981186
179150734
179352525
179552235
179738369
179890681
180111074
180314420
180504977
180710242
180825884
180927322
181079628
181182217
181283855
181402461
181569809
181699946
181886856
182040573
182214955
182391921
182578735
182798047
183018365
183188932
183391712
183527518
183714436
183919935
184088833
184259179
184377183
184495614
184599219
184786359
184987836
185173654
185377177
185580406
185786244
185992169
186125057
186277743
186412176
186616050
186739095
186908185
187077937
187265225
187450776
187638491
187808397
188011214
188146124
188248354
188350159
188574028
188777243
188999172
189116818
189268747
189390393
189488896
189578955
189781782
189985331
190120337
190255655
190459129
190663563
190832519
191035867
191171417
191324264
191459705
191628162
191770856
191921803
192110312
192294403
192427829
192635640
192818277
193039438
193259490
193446584
193637868
193850045
194053116
194223216
194425632
194656675
194775555
194911264
195063343
195277005
195395645
195598203
195819869
196039998
196209646
196327916
196496935
196615944
196835882
196943616
197097489
197199766
197318236
197422317
197555552
197724067
197929795
198100320
198298894
198486372
198655907
198844340
199049002
199235439
199353629
199476117
199594870
199799973
200017389
200169806
200272615
200441629
200543137
200661959
200798389
200950458
201056104
201242736
201412826
201597793
201785031
202007337
202177343
202330789
202449119
202535456
202737154
202940692
203093175
203214137
203313441
203516948
203635488
203770778
203923033
204044406
204159758
204278578
204432799
204652520
204873812
205026333
205160914
205279672
205432512
205619941
205743525
205914730
206091194
206222714
206427924
206613066
206844629
207014515
207118733
207216963
207386478
207572695
207691044
207860866
208048263
208222676
208411470
208598950
208750664
208919738
209124463
209345000
209446375
209650034
209852944
209954786
210158596
210276389
210394629
210615111
210835206
211004365
211223928
211362492
211461327
211562852
211783100
211987049
212155474
212359370
212477980
212631477
212731747
212901285
213120930
213257623
213411188
213618991
213821659
214024815
214160646
214350629
214526647
214629206
214798350
215017565
215234280
215385938
215590697
215797127
215964882
216165811
216351151
216504656
216706695
216877097
217066520
217220301
217373492
217593583
217728756
217836557
218034512
218186373
218356097
218559054
218748569
218918749
219088565
219274784
219477115
219663774
219883376
220023786
220191709
220410958
220597441
220766656
220970147
221089214
221275676
221377710
221478126
221580259
221699608
221833154
221953303
222173427
222395094
222608732
222832416
223051578
223204584
223391571
223611481
223780891
223916052
224110791
224295674
224501014
224722233
224942171
225128514
225314556
225503488
225688688
225789604
225958730
226111038
226324640
226529890
226699356
226883302
227071008
227257743
227380008
227596652
227771335
227978887
228114870
228251413
228387217
228538494
228707882
228809160
228962085
229131453
229284378
229425584
229521603
229724992
229930726
230084609
230253727
230428274
230581571
230750855
230868567
231072404
231241092
231463663
231632945
231833871
232021185
232122372
232292484
232480247
232698072
232884589
232988346
233139011
233257275
233410104
233595870
233714755
233815846
233917301
234005877
234138860
234358118
234561437
234663873
234764065
234951044
235154657
235342084
235459669
235577275
235780826
235916761
236059714
236297162
236433047
236619589
236822969
236995245
237166125
237370172
237556412
237691605
237862185
237996918
238150433
238285948
238471486
238574710
238693600
238813257
238981932
239161025
239370172
239590947
239745386
239951286
240102371
240288050
240499952
240601988
240787928
241007123
241126078
241245350
241482085
241685977
241871628
242094833
242297021
242454179
242575682
242678124
242813134
242983138
243153468
243355631
243508149
243643875
243813159
243965386
244119778
244296042
244418488
244549035
244757161
244957114
245160572
245331350
245516888
245685761
245821927
245942729
246146510
246335815
246505958
246658113
246871128
247027998
247163341
247283237
247489812
247589198
247779232
248002697
248100633
248306094
248496149
248597956
248800587
249004996
249157082
249365163
249571471
249743033
249912619
250149730
250334745
250539310
250729664
250829792
251036980
251206273
251376021
251563310
251737621
251939768
252098217
252298386
252518279
252704896
252824695
253010073
253128754
253284809
253453949
253552562
253721590
253890651
254009404
254178790
254347650
254500167
254720256
254855476
255060018
255160498
255280725
255399295
255561579
255764405
255986444
256211479
256351219
256502278
256689728
256854391
257041872
257176283
257310325
257462832
257580770
257683604
257834399
257938342
258122832
258326097
258478901
258671730
258809422
258962149
259114970
259253117
259435945
259556050
259707360
259876660
260013772
260198993
260403548
260503244
260706978
260910421
261117329
261332668
261457986
261570526
261706293
261893944
262080260
262233187
262351982
262504369
262694806
262864589
262965779
263083508
263235949
263336945
263541452
263761383
263964834
264187990
264392325
264514999
264713117
264899441
265086816
265205827
265415630
265538605
265636080
265822278
266026765
266196556
266398509
266516901
266669989
266857482
266990943
267092970
267247607
267435672
267638924
267742276
267842254
267978186
268114758
268250878
268387111
268591476
268726396
268861204
269032033
269120547
269289564
269506857
269692255
269879167
270103863
270239188
270357796
270576815
270764582
270951078
271137713
271289941
271441978
271599961
271820064
271991642
272092664
272229068
272380692
272583277
272753212
272922685
273112794
273248580
273417331
273620999
273812569
274002810
274175555
274330856
274500647
274689273
274827571
274982593
275152110
275355100
275525363
275694467
275829200
275999378
276134038
276354799
276506353
276692339
276815437
277018835
277171033
277373562
277594997
277714179
277835256
278042201
278245234
278398287
278567113
278771460
278940748
279041010
279143617
279228326
279362650
279569215
279790205
279976117
280128686
280351408
280468850
280604592
280729690
280849436
281068406
281255263
281461649
281561605
281731062
281868271
282003189
282173280
282308715
282494029
282595843
282716022
282907234
283077221
283229664
283432605
283652205
283838702
284058848
284250235
284495747
284681078
284899993
285086475
285344785
285564454
285733951
285852632
286055667
286164279
286261236
286396076
286601016
286804347
286923333
287126550
287350969
287536762
287721862
287943886
288080572
288248953
288385770
288488259
288709815
288866873
288985307
289107677
289310902
289453213
289622381
289755966
289930224
290063063
290198607
290317756
