0
1646
3479
17803
34483
52550
68026
85931
102785
121656
136458
153891
171127
187981
204715
222287
238829
255573
272481
292950
306677
323721
340885
356872
374394
390977
408682
425291
443002
460473
474715
492726
509113
526697
543086
560597
576848
594603
611374
629793
644195
661416
678197
695034
712101
729568
745835
763259
779988
798421
813219
830523
847935
864993
881555
898458
915179
932685
949731
967926
982656
1000151
1586316
1738277
1941202
2094272
2267501
2453828
2605756
2727625
2881056
3049491
3187312
3341796
3511329
3680572
3814999
3984927
4086160
4238897
4341099
4441576
4636427
4807680
4962100
5114789
5284957
5441272
5610857
5749842
6142469
6246231
6449689
6618385
6737607
6897849
7000805
7204936
7416736
7536422
7671731
7813652
7994334
8180623
8393525
8600887
8771553
8891503
9026550
9147374
9333273
9535887
9712919
9881454
9967516
10085714
10221849
10396982
10552456
10684951
10820935
10955774
11041138
11175758
11313454
11433135
11601038
11787387
11913398
12029733
12114445
12199483
12284129
12506583
12675865
12877441
13046258
13164150
13266161
13401802
13471823
13640192
13776736
13860715
14033539
14202494
14354713
14540860
14726513
14864778
15002430
15173969
15359287
15545225
15731175
15883350
15968833
16053426
16154745
16333168
16451160
16553488
16657615
16741886
16843892
16979182
17083022
17184562
17356696
17474811
17615922
17768058
17906323
18041377
18214103
18411566
18509182
18697288
18884255
19055966
19243019
19401948
19587766
19725848
19931471
20066512
20280573
20473554
20622265
20778763
20998293
21169295
21357894
21509215
21720319
21906129
22082172
22334768
22507798
22646555
22816423
22934071
23116973
23273638
23470224
23655454
23877002
24056411
24264646
24498464
24651470
24849960
25038422
25430525
25636380
25741884
25910599
26047175
26204510
26356692
26509503
26677780
