0
6994
41988
70852
106721
139135
170427
213628
246764
272479
307093
341613
373278
407206
442323
478758
509313
551803
579969
610771
643892
676154
711119
744168
777940
810871
845260
886921
913010
945123
978594
1019318
1830728
2070026
2403514
2614136
2848311
3125412
3365631
3607878
3877199
4047605
4251491
4451310
4652635
4963446
5191176
5399473
5596839
5866366
6101019
6238285
6439893
6651183
6910370
7149264
7354316
7591982
7792491
8000276
8230220
8465348
8680753
8876140
9044767
9284362
9525104
9757365
9960185
10233152
10503443
10671650
10908000
11143483
11344877
11577884
11787333
12021221
12292686
12498914
12735098
12963682
13203087
13408765
13639965
13913095
14115613
14336801
14575894
14782523
15047984
15313772
15595651
15828618
16070057
16302980
16487734
16716549
16954787
17224915
17391958
17598771
17848430
18048938
18290437
18532578
18737969
18905863
19148587
19351735
19558386
19800047
20039037
20307066
20542606
20778778
20986816
21237037
21404555
21648331
21893720
22091232
22329420
22566639
22772832
22937614
23205824
23440692
23652345
23916707
24154188
24388019
24666799
24896321
25164745
25401732
25639091
25907052
26146568
26383275
26587609
26845810
27080433
27281709
27517784
27760651
27998186
28198026
28407687
28601622
28808805
28978275
29244702
29483936
29719301
29950402
30152730
30407561
30673729
30910240
31120629
31344252
31580420
31821574
31988256
32223492
32395385
32634086
32835664
33111138
33346015
33513607
33684936
33951992
34123341
34359545
34590138
34833327
35032940
35268346
35513413
35744569
35981540
36216752
36418146
36657708
36932635
37173880
37437250
37675636
37885795
38113226
38383043
38620460
38857018
39092052
39332362
39539177
39804501
40040361
40278185
40515024
40750523
40988937
41226101
41495967
41731810
41937553
42202913
42403740
42639177
42876562
43077684
43347162
43586905
43785019
43987777
44190748
44425440
44696051
44930334
45202353
45436142
45672182
45873724
46114583
46353353
46590841
46824338
47038568
47306242
47541575
47742951
47947201
48213571
48445882
48717393
48986656
49224650
49400845
49566801
49736003
49980936
50210180
50477188
50721528
50919681
51153630
51455871
51638495
51840689
52081459
52313310
52547214
52781887
52995875
53229690
53439555
53705477
53971335
54209542
54416809
54647429
54926671
55132270
55330052
55531950
55739280
55977402
56183773
56423444
56658476
56924690
57190670
57433216
57664375
57867240
58105962
58272873
58515119
58789161
58988270
59196065
59389393
59627951
59843338
60087945
60330448
60595048
60868670
61098204
61338610
61588573
61748707
62019857
62190723
62424337
62695956
62944197
63135364
63405187
63611292
63843675
64111595
64355746
64591190
64859877
65132036
65363127
65604850
65839619
66045191
66305468
66543883
66782138
67021596
67250061
67486711
67718723
67995932
68192433
68394938
68573775
68811794
68947727
69151066
69393028
69585948
69824263
70067344
70330158
70534278
70772403
71013994
71213632
71383323
71618013
71851597
72065579
72263373
72471547
72710099
72941238
73148067
73321111
73593313
73811999
74041721
74270376
74509234
74758539
75004478
75215307
75451681
75655504
75894594
76130579
76331663
76569092
76737588
76906195
77149034
77414300
77685106
77915866
78189437
78455488
78690453
78930165
79163993
79364347
79598601
79802595
79941575
80172481
80415143
80627810
80827950
81068127
81336134
81577993
81815439
82049582
82299564
82490124
82727447
83002290
83234010
83441293
83653273
83912494
84145987
84380868
84616249
84820770
85023467
85221353
85459462
85700377
85930940
86166508
86402558
86639973
86859026
87097318
87297977
87500542
87735117
87975378
88213388
88449434
88683971
88957295
89192228
89443890
89650110
89885122
90106474
90297874
90545930
90740921
91010571
91246547
91459252
91687814
91964964
92246689
92509399
92749120
92985791
93241085
93441582
93745703
94016930
94361502
94600718
94835679
95070651
95313996
95552066
95683783
95885882
96113527
96353235
96550861
96786292
97088081
97325668
97679482
97963978
98179418
98385451
98548983
98755481
98924641
99157016
99361276
99563547
99802359
100171270
100375411
100572176
100845636
101051345
101500411
101703027
101943860
102174815
102378536
102578545
102818128
103025735
