0
16287
35902
48826
66054
83161
101246
117358
134740
151880
168185
184911
206287
218884
235587
252877
269656
287219
305484
320745
337982
354627
373655
388231
406529
422713
439534
456148
474551
491870
509455
524689
543374
557799
576126
593789
610745
626478
643401
660423
677246
694846
713338
727662
745359
761700
778785
795612
812920
829636
846749
864038
882732
897387
914988
931664
949129
965301
982500
999000
1016909
1241898
1398990
1551339
1741479
1928107
2027039
2178336
2349114
2517710
2688240
2875621
3027687
3215762
3419862
3570041
3743810
3897636
3984105
4102800
4249272
4374465
4477416
4612479
4782575
4917765
5054500
5174276
5277511
5446292
5621522
5806358
5925765
6130870
6284095
6456976
6563822
6749099
6865787
7020506
7190847
7293643
7418202
7517905
7670173
7856278
8042131
8232007
8383724
8586722
8800519
8986952
9112038
9231380
9403531
9589426
9777029
9946705
10047380
10234843
10421332
10560935
10729356
10916549
11086108
11259900
11412155
11550485
11754025
11944427
12044738
12131525
12247729
12456009
12560525
12698787
12895479
13112497
13246071
13397317
13569622
13757128
13907902
14010250
14180836
14315210
14467264
14643924
14814458
14982737
15120829
15222061
15410674
15545621
15700132
15839734
16026844
16152322
16283481
16473002
16627500
16765126
16950668
17053812
17156405
17276268
17447563
17598343
17717258
17844510
17998638
18150320
18251794
18354280
18542073
18714942
18797208
18986987
19087928
19234277
19435794
19621751
19778350
19941307
20127387
20281342
20400226
20553897
20695365
20881258
21017575
21186210
21339028
21473727
21565039
21683424
21768211
21903065
22005528
22108482
22191630
22361614
22538674
22706545
22876065
23002972
23137963
23292807
23479095
23572113
23743250
23910776
23999753
24119710
24259077
24429083
24599179
24720834
24925199
25117511
25259496
25380354
25550643
25757987
25907832
26024797
26203142
26372035
26506979
26628772
26763134
26955889
27090296
27193031
27396525
27547900
27684644
27824603
27994919
28158203
28310363
28463558
28599326
28785475
28955231
29149777
29284469
29404970
29592343
29762420
29934311
30106675
30263518
30380486
30550322
30737788
30944141
31081080
31299608
31455386
31590214
31794994
31984558
32173418
32363370
32534134
32686783
32855709
33060213
33208394
33361391
33469822
33641470
33776416
33931844
34065540
34253161
34456070
34559680
34714396
34875170
34994813
35097256
35200266
35307541
35462553
35602972
35719527
35824255
35928923
36063628
36198252
36302914
36419808
36521571
36639004
36757673
36876658
36997101
37086005
37237901
37357082
37479576
37588692
37691298
37790640
37943948
38029243
38118194
38338886
38475548
38643401
38744922
38887691
39009031
39126410
39212088
39317952
39419671
39532281
39648542
39736151
39873309
39977108
40129951
40232870
40327039
40451369
40537698
40706480
40826170
41002428
41102854
41223177
41324806
41479193
41568616
41675457
41781910
41950004
42082551
42209231
42346345
42447736
42598226
42700587
42786477
42960317
43061148
43197085
43298899
43383968
43518197
43604787
43709902
43831542
43950638
44067879
44172725
44323603
44478406
44581264
44736234
44870679
44956406
45073705
45200956
45324989
45408587
45529914
45614052
45718634
45852028
45972596
46109450
46234646
46332905
46469267
46589091
46713938
46819452
46924774
47063074
47196905
47281035
47382309
47522963
47612012
47745091
47921552
48060710
48162920
48300321
48417439
48527860
48613919
48713913
48819768
48921721
49075621
49173228
49334968
49467020
49585870
49692666
49796895
49950597
50036509
50122891
50260039
50393423
50514402
50597508
50705128
50836761
50989388
51091866
51214439
51317699
51434573
51519484
51622379
51727165
51824205
52012167
52200517
52319114
52437073
52589596
52708746
52794493
52981908
53098707
53255368
53368777
53502757
53623002
53726043
53828539
53993857
54144759
54305638
54437450
54559078
54699116
54818605
55002892
55088826
55190233
55277701
55363612
55516228
55601280
55789939
55958669
56065819
56176437
56316296
56438940
56560144
56743452
56828346
56913408
57014755
57152312
57272400
57379871
57502247
57587746
57690712
57777600
57879496
57963179
58049443
58151255
58256659
58355420
58458945
58560251
58660994
58815292
58917262
59018343
59090322
59225490
59329197
59412592
59497693
59599870
59685952
59769715
59879820
60046965
60183386
60318906
60475627
60611621
60746040
60831642
60957933
61058932
61180266
61335867
61434562
61551556
61660930
61798167
61949368
62068242
62196066
62311383
62412327
62600042
62705263
62806101
62929172
63013234
63115206
63227057
63371349
63525282
63645213
63800120
63953605
64059042
64207318
64294845
64437717
64561807
64680342
64765519
64884000
64986743
65070374
65174883
65280136
65431113
65620967
65708404
65814497
65915826
66086917
66174901
66259084
66331989
66434072
66533782
66672742
66755279
66857030
66942034
67043096
67128717
67231809
67333929
67454737
67622529
67726042
67814056
67903802
68024194
68141556
68243383
68334893
68442441
68536834
68639442
68745235
68843059
68979038
69088763
69239560
69351103
69452325
69542362
69692163
69810635
69931776
70014144
70119594
70290074
70409460
70529087
70660277
70762426
70928509
71046450
71133648
71252275
71338211
71473728
71625981
71710744
71832281
71932296
72021484
72155190
72241590
72326691
72428320
72564479
72687486
72783538
72869929
72970449
73058835
73195727
73295083
73499823
73667852
73770257
73923894
