0
16533
33284
50808
67271
85586
100498
118128
135383
151913
168887
185903
202561
219512
236652
254999
270581
287363
304432
321180
337898
354838
371461
389238
406040
424620
439577
456779
473835
490812
507989
524776
541658
559286
575796
594376
609788
626555
643623
660637
677747
694732
712036
729220
745783
764639
779344
797073
813729
830832
847883
864867
882244
899830
916515
934803
949711
967045
983998
1001162
1205100
1339934
1525609
1645475
1781787
1916174
1999745
2152935
2304536
2406025
2491816
2629654
2745688
2881133
3018363
3139775
3308245
3459368
3629804
3781757
3883508
4035448
4204562
4306884
4425244
4529148
4646628
4816934
4985141
5154434
5290474
5425345
5530658
5785914
5886808
6007806
6157844
6309375
6478650
6597603
6715469
6885437
7039714
7231069
7398587
7590100
7673909
7792791
7984735
8153689
8359636
8561621
8696576
8921253
9095754
9191689
9309780
9516556
9699095
9902530
10021369
10206127
10392056
10528054
10681895
10802155
10984592
11175916
11344099
11482835
11652187
11852746
11971036
12165768
12348767
12470053
12641476
12827932
12978774
13165939
13334962
13462096
13614348
13766763
13902234
14108839
14261464
14382672
14498098
14667569
14829993
14983318
15203623
15389378
15524396
15727209
15880954
16099866
16303338
16505949
16706237
16925345
17047273
17255669
17422723
17591623
17744971
17939073
18078180
18229958
18365104
18502037
18706552
18859079
19057950
19246431
19352381
19519993
19737113
19878735
20014777
20168481
20302158
20490696
20644695
20746493
20900105
21056409
21239967
21425080
21577845
21783106
21919740
22054412
22173606
22327157
22446158
22647770
22850596
23027915
23160724
23328732
23463764
23588931
23806924
23993596
24111750
24214733
24353737
24540525
24725355
24929165
25081529
25200336
25406232
25595163
25798062
25916408
26108883
26264407
26404163
26557237
26777152
26979595
27167851
27372196
27572358
27758698
27944113
28150166
28303220
28438514
28641841
28728203
28899621
29032337
29169030
29339116
29542297
29695714
29919268
30051278
30204812
30322795
30458482
30661306
30846758
31016973
31152659
31290326
31425178
31602993
31737690
31842555
31991291
32193988
32380618
32590420
32760487
32949654
33082245
33267880
33403703
33588806
33775267
33928703
34081598
34235705
34453204
34573392
34740920
34912029
35064383
35252410
35444648
35620889
35824306
36020071
36244468
36414504
36613830
36751997
36923413
37141499
37262655
37411840
37546535
37753093
37957505
38096023
38264897
38467483
38671516
38857185
39061965
39214145
39383186
39604144
39755915
39942959
40082544
40217750
40386082
40590694
40743266
40844699
41031199
41168754
41386091
41521893
41707767
41910684
42097248
42233150
42384570
42555046
42766386
42936502
43071756
43257810
43463243
43616045
43839249
44043693
44281902
44519498
44690060
44898196
45117629
45338790
45551991
45778126
45914867
46049895
46202189
46439939
46592349
46778587
46931994
47148587
47305031
47521425
47674069
47878049
48047060
48218112
48353536
48505235
48692508
48878394
49085763
49278470
49484774
49619747
49754844
49941702
50077881
50264650
50449960
50620334
50823251
51043837
51241035
51359949
51474839
51610813
51733402
51835483
52003698
52105148
52326644
52530479
52665078
52799966
52986624
53140675
53311596
53465205
53583861
53736024
53923077
54059908
54195917
54314040
54398902
54567551
54772452
54929500
55156878
55355477
55493027
55610770
55796532
55934400
56118879
56272416
56390094
56542520
56711487
56900400
57089573
57225403
57431026
57634606
57839601
58043477
58212175
58430906
58618754
58825737
58960340
59180418
59383703
59552851
59709629
59864010
60066410
60289801
60428572
60549253
60684593
60871590
61092005
61193220
61329216
61566782
61779864
61965703
62168311
62337045
62535934
62656077
62808794
62942864
63128712
63315686
63498198
63706120
63801214
63992662
64160695
64296388
64534771
64754191
64873789
65043523
65264453
65486950
65730062
65902681
66105193
66326470
66546097
66699700
66939523
67139839
67329980
67515411
67668469
67811606
68026941
68183597
68421713
68644095
68812488
68928371
69125525
69275985
69497855
69670845
69772197
69998841
70213712
70350250
70485314
70604071
70722610
70891489
71015310
71150632
71356216
71562064
71763380
71966207
72185964
72391160
72543362
72750010
72982410
73135526
73361364
73580976
73774521
73980641
74183436
74359374
74577426
74729934
74902875
75038489
75244480
75445953
75673657
75894656
76028064
76248329
76437552
76664791
76798324
76933533
77120277
77307188
77515908
77723076
77899179
78101683
78238573
78376609
78512027
78614090
78749759
78867726
79036281
79137978
79257733
79427554
79629862
79731798
