0
5292
34430
68299
102114
135657
170166
210429
239611
271024
316953
337991
371215
405046
438524
471976
508588
546835
572442
607897
644754
672704
706881
740550
773695
808633
843580
880767
910124
942309
981588
1008852
1818263
2019912
2253535
2489636
2688569
2904869
3159657
3399783
3639736
3911981
4177185
4411817
4646722
4891439
5159461
5367647
5608124
5836180
6070878
6321688
6559096
6824650
7026100
7308626
7529734
7956468
8157242
8393434
8667058
8897357
9108253
9366529
9602863
9781794
9975508
10174605
10455657
10800180
11097951
11497935
11841604
12248221
12552538
12786671
13026223
13294026
13503511
13744351
14184936
14440619
14775928
15003966
15272944
15562057
15898576
16059311
16301464
16617377
17009546
17379234
17594587
17789423
17990934
18229274
18501875
18737449
18951718
19295481
19599448
19938616
20172945
20407557
20608974
20779549
21082742
21323016
21561730
21791654
22130850
22636209
22923485
23114496
23370048
23564740
23796949
24077113
24289789
24628010
25093021
25426568
25719342
25921774
26125525
26359981
26594626
26931166
27199001
27447475
27783667
28215546
28550723
28854512
29089677
29257958
29426108
29729643
29909075
30155117
30356921
30842285
31179224
31511247
31708129
32009514
32277460
32480579
32752566
33023477
33291874
33665496
34003659
34273325
34509335
34788808
35016477
35284896
35562395
35832564
37708707
38062427
38263100
38671818
38892185
39079946
39279200
39484093
39729598
39961665
40380288
40679116
41403951
41569510
41763702
42035247
42197640
42411276
42603874
42747565
42976754
43332214
43677262
43876747
44149866
44382470
44588253
44861458
45062359
45306326
45540491
45779882
46082058
46354315
46693848
46957904
47169275
47362868
47567852
47800295
48002486
48138219
48374229
48609962
48781481
49018366
49291741
49633170
49903303
50179782
50448070
50717936
50960132
51135311
51312247
51519297
51757890
52018914
52220656
52659424
52965337
53361846
53667023
53903193
54140956
54485100
54789582
55061465
55363436
55665659
56042491
56376645
56618489
56885097
57160308
57333063
57600763
57866880
58106176
58445344
58935378
59200291
59538025
59776827
60019896
60285638
60558246
60867835
61135523
61416452
61908715
62142997
62420711
62661824
62961589
63228904
63498382
63732086
63968793
64108113
64336587
64605574
64806979
65010120
65212114
65477524
65725762
65926807
66131851
66361527
66563385
66767993
67034404
67273919
67478816
67747372
67878107
68151831
68316152
68489293
68785825
68987400
69157867
69423762
69623342
69829885
70064417
70299994
70568006
70807761
71038317
71220473
71422183
71659193
71828404
71995455
72230901
72464646
72667603
72901229
73104347
73370777
73607383
73809502
74042730
74277162
74559977
74824537
75024989
75232089
75496254
75709377
75975752
76144978
76380180
76619941
76892494
77158647
77359465
77563538
77761985
78006143
78172760
78474463
78708117
78849138
79050167
79216844
79485967
79720331
79921555
80189677
80462642
80663340
80901663
81167856
81367584
81640845
81770640
81907883
82141413
82376402
82578805
82813120
83049559
83248904
83453166
83656640
83854076
84054765
84262965
84494033
84670983
84901417
85100299
85270855
85474648
85683621
85915842
86121175
86286883
86423235
86624603
86792881
86995939
87231450
87403112
87636829
87871870
88074199
88209771
88386594
88581943
88716960
88914468
89115967
89352044
89585319
89751493
89991028
90225714
90497068
90735600
90898641
91137832
91387305
91583269
91756795
91952749
92121816
92289811
92523434
92762929
92927963
93131546
93296487
93499580
93699774
93899797
94068600
94237765
94446975
94573844
94709918
94908935
95078318
95278846
95511561
95717237
95883006
96086241
96252499
96458090
96657149
96856395
97059171
97292349
97493966
97694081
97895455
98100053
98299515
98506309
98708537
98879556
99114767
99315370
99550501
99755730
99953305
100159207
100321243
100524193
100690683
100894521
101128315
101328598
101467067
101664769
101801772
101940315
102173666
102405779
102610660
102846007
103009299
103183782
103410911
103580106
103782497
104015801
104256647
104458338
104660847
104829772
105064128
105305229
105466634
105671032
105778222
105987604
106185318
106385108
106659792
106895580
107123103
107333542
107565246
107795874
108007787
108237730
108400872
108634767
108871925
109073963
109279870
109483911
109620342
109820779
110054744
110263945
110457269
110626224
110830990
111045875
111242638
111475738
111647378
111880261
112115690
112356712
112592074
112791670
112993962
113232096
113465442
113670891
113902613
114082324
114273988
114507933
114709667
114984525
115214615
115485212
115760729
116004653
116269441
116471880
116681750
116923631
117102253
117336101
117578927
117820137
118056868
118216235
118421358
118689411
118924446
119163332
119361052
119601092
119843118
120076442
120273656
120516295
120776518
120943615
121112116
121280793
121483215
121683722
121886170
122093954
122323586
122557684
122766275
122963698
123206166
123333805
123547450
123783697
124012040
124223402
124454746
124686554
124853029
125087891
125322898
125491511
125664547
125837507
126037911
126274733
126478787
126643254
126777499
127047580
127214503
127418755
127554852
127786874
128021988
128266336
128458951
128692330
128862753
129063272
129268275
129466829
129666781
129868351
130037290
130238127
130439068
130611385
130848720
131048427
131254753
131487564
131756092
131962321
132206549
132401835
132639043
132837910
133073110
133274552
133481580
133655400
133888208
134124769
134330387
134495129
134730052
134965412
135165645
135400234
135601055
135803262
136039288
136209092
136408826
136610798
136845163
137045446
137214494
137484415
137653467
137889894
138163114
138370305
138638000
138872413
139045602
139241757
139478857
139677141
139951789
140152220
140393864
140631479
140858797
141066651
141305714
141530861
141799344
142080379
142270737
142438024
142708460
142908891
143122839
143293686
143558406
143800744
144036429
146127392
146365540
146581846
146927100
147127644
147300009
147495248
147671686
147871790
148072061
148136174
148614208
148776089
149620660
149851059
150088120
150293619
150492705
150699002
150838121
151035630
151204233
151377125
151579067
151817681
152052673
152291470
152493427
152699585
152833758
153032858
153267823
153502063
153704410
153837773
154018205
154207392
154449178
154618058
154819390
155057726
155256935
155492675
155661835
155898114
156065498
156267101
156500676
156737891
156937822
157139059
157381283
157642742
157811720
158055627
158286357
158550920
158789174
158992122
159190637
159401151
159593802
159696220
159942137
160083883
160246051
160494497
160762784
160927445
161211343
161461721
161556937
161760974
162060150
162261039
162496778
162767124
162966698
163147591
163372536
163573043
163817001
164080166
164279719
164492391
164657201
164857435
165129290
165328678
165511096
165740981
165940150
166145236
166347795
166586896
166859128
167057794
167327842
167628038
167896069
168165015
168402074
168571508
168818814
169051966
169321644
169591012
169757994
169996315
170262197
170498539
170733533
171000704
171206114
171370559
171612923
171815888
172055116
172263981
172495172
172935298
173198877
173435576
173635350
173842059
174071443
174208431
174446729
174648858
175019800
175433068
175942033
176491318
176896265
177207732
177526855
177798298
178139227
178342367
178647866
178911108
179147807
179393166
179626745
179894233
180163672
180405086
180563489
180769105
181036696
181239838
181417505
181644837
181847822
182086737
182284042
182486213
182688622
182935042
183170482
183306932
183540058
183743676
184011953
184213023
184383365
184583379
184793375
184956606
185160129
185357949
185561156
185800441
186035620
186242674
186482839
186750148
186949827
187165415
187389596
187556906
187860191
188031276
188230065
188507726
188734492
188970386
189177100
189372751
189577489
189813012
190113277
190282637
190519654
190717482
190951811
191193130
191391600
191590059
191761363
191958844
192204113
192395791
192641029
192884421
193077829
193310783
193552650
193781016
193952138
194225608
194494374
194899655
195095837
195506771
195805170
196006794
196248506
196476881
196713353
196947430
197149942
197350246
197592336
197862001
198128537
198397160
198632062
198904159
199102294
199372156
199592726
199761089
199995839
200266674
200498286
200735150
200904076
201169310
201342071
201611762
201810689
202080444
202282683
202518132
202786126
203021569
203260358
203460769
203695927
203933914
204167695
204302345
204535840
204771042
204939847
205106417
205276022
205478187
205649467
205916196
206165611
206380231
206609316
206844752
206980045
207213464
207450725
207653034
207886417
208061808
208292583
208556489
208791470
209073281
209261480
209465341
209634886
209840267
210037343
210183362
210423414
210650581
210886040
211154306
211390765
211658547
211894665
212109154
212332714
212611735
212891383
213129202
213390456
213658420
213900215
214135124
214263955
214430656
214632533
214867369
215106077
215341568
215607540
215828595
216089195
216328487
216530544
216766387
217032588
217276810
217507938
217737877
217972852
218185036
218286359
218579777
218781767
218982209
219190648
219385455
219588696
219788115
220056916
220304936
220532918
220797594
221066493
221315435
221504662
221705293
221940881
222143046
222343374
222551041
222780615
223014539
223184717
223333420
223568670
223829071
224097318
224268167
224540104
224788084
224990762
225263055
225603015
225829043
226042351
226275786
226502036
226838952
227055229
227324855
227632682
227929653
228131276
228367752
228644394
228872694
229105491
229416928
229713936
230016834
230327631
230554849
230824315
231113363
231349282
231682805
231914922
232186909
232421530
232623555
232891582
233062708
233275188
233542597
233778408
234115510
234420489
234660105
234894080
235172320
235408832
235674394
235946689
236221861
236496546
236775361
237034669
237336194
237644129
237920794
238156742
238469692
238772835
239008090
239346149
239595884
239830444
240093802
240327488
240665043
240972813
241241947
241477838
241725982
241965219
242203061
242433474
242700097
242943794
243181462
243379456
243588817
243824275
244001337
244235493
244432287
244671113
244911270
245181871
245450692
245661447
245863862
246064228
246371311
246607446
246870224
247046693
247295497
247525725
247829258
248030257
248276053
248577581
248850422
249124385
249335414
249546922
249788009
250053335
250290625
250557386
250808216
251007792
251242110
251383327
251579116
251825726
252024128
252256140
252396829
253516415
253797671
254031212
254239812
254441371
254612228
254810032
255225121
255485240
256231585
256420936
256565414
256756802
256992078
257236564
257495852
257731246
257967485
258219775
258462014
258703341
258948873
259173177
259341697
259551309
259751958
259963739
260196984
260439524
260664544
260961520
261183349
261505770
261774261
262047122
262316146
262561009
262838640
263141618
263313775
263555162
263791592
264087052
264332889
264600773
264841480
265094613
265371764
265610969
265828459
266120974
266389348
266634515
266960291
267244889
267455679
267686777
268035093
268340111
268667305
268952017
269258652
269523686
269871357
270175232
270477806
270709974
270979292
271225066
271524487
271793451
271997767
272273345
272575212
272811332
273080866
273383571
273657819
273930551
274247985
274514952
274748568
275037864
275379667
275687343
276064193
276365380
276742375
277046495
277422017
277761634
278034091
278338392
278678513
278979931
279279210
279584584
279886146
280190298
280497344
280841250
281139338
281442342
281742032
282077421
282310020
282550065
282921380
283223627
283534477
283866581
284171140
284479401
284791729
285128192
285393854
285665455
285930315
286272280
286580257
286916434
287318497
287651267
287990037
288324888
288629863
288866287
289103518
289406030
289719588
290133014
290435139
290757339
291062177
291440128
291775473
292149269
292450846
292784962
293057974
293359874
293661885
293967733
294312661
294649871
295024786
295331302
295574500
295875786
296210638
296514973
296790449
297017422
297322030
297626846
297861935
298137391
298366992
298643990
298911558
299156170
299461194
299797151
300039650
300316102
300670100
300978538
301355506
301708793
301993557
302336295
302704453
303079641
303450426
303769919
304081490
304389519
304757801
305106233
305410209
305792920
306032661
306304338
306642919
306963869
307273331
307586188
307957619
308259986
308530760
308863947
309168061
309483251
309889099
310188401
310596325
310913850
311260385
311607687
311948322
312236118
312579311
312939072
313284763
313563981
313867183
314231876
314531809
314979118
315278867
315720610
316168991
316541708
316984231
317388173
317747235
318064783
318369122
318754370
319021380
319320135
319631696
320025010
320366846
320702381
321073179
321498121
321902048
322251594
322565101
322900171
323168544
323507011
323821090
324157823
324600880
324943350
325324181
325559127
325930368
326313292
326665001
326894770
327167200
327447370
327739289
327979646
328292000
328594065
328913286
329252055
329556737
329835210
330140002
330479844
330759270
331052334
331319050
331571317
331816322
332089564
332392242
332663027
332936427
333250742
333490256
333786619
334061252
334332219
334618246
334957222
335221324
335493432
335876701
336176153
336556730
336835589
337104829
337372486
337643074
337846237
338113537
338384843
338652368
338931969
339267216
339563653
339864834
340168064
340547306
340824092
341024647
341301810
341605120
341905728
342243335
342590574
342857870
343130722
343445122
343710964
343981287
344284269
344585059
344891557
345150662
345348917
345614554
345898553
346201956
346470006
346710755
347023983
347344315
347622110
347959679
348301136
348632069
348971042
349344943
349694354
350012001
350314369
350634005
350934752
351309932
351580891
351823450
352162477
352396842
352602034
352871565
353071577
353346702
353642561
353884556
354084509
354285630
354488161
354755136
354892091
355056667
355278221
355574911
355807002
356050145
356281440
356544429
356778465
357148493
357393906
357630270
357852982
358062161
358256129
358493170
358759008
358968469
359263552
359532500
359749284
360014473
362246914
362517540
362724021
363154058
363355607
363592154
363796314
364025629
364228454
364464849
364840166
365066892
365847450
366014644
366244329
366417177
366617608
366818745
367048937
367251499
367454338
367656057
367898865
368127031
368328838
368570399
368769909
368938635
369139677
369276957
369477787
369678365
369899592
370148322
370383526
370559671
370752489
370987676
371231225
371458881
371659566
371862546
372096922
372332589
372576746
372769130
373035326
373258716
373474289
373675613
373916724
374144703
374353707
374594044
374781902
375002199
375119924
375289800
375521302
375760676
375996650
376200067
376333677
376539882
376742061
376975666
377249163
377523144
377792118
378028135
378235945
378506748
378748546
379016347
379255077
379487029
379757429
380001505
380197564
380434182
380678458
380902725
381170845
381372073
381575843
381780005
382023952
382317820
382620451
382819462
383091084
383366735
383627525
383863041
384099240
384373849
384601360
384871452
385107402
385381542
385578327
385847220
386115302
386352857
386555050
386821260
387061248
387260563
387526330
387764242
387964625
388200591
388405881
388673132
388971840
389207880
389478953
389812441
390050638
390318598
390557603
390770442
391000814
391246474
391519194
391817988
392113304
392422447
392686955
392954645
393295417
393505930
393736359
394038891
394339987
394613890
394882876
395084786
395361896
395697438
395997679
396368492
396672924
396913176
397250877
397523351
397899031
398198697
398432520
398702203
399002807
399305665
399679417
400013830
400261228
400603325
400864991
401172236
401508929
401813133
402152541
402493795
402824580
403125848
403427378
403669961
403941345
404211058
404478005
404745597
405015173
405385397
405661990
405966283
406267091
406537278
406769751
406973693
407208653
407448049
407783557
408051853
408252384
408487465
408791162
409093797
409370981
409601747
409875952
410116894
410494299
410778518
411090184
411390642
411656481
412069959
412371492
412707064
413006485
413241535
413612527
413949537
414287194
414531190
414833567
415152324
415448262
415753573
416054710
416357792
416628836
416933839
417235055
417536818
417847245
418199329
418429466
418733959
419072060
419386633
419656158
419953837
420155175
420422335
420660171
420964563
421374353
421617262
421954615
422222915
422425126
422725914
422972873
423271839
423538264
423908450
424245645
424621189
424931289
425211090
425547080
425848689
426153512
426491728
426762062
427067496
427444833
427821247
428120564
428401112
428713559
428996285
429342795
429559158
429853131
430054091
430296412
430529809
430806721
431101611
431269438
431481984
431672435
431942465
432110758
432310547
432561466
432762989
432998118
433314736
433551190
433789951
434025177
434227809
434494572
434760789
434995976
435266806
435466086
435703051
435949107
436151016
436350734
436520268
436788061
436926065
437231484
437431452
437673412
437868628
438103134
438306368
438505136
438682285
438946072
439144897
439380400
439549504
439715439
439923135
440118833
440360354
440625459
440824560
441031569
441294846
441530466
441731687
441899001
442166681
442375235
442639618
442841318
443046976
443280586
443509806
443745083
444013451
444287516
444515960
444725121
444921547
445189484
445459834
445698018
445934463
446099864
446369374
446572293
446772630
446981331
447245281
447512113
447654769
447881692
448090135
448285714
448553993
448761732
448957053
449190773
449433588
449669648
449895594
450106425
450233782
450348577
450570059
450778270
451041475
451276282
451477449
451685794
451844828
452020687
452251883
452517421
452760133
452999475
453234566
453435885
453671843
453907671
454145179
454384061
454609915
454818717
455013840
455247351
455490439
455723634
455960510
456227463
456463349
456665371
456934255
457038020
457337806
457573639
457810062
458051561
458283853
458529194
458726818
458869111
459170482
459372773
459641159
459881438
460178725
460414447
460682312
460950315
461184540
461421830
461688749
461956882
462159280
462326144
462470789
462697033
462964541
463200689
463474115
463736987
463972983
464206284
464441867
464643569
464917202
465153381
465416711
465649922
465885669
466122288
466321971
466525902
466726915
466966192
467177159
467368486
467612689
467805745
468077982
468312181
468549958
469824481
470073741
470274599
470441125
470677140
470943159
471148842
471523713
471691458
472531621
472760447
473000889
473206467
473468231
473647151
473815477
473983857
474185747
474385636
474619503
474823052
474955977
475161988
475392326
475627127
475828477
476030368
476239868
476435734
476577468
476670004
476924718
477115651
477350344
477594178
477787479
477989335
478209595
478476662
478744719
478955456
479186495
479425607
479643169
479795485
480034522
480233429
480473665
480672285
480846335
481084485
481319957
481481663
481660974
481889328
482124233
482331390
482561252
482797132
483005122
483200238
483400355
483676570
483842190
484107679
484353333
484580771
484850983
485026443
485262006
485467166
485636378
485879165
486112553
486393572
486626508
486896363
487167338
487409424
487672989
487910243
488110609
488312934
488514607
488714807
488918142
489150147
489426703
489654930
489890231
490127662
490366314
490603277
490802549
491041836
491242876
491478866
491681698
491917051
492184626
492389984
492590667
492826334
492994515
493262779
493433036
493667379
493941929
494174077
494378069
494612004
494846991
495099211
495298284
495505867
495734457
495936318
496139834
496339890
496522454
496712144
496949196
497189264
497318565
497552393
497790686
497988990
498195608
498391384
498593655
498867143
499066816
499338534
499571302
499775042
499941293
500112123
500346905
500512433
500680462
500890827
501151572
501351616
501618308
501755456
501987867
502192271
502459900
502667957
502905054
503137276
503340375
503605642
503807892
504076391
504313741
504482341
504697949
504937496
505203603
505438567
505637467
505878177
506142974
506344527
506618350
506781950
507021649
507299148
507529018
507814089
508120112
508356773
508558250
508826765
509097732
509304607
509505156
509705926
509974560
510177504
510451226
510717589
510926189
511159923
511367665
511596962
511833832
512101298
512305646
512472648
512714452
512995022
513223828
513459933
513626689
513760942
514050720
514257847
514458596
514663610
514928591
515130739
515333891
515538599
515708823
515973391
516209837
516385078
516652376
516859376
517131256
517328955
517563488
517663694
517899085
518168506
518405622
518637030
518871927
519109476
519378229
519582661
519787866
520017802
520220145
520422850
520689226
520890959
521127648
521429638
521695943
521931385
522135146
522404834
522638837
522877261
523078130
523280303
523525397
523785339
524088319
524390962
524530566
524760653
525030505
525203308
525400058
525667761
525886148
526116590
526350758
526557975
526784676
526986107
527188471
527389009
527657136
527897784
528093441
528337126
528577144
528845219
529077789
529310599
529548958
529783429
530015215
530257354
530489804
530690825
530957296
531161730
531427178
531695837
531920214
532150510
532355526
532657832
532894356
533162845
533364332
533532277
533699349
533901060
534136307
534409084
534675891
534942429
535176676
535425086
535682400
535884547
536152577
536389214
536589737
536859155
537060328
537336708
537607359
537875117
538117592
538276825
538547163
538832565
539106375
539380638
539575918
539818254
540079092
540316859
540550307
540784463
540987037
541256395
541524454
541797031
542069608
542298105
542566269
542842704
543076807
543305757
543539884
543775368
544009281
544185645
544450016
544647561
544888823
545100075
545294144
545435736
545696715
545965411
546219755
546410607
546611409
546887645
547080750
547281534
547486110
547724652
547994557
548235595
548470185
548700991
548934242
549103393
549369831
549638698
549813670
550075604
550308955
550543780
550820596
551049528
551316664
551519155
551719216
551860180
552129737
552397389
552665409
552943711
553179919
553371001
553581369
553815337
554052990
554253695
554491289
554758194
554993068
555202391
555428200
555636876
555877823
556100585
556310965
556545499
556806449
557008472
557244153
557480538
557746214
557986628
558250903
558527277
558760493
558930526
559164091
559397561
559634035
559869749
560068052
560271824
560438306
560639894
560809185
561015447
561255235
561415926
561619433
561820131
562056003
562223630
562458994
562697910
562939712
563134158
563336645
563538163
563737434
563972627
564172653
564380659
564613666
564811289
564955850
565182107
565416075
565649892
565817904
566058187
566255426
566458231
566629730
566831368
567069298
567311025
567503841
567770866
567941131
568139691
568342103
568543916
568777647
568983103
569181378
569381951
569617679
569852534
570052966
570288479
570491715
570691413
570930013
571101009
571300851
571439694
571636558
571838099
572039060
572239041
572454393
572651535
572850641
573093924
573328440
573565375
573808737
574008888
574239645
574409962
574643021
574879904
575051304
577084244
577326327
577491744
577693189
578069696
578317165
578524874
578655840
578858267
579062615
579234438
579402347
579776846
579969774
580780666
580948055
581076840
581277877
581418428
581616931
581789001
581922462
582129453
582253199
582423473
582622765
582802701
582995943
583163458
583372284
583583284
583717461
583917939
584120780
584322396
584458470
584661445
584847157
585068139
585234051
585368815
585604374
585807631
586042398
586217091
586378870
586579783
586780388
586952964
587120735
587288737
587455321
587593347
587759663
587959934
588093826
588294080
588431703
588630368
588834764
589002254
589137883
589273341
589475325
589651656
589812778
590012170
590181225
590349578
590484104
590629163
590831984
590998986
591169318
591304298
591469890
591676968
591877142
592109344
592248506
592448011
592649396
592853339
593021576
593223991
593456379
593625716
593826819
594029181
594268647
594466243
594666843
594871796
595070890
595284443
595511203
595710651
595949364
596190220
596393800
596559710
596759782
596994528
597232598
597436322
597667311
597908413
598110662
598414519
598581845
598783878
598955965
599159036
599333692
599560763
599729792
599967975
600172925
600346698
600543562
600778988
601046760
601247969
601448215
601619525
601785011
601991783
602222125
602460837
602666083
602830736
603039926
603307347
603472654
603677605
603943779
604111128
604279669
604482143
604721941
604954197
605219593
605322412
605522365
605692547
605960579
606195065
606363570
606631844
606798598
607034132
607237474
607471601
607619159
607858157
608100328
608294141
608527682
608796190
609032174
609268064
609438056
609669898
609907689
610142118
610344258
610616225
610751239
610954882
611228703
611469942
611811448
612073124
612281941
612457684
612731805
612993257
613263083
613469066
613742020
614016165
614258048
614470920
614761044
614995728
615242447
615554485
615812785
616051567
616283738
616556816
616791343
617098595
617366692
617575125
617769254
617939681
618142105
618346001
618653303
618921512
619221137
619426197
619730581
619997725
620284625
620544477
620819218
621121319
621299554
621525811
621796489
622101509
622369121
622673861
622945400
623148322
623451451
623783907
624586748
624827738
625067613
625377442
625642576
625908160
626144765
626392114
626588198
626788963
626989621
627232542
627464452
627634144
627801691
628041387
628274366
628411357
628614018
628884111
629120780
629356327
629521674
629760728
629962884
630161502
630333904
631540105
632481120
632685878
632952912
633125496
633288148
633530869
633766316
634034182
634236470
634477183
634706925
634907574
635076938
635312548
635549071
635784467
635987896
636122798
636387195
636589604
636833470
637031650
637268224
637398830
637575275
637777839
638014842
638250807
638521085
638789105
639021755
639287494
639560270
639733224
639935038
640100273
640302296
640553630
640810037
641050371
641221319
641451342
641621376
641824418
642091867
642328688
642602070
642804948
643017156
643209805
643484915
643718942
643954218
644225846
644493498
644708508
644895855
645098200
645339228
645577876
645878353
646180818
646388594
646742607
647036919
647352563
647622993
647934759
648244625
648492922
648797997
649060976
649306693
649545128
649784091
650058559
650321937
650568792
650848482
651092463
651351161
651618816
651868117
652168820
652408876
652640306
652897346
653245966
653481039
653751439
653985588
654261715
654499887
654799457
655067716
655301682
655514804
655773611
656006744
656310702
656580962
656820936
657098476
657314354
657546027
657849670
658085304
658337516
658568962
658838811
659105671
659350197
659685568
660037759
660298154
660603626
660871833
661107060
661382850
661615385
661877668
662078884
662390415
662693211
662928206
663163388
663464661
663676160
663951930
664340661
664678401
665023418
665359692
665660186
665999471
666299944
666608536
666924441
667228246
667512334
667878281
668191949
668556755
668931467
669270878
669652283
670088978
670428758
670767189
671036489
671385441
671755590
672028359
672342739
672717049
672960760
673324510
673665250
674037028
674380204
674785785
675191737
675525785
675906487
676298392
676643660
677117584
677491659
677942575
678241086
678599724
678879928
679330337
679692503
680105571
680501927
680907099
681211980
681702719
682067760
682338766
682674837
682976519
683244138
683518248
683759638
684574840
684878842
685115835
685346411
685560970
685855328
686274311
686538637
687278237
687508917
687709448
687921528
688054440
688118982
688223459
688439386
688675247
688994230
689299448
689619509
689890341
690130214
690433096
690736806
691085469
691320314
691663617
691935403
692255053
692555782
692925963
693232856
693503907
693795119
694064409
694372273
694642419
695032182
695332980
695638704
695948076
696234718
696528498
696800902
697145436
697536513
697807362
698046757
698353769
698774958
699146199
699486761
699823506
700126888
700498095
700800979
701134576
701441492
701784791
702159505
702540272
702896669
703266571
703611347
703879640
704246487
704621866
704960283
705327456
705667312
706004589
706390026
706735383
707049988
707394303
707772848
708051844
708377279
708736486
709076046
709379657
709705990
710053584
710430173
710699295
710943015
711226372
711501305
711738103
712052913
712418183
712755969
713067208
713327972
713594558
713830131
714098570
714411610
714649443
714924202
715191372
715432686
715700476
715966747
716271060
716581181
716855207
717133120
717397423
717705106
717983162
718248629
718421362
718721974
718959237
719233777
719479826
719746562
720015365
720283839
720558005
720802602
721047151
721292132
721595678
721865977
722138030
722414171
722687110
722953229
723191384
723463389
723767522
724007313
724277593
724543937
724786677
724988728
725228372
725544113
725821466
726089768
726358382
726593029
726831740
727099329
727339746
727640712
727908349
728186589
728489064
728762817
728994294
729232088
729532081
729775967
730011985
730278026
730547678
730817222
731091011
731364587
731631158
731886052
732149393
732427107
732691208
732925104
733199606
733443008
733715179
734020927
734292042
734565477
734836406
735037350
735275095
735544692
735780757
735984544
736227198
736461802
736708981
736843464
737042664
737284662
737721376
737888422
738107645
738352119
738586495
738824557
739023030
739259054
739499945
739771598
740006042
740309464
740544242
740711961
741148205
741351419
741576139
741775226
742010270
742214271
742414324
742625081
742818683
743052885
743223332
743388097
743559691
743757241
744027071
744262991
744434463
744641121
744872136
745143857
745382038
745661208
745823025
746057419
746293869
746495396
746768510
746971453
747236432
747475401
747707648
747888178
748134573
748369606
748560429
748803373
749065690
749298845
749536926
749773590
749977398
750210917
750450412
750686734
750887533
751063248
751290510
751558755
751734530
751963925
752201792
752409671
752673705
752911959
753188949
753425401
753619372
753893507
754167332
754447100
754675508
754945375
755183823
755430265
755631526
755864388
756066012
756301354
756584298
756775324
757044253
757279681
757515489
757750187
757983929
758163209
758320677
758525918
758727015
758995014
759231965
759468184
759705658
759952632
760183241
760413740
760623624
760821063
760987100
761199474
761425631
761635075
761870041
762167451
762436284
762704017
762978784
763227053
763423664
763565066
763758905
764000481
764239531
764432329
764634254
764871353
765137692
765407549
765682775
765952871
766182456
766391207
766629177
766896583
767063715
767298661
767535437
767784749
768018728
768256543
768524285
768790944
769072419
769302146
769497572
769742374
769975486
770209690
770418696
770660459
770916599
771117134
771286779
771526121
771787208
772022892
772285324
772561148
772804368
773000610
773247020
773490155
773727207
773954426
774164647
774407644
774631184
774852324
775055706
775354193
775555110
775723759
775995320
776228993
776464422
776664284
776932774
777139987
777408938
777675890
777883277
778149692
778383112
778651183
778920770
779135593
779367647
779671269
779913728
780223646
780506722
780768522
781005035
781282290
781519390
781679636
781915156
782118366
782353190
782626971
782927192
783159769
783363033
783597643
783902426
784103923
784339195
784608358
784885808
785076503
785321025
785515951
785748973
786019372
786226590
786493130
786756468
787025327
787294687
787572232
787802523
788071177
788349830
788548855
788832499
789101611
789342778
789548246
789813295
790081329
790353262
790589240
790727404
791855835
792093425
792397011
792942942
793147229
793419981
793639721
793860085
794062940
794234285
794649673
794880974
795663522
795856916
796035446
796299107
796400327
796605833
796810781
797020282
797241349
797477471
797687905
797946537
798214955
798438542
798653753
798856297
799037356
799227396
799463600
799666285
799832037
800064180
800222831
800409536
800639047
800872843
801087963
801312817
801514581
801719900
801954181
802157574
802355691
802590383
802787332
802998458
803167726
803450568
803603289
803814533
803954478
804132285
804359733
804596908
804733555
804968293
805139247
805369992
805504449
805774944
805975494
806214644
806451907
806686796
806921209
807189006
807397604
807635187
807838998
808106986
808345553
808584763
808822191
809089726
809358367
809592972
809828214
810100943
810339134
810648368
810888343
811120748
811423424
811665244
811837386
812074641
812313381
812634136
812872412
813106586
813375883
813645668
813915882
814185773
814431017
814770506
815139601
815553279
816084183
816429498
816798190
817232082
817590790
818043376
818565848
819101798
819402127
819808983
820078323
820613885
821029459
821465593
821961594
822450138
822889387
823224369
823493956
823861391
824162425
824431943
824737943
824970382
825207346
825405744
825678554
825982333
826194965
826458407
826658017
826931557
827232847
827475502
827745359
828012446
828249858
828518862
828753324
828994893
829226458
829501459
829775102
830014836
830278590
830518285
830719701
830956236
831226504
831494940
831726036
831930565
832164824
832408405
832642769
832913197
833149805
833391699
833586452
833820980
834089799
834329470
834561188
834798300
835099525
835303252
835538098
835772739
836080404
836313551
836545705
836815922
837093146
837318904
837587911
837823554
837958035
838230157
838436167
838632540
838867908
839037659
839237518
839506604
839782603
839984247
840220788
840467133
840657135
840894222
841134444
841398213
841605569
841818434
842081538
842352629
842552214
842789777
843033008
843233937
843473785
843705555
843975248
844183809
844448617
844648098
844854443
845090604
845326656
845549500
845820933
846052623
846324153
846594578
846797892
846934438
847102940
847268348
847469301
847707438
847979317
848214536
848480552
848749955
848925403
849118179
849354159
849594688
849822765
850126801
850396101
850664419
850833298
851098208
851239695
851540032
851773646
852042913
852308239
852581132
852748018
852956604
853218571
853373034
853660838
853885442
854119070
854354080
854558237
854790264
854998225
855164253
855428811
855701848
855972438
856173668
856459360
856616430
856797264
857031340
857254214
857421777
857630251
857892147
858139558
858296576
858501843
858714349
858936958
859207331
859485476
859680889
859882169
860090383
860327407
860595904
860839650
861076586
861338301
861575426
861856475
862085933
862291385
862532611
862769236
862996600
863235244
863468975
863741707
863973703
864224501
864418958
864688500
864965201
865202449
865444528
865677898
865923764
866158218
866352855
866495603
866723498
866958927
867134950
867301153
867574017
867741200
867950811
868213189
868447557
868682533
868884251
869124848
869359835
869563392
869765294
869997789
870207290
870467964
870646596
870938646
871141226
871442137
871654428
871919825
872097178
872336094
872572392
872835504
873105200
873373359
873609487
873880240
874148548
874417315
874652546
874820730
875090960
875304859
875507172
875775774
876010333
876213007
876481658
876631421
876867417
877133886
877289339
877557343
877831303
878005718
878301741
878569665
878784078
879023963
879281980
879484203
879693092
879955052
880189695
880465434
880730368
880937883
881145141
881407786
881643442
881843080
882052212
882280756
882518572
882687645
882978929
883219807
883486413
883761153
884032882
884300008
884447266
884738140
884940144
885142972
885379817
885610898
885847443
886083309
886353052
886618586
886820577
887058114
887297787
887500107
887769558
887937280
888173184
888340845
888583799
888781023
889048484
889256420
889552914
889855503
890124201
890391011
890626625
890863007
891065761
891275093
891505479
891699941
891945699
892137727
892406907
892640279
892910404
893155053
893387972
893630688
893860793
894126844
894359802
894595312
894799044
895070111
895313953
895548231
895777698
895983807
896223092
896453199
896669008
896921299
897182613
897450369
897694915
897856615
898123567
898326448
898526425
900702689
900971794
901206569
901446045
901648164
901879393
902392336
902585511
903398396
903534379
903802990
904048435
904248338
904478738
904656757
904834353
904974798
905178910
905383225
905551141
905717204
905923754
906155131
906355916
906529724
906735886
906939222
907168976
907450873
907686804
907955767
908169768
908394578
908662581
908896636
909133720
909365949
909567928
909806790
910009004
910211044
910411222
910579221
910782946
911016860
911197706
911436974
911712592
911995453
912229899
912455309
912660467
912902633
913072333
913315973
913520102
913794072
914063719
914334061
914505762
914805642
915111898
915382841
915658228
915965810
916162089
916466746
916771209
916991410
917291909
917596984
917837300
918106386
918375409
918685328
918983462
919250527
919520216
919755026
919990878
920328499
920527229
920794808
921035369
921303076
921605606
921872729
922347854
922546138
922812754
923053022
923320002
923553909
923823990
924093617
924298573
924598310
924867027
925073500
925305311
925539370
925812407
926049107
926250675
926451624
926722740
926988739
927229022
927467855
927701849
927972585
928206067
928446295
928676914
928946037
929217338
929460054
929724333
929959868
930258730
930563799
930864099
931145456
931413628
931677141
931946759
932220867
932458873
932699059
932972272
933274373
933577910
933819007
934085198
934354560
934658329
934891553
935126709
935395427
935665511
935898346
936168577
936435766
936704834
937012194
937351341
937624740
937924715
938201146
938479626
938748948
939017950
939318931
939591856
939856182
940127022
940405826
940676445
940948951
941214532
941451894
941760659
942063338
942330735
942601838
942801758
943069387
943325728
943671838
943938323
944259132
944527131
944829827
945099125
945371438
945609539
945911014
946180062
946482013
946725487
947021417
947256206
947556199
947859210
948267824
948606063
948976766
949346015
949721086
950055644
950430466
950824972
951195160
951601855
951939709
952274055
952614517
952993151
953398410
953745117
954154455
954492019
954821848
955159413
955479059
955814990
956150686
956494488
956810284
957128638
957432722
957773866
958144678
958412585
958750287
959105575
959458734
959794812
960097770
960400859
960805024
961140541
961475253
961812705
962150951
962483516
962827334
963195378
963541762
963842761
964120004
964465382
964800472
965065181
965344650
965728455
966039822
966342010
966648638
966950626
967253775
967651769
967919220
968197843
968474015
968735439
969036796
969305370
969588461
969846358
970115616
970381584
970665164
971000797
971274889
971514675
971846483
972145527
972446979
972729264
972997571
973267741
973574196
973843945
974227024
974586505
974920218
975337954
975694967
976062296
976400586
976735845
977074428
977444861
977748509
978116397
978418790
978699974
979028317
979371043
979729409
980040403
980376359
980713979
981048537
981442255
981741154
982101200
982425530
982765479
983102348
983530135
983900758
984241534
984642500
985047832
985398707
985712431
986071661
986447582
986794344
987118516
987489064
987825883
988201731
988539758
988876428
989212701
989553060
989845452
990187087
990491446
990803720
991140842
991434100
991771933
992151848
992545314
992853108
993186694
993455481
993757154
994098531
994469962
994773042
995143794
995487293
995831822
996135733
996513391
996891957
997226181
997578335
997915387
998217782
998460514
998730084
999038316
999341486
999610782
999909746
1000176552
1000445666
1000724553
1000959927
1001225398
1001526396
1001807871
1002081666
1002379359
1002822549
1003096324
1003394308
1003672887
1003935753
1004236590
1004538230
1004841286
1005116731
1005379407
1005686056
1005949409
1006233808
1006476717
1008093826
1008435108
1008699877
1009099603
1009336752
1009574657
1009845725
1010079512
1010366476
1010807507
1011071879
1011818033
1012083781
1012346632
1012549581
1012825236
1013053790
1013289665
1013518321
1013747507
1013979907
1014149599
1014385160
1014586700
1014829276
1015064582
1015308936
1015555764
1015781727
1016058943
1016329903
1016569909
1016798384
1017067173
1017303065
1017474089
1017705229
1017943691
1018180378
1018419237
1018653420
1018942729
1019200485
1019436657
1019648783
1019884243
1020120607
1020393218
1020631606
1020860551
1021131705
1021376059
1021651502
1021915833
1022152422
1022386325
1022591156
1022868267
1023133744
1023380732
1023650526
1023853141
1024291909
1024489483
1024757397
1024927791
1025196917
1025434529
1025638328
1025904066
1026193230
1026465300
1026748870
1027208606
1027417624
1027678824
1027948905
1028215623
1028483842
1028689112
1028946260
1029190711
1029427175
1029595640
1029864275
1030102658
1030334826
1030570772
1030815376
1031076281
1031350871
1031552186
1031827945
1032093662
1032362487
1032597560
1032800419
1033036135
1033301871
1033539004
1033807694
1034076343
1034308631
1034517290
1034746745
1034948131
1035199859
1035425217
1035663025
1035931764
1036170813
1036368785
1036541838
1036773590
1037006745
1037273644
1037552304
1037782036
1038014057
1038247573
1038518113
1038786718
1039055330
1039289630
1039458523
1039694530
1039899819
1040163287
1040397495
1040634054
1040909611
1041173910
1041405371
1041677539
1041920277
1042185493
1042453636
1042688351
1042822673
1043092657
1043363964
1043605199
1043800467
1044044607
1044311501
1044547889
1044783125
1045023516
1045258376
1045491886
1045728947
1045996212
1046235213
1046500131
1046744592
1046950380
1047149938
1047285703
1047450217
1047718917
1047925037
1048157315
1048392129
1048596609
1048831990
1049099478
1049300247
1049568615
1049803115
1050075760
1050309958
1050546600
1050779784
1050915250
1051151516
1051354342
1051586011
1051789389
1052026103
1052225343
1052492770
1052728212
1052896872
1053165698
1053371995
1053636114
1053871307
1054173218
1054406963
1054644384
1054877550
1055114343
1055319268
1055553764
1055789177
1055953909
1056189912
1056459968
1056627597
1056929847
1057212572
1057551962
1057818552
1058108007
1058436726
1058735573
1059035583
1059303767
1059637044
1059905566
1060241932
1060547720
1060860943
1061197737
1061474557
1061772858
1062114455
1062379613
1062688157
1063056143
1063272544
1063577371
1063942954
1064278540
1064588519
1064891768
1065201921
1065535824
1065834715
1066103871
1066402991
1066673312
1066975843
1067280820
1067484753
1067783315
1068061474
1068360940
1068630304
1068966366
1069239081
1069588013
1069922245
1070253683
1070593059
1070855471
1071119778
1071455286
1071723986
1071993393
1072295429
1072568087
1072889352
1073228993
1073536893
1073842821
1074147075
1074432317
1074793233
1075191890
1075529787
1075870356
1076139806
1076451760
1076711063
1076915308
1077128527
1077425997
1077708169
1078045908
1078418028
1078689064
1078963043
1079229692
1079507989
1079745418
1080104099
1080373836
1080683620
1080991718
1081295793
1081599280
1081936740
1082215939
1082549572
1082887127
1083156635
1083465650
1083804263
1084136318
1084430738
1084731248
1084965852
1085158303
1085478837
1085738318
1085972210
1086276011
1086586961
1086926687
1087217678
1087554167
1087857597
1088092445
1088396865
1088664593
1089035433
1089369960
1089704730
1090009259
1090282904
1090520262
1090814586
1091114585
1091388603
1091724210
1091991386
1092327574
1092597562
1092902777
1093210091
1093509888
1093779691
1094114884
1094417198
1094685127
1094901584
1095158211
1095390101
1095667930
1095963378
1096265464
1096467180
1096735101
1097010874
1097246904
1097508824
1097741996
1098021657
1098217201
1098452304
1098721365
1098993465
1099230508
1099497712
1099767603
1100042050
1100379800
1100719559
1100978007
1101329111
1101684344
1101963803
1102323535
1102661116
1102971639
1103263241
1103537607
1103882244
1104184880
1104487104
1104789381
1105100337
1105395066
1105695336
1105933400
1106237167
1106482821
1106751433
1106988825
1107254772
1107523931
1107827349
1108096045
1108397570
1108736418
1109043871
1109378618
1109682806
1109949934
1110319594
1110621432
1110925750
1111228421
1111462489
1111737678
1112002341
1112269162
1112474623
1112783572
1113053178
1113289717
1113589504
1113893197
1114163510
1114441008
1115719513
1116093388
1116296342
1116564720
1116768653
1117037027
1117413115
1117602779
1118417823
1118685417
1118886074
1119150686
1119344215
1119533303
1119803499
1120003546
1120272904
1120474969
1120698214
1120929553
1121176832
1121384320
1121712074
1121990174
1122256369
1122505489
1122697274
1122961835
1123212942
1123402562
1123605325
1123884208
1124086990
1124388830
1124725841
1125028915
1125307151
1125552480
1125711154
1125950543
1126232644
1126493611
1126763659
1127031905
1127299769
1127538113
1127807879
1128107661
1128380465
1128685383
1128860164
1129020494
1129298542
1129623615
1129953021
1130216320
1130586238
1130894658
1131239829
1131538225
1131843048
1132145399
1132487522
1132789069
1133063593
1133367262
1133604999
1133807852
1134173963
1134442962
1134746633
1135025375
1135319888
1135623534
1135958591
1136294924
1136633967
1136972564
1137309137
1137610977
1137945761
1138317099
1138654603
1139022268
1139327208
1139559159
1139929806
1140231011
1140599955
1140836093
1141171901
1141508689
1141843689
1142115070
1142423822
1142785629
1143097978
1143439739
1143734602
1144036660
1144303052
1144567730
1144872536
1145147747
1145483706
1145750952
1146084499
1146352466
1146587249
1146839050
1147097065
1147410369
1147682673
1147951457
1148220985
1148558173
1148796489
1149131082
1149535714
1149838687
1150176859
1150441354
1150675989
1150979527
1151315004
1151585907
1151894361
1152191315
1152594535
1152903593
1153202488
1153506358
1153738893
1154076684
1154385601
1154687251
1154955471
1155227498
1155500067
1155801785
1156106790
1156375002
1156677182
1156951974
1157291014
1157553676
1157853589
1158122047
1158357974
1158632452
1158901031
1159167123
1159434485
1159768611
1160038273
1160374716
1160710633
1160986885
1161182651
1161517529
1161820689
1162122989
1162458185
1162761575
1163027778
1163234623
1163611441
1163953856
1164255023
1164522684
1164725593
1165036570
1165373159
1165678258
1165910477
1166247020
1166552659
1166760264
1167064315
1167362537
1167696126
1168009904
1168300806
1168611765
1168879900
1169117501
1169429698
1169691763
1169939659
1170207158
1170511533
1170851607
1171121267
1171462744
1171762918
1172063857
1172402478
1172666062
1172942172
1173250789
1173583811
1173827888
1174124772
1174430453
1174801459
1175067680
1175373441
1175707772
1176076729
1176311882
1176581505
1176851112
1177085275
1177387832
1177692849
1177962582
1178172781
1178407020
1178646381
1178858122
1179126418
1179369468
1179564054
1179798426
1180075790
1180283055
1180515661
1180750920
1180967655
1181160972
1181427943
1181652464
1181877132
1182111501
1182349351
1182583805
1182817974
1183019983
1183254491
1183521018
1183733712
1184010399
1184269795
1184540137
1184782098
1185043156
1185313249
1185514057
1185792542
1186031887
1186292631
1186559725
1186802198
1187035044
1187263834
1187473745
1187743227
1188030490
1188300139
1188468516
1188703607
1188938610
1189181480
1189415385
1189647145
1189914614
1190117302
1190352475
1190553984
1190821547
1191097535
1191292058
1191537832
1191771873
1192001791
1192213061
1192405803
1192641132
1192841726
1193120990
1193354112
1193586862
1193826086
1194090817
1194258505
1194468458
1194696786
1194972284
1195251713
1195515554
1195724435
1195930357
1196164567
1196328537
1196573452
1196807744
1197009064
1197242637
1197481567
1197679292
1197954992
1198195134
1198452775
1198689758
1198963162
1199261149
1199498470
1199802375
1200073615
1200343698
1200557949
1200819037
1201087165
1201258410
1201458456
1201693275
1201931155
1202133540
1202347243
1202609288
1202845294
1203020919
1203214296
1203483571
1203751883
1203986094
1204263702
1204488703
1204657063
1204924938
1205125105
1205327269
1205570595
1205838646
1206106804
1206342819
1206551859
1206819743
1207055215
1207257674
1207527547
1207767268
1208033403
1208264738
1208501491
1208749221
1209025998
1209264892
1209502123
1209736751
1209970424
1210239629
1210385707
1210579220
1210782023
1211016870
1211284575
1211563753
1211865953
1212081143
1212242342
1212514007
1212759179
1213019245
1213153858
1213390477
1213560979
1213829315
1213996974
1214203531
1214437818
1214707173
1214941679
1215179103
1215414875
1215649404
1215918954
1216154356
1216430090
1216594889
1216833783
1217107243
1217376123
1217645303
1217818799
1218047214
1218284290
1218453749
1218686987
1218888314
1219093650
1219329079
1219603099
1219868383
1220103278
1220303100
1220538906
1220810431
1221041670
1223251387
1223591711
1224208752
1224447193
1224712239
1224890925
1225122708
1225323560
1225900890
1226096400
1226910423
1227101676
1227302498
1227507800
1227777121
1228011033
1228213702
1228347256
1228590706
1228850599
1229017912
1229261496
1229494231
1229695141
1229895627
1230130083
1230332502
1230534892
1230769415
1230951204
1231148966
1231381612
1231623605
1231853321
1232088833
1232256999
1232490274
1232638339
1232795222
1232975612
1233167274
1233438029
1233604839
1233808050
1234011276
1234177752
1234320674
1234511798
1234748097
1234915951
1234993748
1235192557
1235439693
1235650068
1235885821
1236087459
1236331192
1236533383
1236704353
1236910348
1237111620
1237282652
1237515465
1237786583
1237956369
1238262047
1238564794
1238766402
1239038863
1239272779
1239579991
1239780703
1240016901
1240223780
1240394410
1240628638
1240906858
1241174291
1241409093
1241643367
1241888238
1242098971
1242370918
1242573162
1242818218
1243048538
1243313666
1243548360
1243751218
1243953231
1244124664
1244394978
1244629974
1244836602
1245069753
1245236616
1245438839
1245640850
1245909912
1246182469
1246415979
1246648851
1246916974
1247155275
1247388404
1247655810
1247891483
1248132015
1248362543
1248635510
1248879632
1249147108
1249385888
1249685396
1249893895
1250124766
1250333718
1250582931
1250845846
1251013465
1251282791
1251484748
1251687007
1251932911
1252203949
1252468749
1252669428
1252872792
1253074934
1253343728
1253617417
1253884194
1254150442
1254418423
1254587134
1254821490
1254924167
1255122712
1255359799
1255631834
1255863320
1256131008
1256402140
1256574976
1256809029
1257008827
1257247094
1257449795
1257715515
1257918259
1258186047
1258436326
1258676066
1258911329
1259111202
1259380107
1259649214
1259884774
1260151852
1260388696
1260657523
1260925584
1261193397
1261460846
1261704885
1261934729
1262206072
1262440223
1262677759
1262943624
1263212849
1263483866
1263723854
1263922380
1264158865
1264428499
1264667079
1264934235
1265170741
1265416041
1265674781
1265943018
1266124798
1266362441
1266597760
1266866620
1267167210
1267442042
1267743134
1268010888
1268279257
1268453329
1268716241
1268983236
1269253995
1269520845
1269726848
1269994139
1270163689
1270368843
1270635336
1270836269
1271038288
1271206077
1271444280
1271747444
1272051351
1272331282
1272569560
1272847451
1273015002
1273250676
1273524667
1273787668
1274056860
1274255826
1274500338
1274768563
1275069601
1275339559
1275552671
1275814356
1276081419
1276316907
1276560238
1276723811
1277028667
1277330529
1277573568
1277840562
1278108778
1278375868
1278585305
1278880338
1279116999
1279352808
1279590471
1279787674
1279987774
1280262935
1280526574
1280770163
1281005165
1281285192
1281508175
1281710245
1281952501
1282217879
1282458060
1282694731
1282968896
1283200127
1283467176
1283737220
1283869194
1284106499
1284345487
1284584452
1284884370
1285118589
1285387207
1285661427
1285858146
1286089986
1286341678
1286600851
1286799835
1287068758
1287304127
1287539945
1287807651
1288044144
1288277910
1288547463
1288788060
1289027570
1289284772
1289553059
1289801814
1290062709
1290264151
1290533563
1290768389
1291003613
1291239504
1291481580
1291677397
1291942723
1292151551
1292389518
1292616581
1292887985
1293162116
1293402695
1293627740
1293862976
1294131796
1294406618
1294642391
1294874484
1295111568
1295379667
1295647920
1295857043
1296091595
1296321134
1296555885
1296793334
1297026228
1297297290
1297544310
1297773477
1298071190
1298313574
1298553942
1298749380
1298897884
1299094470
1299359378
1299627866
1299830702
1300064701
1300300527
1300534909
1300815390
1301039422
1301315733
1301596293
1301854230
1302056099
1302223534
1302459052
1302727179
1302962437
1303230891
1303466457
1303699304
1303945581
1304177024
1304276469
1304511495
1304808401
1305076607
1305346144
1305581823
1305818219
1306051447
1306291871
1306423786
1306658742
1306895882
1307130571
1307400706
1307666858
1307880153
1308139212
1308376649
1308610909
1308894106
1309150375
1309384674
1309666635
1309897260
1310123004
1310331426
1310567377
1310797340
1311032056
1311339959
1311580506
1311804910
1312015671
1312249797
1312442514
1312683508
1312922386
1313180610
1313415317
1313650498
1313887409
1314121967
1314365640
1314623817
1314860771
1315095591
1315329574
1315565315
1315834913
1316070592
1316277918
1316504796
1316739512
1316976558
1317244061
1317412292
1317583068
1317814904
1318016080
1318250560
1318486237
1318687709
1318888877
1319124936
1319358981
1319526962
1319733304
1319896762
1320131950
1320333497
1320540442
1320746049
1320943231
1321179184
1321382230
1321547384
1321754913
1321989660
1322229660
1322436169
1322675194
1322871616
1323073626
1323309849
1323509321
1323744154
1323982008
1324122362
1324289606
1324524427
1324701603
1324931948
1325167896
1325302880
1325536870
1325771140
1325943783
1326214350
1326386961
1326615995
1326827797
1327056795
1327252548
1327499489
1327728455
1327959512
1328168068
1328363270
1328562666
1328836309
1329075424
1329269655
1329507312
1331658027
1331895356
1332094658
1332488855
1332690171
1332926964
1333097900
1333293906
1333502921
1333731962
1334180458
1334368305
1335179995
1335374704
1335520305
1335678948
1335914260
1336152265
1336348936
1336584251
1336819480
1336954682
1337156664
1337357058
1337537479
1337692670
1337868214
1338101081
1338301695
1338545167
1338772469
1339006784
1339217416
1339419209
1339612428
1339780330
1340016105
1340251276
1340486960
1340685706
1340923255
1341158579
1341426156
1341661529
1341871859
1342072637
1342309951
1342547113
1342781320
1342982407
1343184274
1343385268
1343593865
1343787744
1344029081
1344292818
1344528794
1344729096
1344964814
1345100258
1345272894
1345469120
1345669147
1345904521
1346174802
1346447672
1346714980
1346959883
1347222070
1347455162
1347689294
1347925830
1348201772
1348437322
1348644628
1348910425
1349176953
1349446388
1349679848
1349920272
1350183348
1350356099
1350631525
1350894051
1351095948
1351338989
1351602775
1351870194
1352135385
1352370919
1352641743
1352908978
1353143609
1353349312
1353614279
1353848158
1354117492
1354357200
1354590329
1354856587
1355123974
1355366197
1355599113
1355832693
1356037893
1356201657
1356470050
1356738325
1357020398
1357252513
1357455224
1357731119
1357923067
1358191556
1358361216
1358596231
1358830811
1359035447
1359269750
1359439360
1359675265
1359941698
1360210042
1360482333
1360721906
1360952881
1361229179
1361436523
1361700963
1361943575
1362211667
1362479188
1362750792
1362984196
1363218740
1363387258
1363623753
1363757352
1363924954
1364193246
1364396743
1364664153
1364943830
1365150364
1365315886
1365485111
1365715346
1365983632
1366219847
1366387406
1366655191
1366857582
1367093004
1367292422
1367565585
1367806969
1368038812
1368244860
1368482306
1368713278
1368981338
1369251323
1369523645
1369788792
1370022971
1370224540
1370461939
1370737078
1371013249
1371249274
1371517597
1371785810
1371987639
1372232508
1372527407
1372794683
1373029366
1373270087
1373505568
1373748128
1373951376
1374220965
1374461838
1374695737
1374970125
1375237637
1375506962
1375742620
1375977276
1376144374
1376380899
1376650322
1376886228
1377152379
1377424469
1377591483
1377861298
1378126860
1378361113
1378635768
1378933835
1379134644
1379372717
1379651001
1379914753
1380185840
1380420023
1380687699
1380923858
1381194670
1381426183
1381666680
1381863489
1382131357
1382401265
1382637834
1382905399
1383174495
1383451226
1383687013
1383952931
1384187101
1384364243
1384588863
1384857827
1385126534
1385396253
1385631773
1385864423
1386133943
1386372274
1386602314
1386839760
1387107459
1387380020
1387580394
1387847955
1388118123
1388353499
1388618118
1388821505
1389090829
1389329809
1389563559
1389831332
1390000799
1390204288
1390479354
1390761070
1390953147
1391224314
1391434095
1391693534
1391963150
1392231195
1392439878
1392704248
1392973170
1393206257
1393509717
1393749791
1394012724
1394288344
1394551451
1394797960
1395055163
1395288270
1395523557
1395800198
1396027759
1396295714
1396502843
1396742465
1397010036
1397252424
1397449568
1397646752
1397823985
1398051019
1398319821
1398599411
1398857174
1399125820
1399394189
1399561565
1399796977
1400031188
1400335000
1400569324
1400843350
1401114384
1401386122
1401628734
1401874643
1402168286
1402402535
1402644084
1402877942
1403141398
1403408719
1403651434
1403845226
1404113893
1404322464
1404619524
1404785058
1405059405
1405337280
1405572857
1405795381
1406009138
1406241715
1406467184
1406636784
1406870030
1407071611
1407307897
1407506957
1407742384
1407944820
1408180595
1408379547
1408649798
1408925072
1409154678
1409386738
1409597804
1409857497
1410093297
1410327626
1410564671
1410764819
1410899021
1411134243
1411336875
1411541753
1411775824
1411952519
1412146282
1412348738
1412548481
1412767441
1413004907
1413237185
1413438273
1413676160
1413876961
1414082899
1414316644
1414546964
1414753570
1414950010
1415150870
1415288130
1415519635
1415720636
1415957010
1416191423
1416404259
1416641262
1416839298
1417041766
1417277141
1417413714
1417583408
1417817196
1418054784
1418290391
1418462097
1418659594
1418860795
1419062023
1419262086
1419499142
1419703731
1419941645
1420152112
1420346492
1420547791
1420721506
1420948652
1421155329
1421320745
1421553896
1421790189
1421990109
1422190053
1422359412
1422559027
1422760502
1422964838
1423171666
1423405316
1423634988
1423842095
1424041548
1424273277
1424519739
1424750848
1424976744
1425185018
1425420391
1425616765
1425857634
1426056494
1426290098
1426492569
1426694713
1426929062
1427129993
1427353668
1427621533
1427824065
1428058871
1428293172
1428493496
1428695428
1428904443
1429166424
1429400541
1429636850
1429837845
1430073695
1430273629
1430510520
1430712747
1430919556
1431193544
1431464539
1431663575
1431872214
1432141707
1432375677
1432616638
1432850579
1433115253
1433349612
1433622972
1433858023
1434052860
1434256863
1434530291
1434797227
1435031189
1435309164
1435542629
1435806086
1436073780
1436341336
1436583384
1436784958
1437051175
1437326365
1437561343
1439194529
1439461490
1439697150
1439934145
1440174427
1440378432
1440885831
1441078528
1441894998
1442119610
1442327037
1442539505
1442761930
1442993567
1443196066
1443396185
1443570817
1443798393
1444033681
1444244722
1444437122
1444640391
1444772640
1444974928
1445176144
1445382986
1445552016
1445685750
1445927958
1446154829
1446360544
1446568016
1446767540
1446968591
1447168860
1447406984
1447611654
1447842608
1448077639
1448293385
1448554882
1448721706
1448891144
1449125225
1449259566
1449497407
1449733836
1449936114
1450138944
1450314608
1450505067
1450749185
1451014089
1451250926
1451383156
1451620161
1451855034
1452121194
1452327614
1452494981
1452726169
1453004530
1453264650
1453538751
1453706310
1453979379
1454248857
1454484396
1454696846
1454931115
1455205520
1455475741
1455742345
1455943964
1456215272
1456481151
1456749401
1456985926
1457253269
1457455810
1457693028
1457928540
1458202068
1458434097
1458707121
1458975092
1459208149
1459475810
1459680468
1459913891
1460180945
1460482001
1460719501
1460923005
1461156418
1461390226
1461661707
1461860175
1462101719
1462400261
1462634340
1462903636
1463075006
1463339016
1463624642
1463893743
1464158515
1464363066
1464611344
1464849103
1465117323
1465386145
1465620582
1465855315
1466089884
1466361172
1466595201
1466836677
1467033799
1467306536
1467543136
1467745529
1467981904
1468250525
1468522714
1468790795
1468991792
1469200891
1469462192
1469697553
1469868261
1470099244
1470367508
1470569235
1470840750
1471071585
1471307066
1471547866
1471815182
1472048368
1472283635
1472557075
1472785078
1472987601
1473255577
1473526590
1473728126
1473996593
1474263097
1474500838
1474767433
1474968586
1475251041
1475519606
1475717745
1475925858
1476189589
1476457353
1476727519
1476959238
1477230518
1477497130
1477732973
1477939201
1478205008
1478438336
1478675443
1478952343
1479217934
1479452339
1479689439
1479927149
1480159948
1480427255
1480729544
1480998504
1481233990
1481469061
1481704054
1481981639
1482209407
1482408604
1482648513
1482881099
1483116663
1483384666
1483590358
1483821274
1484095920
1484337680
1484534378
1484803094
1485038883
1485275065
1485542284
1485777247
1485981037
1486183871
1486416991
1486701935
1486927753
1487197257
1487433923
1487675339
1487940499
1488175067
1488444061
1488681437
1488945912
1489182290
1489388354
1489621394
1489920169
1490190307
1490425801
1490698138
1490930856
1491166263
1491434529
1491670887
1491939193
1492205814
1492474837
1492717873
1492983310
1493222156
1493457324
1493699796
1493967754
1494203239
1494477079
1494716867
1494915511
1495146579
1495397913
1495631210
1495866691
1496141309
1496405527
1496640610
1496840417
1497082892
1497316052
1497551406
1497722926
1497958239
1498225311
1498501130
1498726627
1498929113
1499232777
1499505649
1499733734
1500035908
1500177584
1500438997
1500674511
1500944386
1501189778
1501412905
1501653661
1501889757
1502089394
1502299454
1502560905
1502760960
1503031127
1503265639
1503503400
1503706062
1503907851
1504142466
1504410366
1504656602
1504891277
1505114063
1505348791
1505585239
1505855045
1506121492
1506333209
1506567483
1506829409
1507062230
1507298014
1507499791
1507734104
1507980138
1508256022
1508484819
1508730415
1508999052
1509237409
1509469851
1509708840
1509946931
1510207456
1510477203
1510779886
1511015124
1511252096
1511452568
1511686814
1511889713
1512157195
1512400504
1512664496
1512933984
1513216315
1513484178
1513725425
1513998627
1514226074
1514462126
1514732526
1514934545
1515110575
1515344860
1515606783
1515808405
1516017478
1516279396
1516513480
1516689161
1516918467
1517151243
1517388437
1517622437
1517890486
1518167224
1518373884
1518636565
1518837310
1519045965
1519315235
1519578549
1519819296
1520057100
1520315752
1520517342
1520798436
1521035089
1521303378
1521511035
1521746357
1521973726
1522243096
1522478948
1522714872
1522881169
1523089255
1523317024
1523552798
1523787897
1524022827
1524225018
1524433648
1524659696
1524894942
1525165849
1525444852
1525700983
1525935687
1526111622
1526407734
1526652537
1526894804
1527129470
1527392495
1527660427
1527901350
1528097474
1528332423
1528599548
1528870666
1529144278
1529439733
1529675124
1529944180
1530179228
1530449532
1530685584
1530888870
1531024630
1531126708
1531360598
1531601813
1531764092
1531965439
1532233411
1532517409
1532746008
1532981668
1533216237
1533450373
1533720260
1533988817
1534225172
1534496683
1534730859
1534997886
1535232342
1535501315
1535770590
1536003546
1536273871
1536546665
1536777610
1537046038
1537319401
1537554034
1537783922
1538052889
1538226088
1538456061
1538691969
1538958943
1539161291
1539429677
1539672409
1539906575
1540134906
1540345487
1540587498
1540782376
1541023488
1541257071
1541486543
1541754930
1542029388
1542294864
1542563449
1542830463
1543038974
1543278270
1543569869
1543838705
1544072214
1544309151
1546515020
1546782532
1547017572
1547426483
1547664489
1547903733
1548072483
1548299577
1548535706
1548741203
1549116540
1549378939
1550119318
1550348725
1550590795
1550817482
1551054124
1551287549
1551464142
1551625993
1551725951
1551896241
1552134248
1552397240
1552631295
1552834054
1553035294
1553270868
1553478623
1553706745
1553940599
1554178694
1554448507
1554686502
1554920414
1555163130
1555393714
1555601219
1555848846
1556072140
1556281976
1556474641
1556712543
1556952584
1557196170
1557356094
1557561762
1557762997
1557997089
1558231176
1558431613
1558567468
1558640797
1558802078
1559040195
1559308442
1559415048
1559612450
1559813807
1560081166
1560282862
1560496969
1560729787
1560965152
1561200165
1561482671
1561663959
1561937077
1562098790
1562370062
1562609786
1562840677
1563111609
1563309025
1563582452
1563852843
1564130705
1564366153
1564642133
1564836260
1565069656
1565338321
1565610718
1565844538
1566078838
1566348433
1566585783
1566852510
1567121351
1567356434
1567591146
1567825564
1568059824
1568268346
1568530289
1568766143
1569006581
1569206148
1569473587
1569708221
1569941576
1570210688
1570446912
1570685282
1570951687
1571217275
1571486800
1571755717
1571962444
1572228159
1572463329
1572730626
1572967499
1573201369
1573434576
1573671530
1573904816
1574139372
1574410005
1574686787
1574917943
1575186511
1575454775
1575691531
1575893582
1576131091
1576367833
1576638154
1576871095
1577103707
1577341998
1577610782
1577877207
1578086072
1578281919
1578515577
1578722199
1579022112
1579289873
1579556751
1579768670
1580065339
1580330490
1580599640
1580869025
1581136251
1581377378
1581607598
1581807787
1582045607
1582282058
1582549124
1582816306
1583054737
1583320999
1583589640
1583798088
1584096301
1584398201
1584701939
1585002183
1585238778
1585542443
1585777275
1586060953
1586336318
1586539684
1586777140
1587010706
1587246998
1587448872
1587684137
1587862317
1588056714
1588289037
1588556367
1588726487
1588961233
1589203283
1589399136
1589666350
1589903822
1590075625
1590310656
1590551150
1590746834
1590984797
1591186302
1591351855
1591557794
1591823689
1592023705
1592195714
1592417292
1592658789
1592895560
1593161295
1593429842
1593698123
1593870143
1594105953
1594341540
1594544743
1594811866
1594954833
1595146685
1595417570
1595623025
1595852588
1596088016
1596293475
1596457119
1596667200
1596903564
1597137600
1597339223
1597611638
1597879587
1598078133
1598346430
1598585217
1598826317
1599061030
1599296568
1599498760
1599732836
1599972225
1600202563
1600407831
1600575304
1600774047
1601014105
1601177546
1601377837
1601581691
1601749877
1601959299
1602123782
1602328367
1602559347
1602762256
1602997770
1603130114
1603344690
1603508631
1603719739
1603915946
1604120241
1604354604
1604554150
1604793723
1604996378
1605162847
1605402685
1605565145
1605769875
1605976215
1606209573
1606444564
1606610923
1606753807
1606918566
1607153376
1607391743
1607593857
1607825871
1608031871
1608264944
1608434964
1608702022
1608934848
1609170418
1609370538
1609603929
1609779405
1609974845
1610178294
1610413194
1610614533
1610848691
1611051480
1611251156
1611463304
1611689273
1611921838
1612129406
1612291798
1612493273
1612698986
1612834518
1613033002
1613245819
1613403605
1613588516
1613843876
1614079378
1614278921
1614491375
1614682550
1614851580
1615086908
1615287212
1615494566
1615690681
1615858304
1616025861
1616167633
1616327248
1616507397
1616735838
1616945579
1617142106
1617307364
1617516798
1617688479
1617887700
1618090103
1618324007
1618561246
1618761560
1618930824
1619167329
1619309048
1619540810
1619736263
1619942857
1620108315
1620342471
1620510531
1620778194
1620948882
1621189662
1621423331
1621663194
1621826057
1622027673
1622237721
1622397664
1622576407
1622739151
1622944473
1623144358
1623357698
1623546601
1623747692
1623982830
1624186327
1624420347
1624621828
1624823159
1625030605
1625227322
1625428408
1625600017
1625864448
1626097750
1626299742
1626502529
1626740373
1626979250
1627215400
1627453330
1627653319
1627889229
1628063115
1628258106
1628459753
1628693767
1628895797
1629129673
1629331603
1629567639
1629739605
1629974435
1630137688
1630374856
1630541481
1630709699
1630946064
1631146593
1631320309
1631548712
1631784760
1631954099
1632153222
1632357021
1632489215
1632693034
1632924617
1633166626
1633402275
1633602663
1633804264
1633972404
1634207452
1634447227
1634610462
1634844521
1635088013
1635297623
1635498761
1635733653
1636002041
1636236976
1636442257
1636675770
1636944439
1637154267
1637418924
1637701183
1637935334
1638135469
1638410861
1638638792
1638910566
1639045652
1639347421
1639615863
1639862200
1640097154
1640291729
1640534165
1640795020
1640999098
1641240281
1641475951
1641676398
1641886157
1642154281
1642389616
1642589072
1642759415
1642958760
1643163227
1643396721
1643664974
1643908416
1644141850
1644369906
1644581396
1644842392
1645016812
1645217669
1645424688
1645623880
1645871138
1646035718
1646276200
1646438908
1646612293
1646875769
1647145968
1647412351
1647681490
1647921990
1648199662
1648459023
1648696476
1648929625
1649203913
1649434391
1649639045
1649875613
1650082834
1650353475
1650588158
1650821547
1651055070
1651259339
1651458517
1651667852
1651901664
1652131671
1652367252
1652501910
1654854076
1655155227
1655706685
1655973852
1656153769
1656347438
1656510430
1656719335
1656949338
1657392003
1657617846
1658395125
1658624731
1658792633
1658928251
1659197451
1659420166
1659634173
1659868640
1660036874
1660136549
1660237780
1660506755
1660709597
1660909280
1661146561
1661278947
1661386429
1661548310
1661783953
1661983856
1662121226
1662320614
1662523119
1662764329
1662990882
1663261081
1663465685
1663696374
1663897309
1664066085
1664300717
1664535811
1664738426
1664973171
1665174852
1665416725
1665622110
1665810133
1666034177
1666234606
1666485369
1666671630
1666871836
1667040561
1667247886
1667410352
1667646399
1667747889
1667948698
1668159771
1668389008
1668590096
1668829859
1669061046
1669229313
1669482192
1669718886
1669991332
1670265557
1670472966
1670670551
1670876048
1671145489
1671421472
1671688462
1671904469
1672199668
1672465578
1672667893
1672870270
1673105718
1673309960
1673581638
1673779542
1674013139
1674279980
1674521012
1674790765
1674991316
1675231009
1675396613
1675667582
1675834940
1676037953
1676242278
1676475218
1676643103
1676913725
1677150081
1677415968
1677652178
1677856476
1678158664
1678389861
1678630887
1678794014
1679031357
1679266229
1679534403
1679770638
1680037851
1680273716
1680474694
1680674037
1680945932
1681180905
1681482424
1681661690
1681919338
1682154962
1682359184
1682593748
1682801803
1683006559
1683170536
1683438419
1683608648
1683810455
1684045537
1684313741
1684515327
1684786380
1684987124
1685256130
1685456688
1685626033
1685860266
1686127833
1686395676
1686659014
1686891458
1687160999
1687401213
1687668796
1687902354
1688209437
1688478056
1688717143
1688986403
1689255453
1689492273
1689693258
1689926545
1690133121
1690441694
1690640995
1690874717
1691079271
1691345718
1691550113
1691749479
1691955846
1692222981
1692463765
1692760659
1692993203
1693229612
1693431222
1693698701
1693968853
1694269874
1694540169
1694777488
1695009406
1695314012
1695553479
1695829638
1696054323
1696288474
1696525859
1696831096
1697062731
1697295505
1697566108
1697842505
1698103025
1698372219
1698585191
1698786798
1699021530
1699289507
1699535492
1699736287
1700006961
1700245348
1700485523
1700616227
1700818878
1701087562
1701356646
1701592536
1701837702
1702104722
1702312858
1702547007
1702788884
1703034421
1703309289
1703511540
1703780078
1704016058
1704254359
1704520056
1704790020
1705055628
1705326303
1705560390
1705761240
1705996281
1706266053
1706536183
1706802271
1707070662
1707274844
1707442110
1707648156
1707919242
1708219604
1708454258
1708689013
1708890163
1709125253
1709393670
1709667001
1709898641
1710134065
1710342430
1710508423
1710776650
1711014387
1711178331
1711381100
1711651624
1711886387
1712121112
1712294354
1712524456
1712725819
1712999654
1713264823
1713467017
1713709043
1713970392
1714206009
1714509202
1714681112
1714913575
1715080485
1715215399
1715417364
1715723529
1715852741
1716097622
1716368211
1716604978
1716835492
1717079871
1717340320
1717542144
1717775998
1717978222
1718245185
1718522963
1718769932
1718998990
1719267774
1719506056
1719782560
1720012168
1720217995
1720458913
1720687092
1720921727
1721133057
1721328356
1721601308
1721868787
1722150440
1722407441
1722613329
1722883073
1723158488
1723419529
1723652964
1723895946
1724172515
1724438372
1724740617
1724975256
1725216735
1725483663
1725752660
1726020466
1726193995
1726422596
1726639932
1726870655
1727033633
1727308273
1727604735
1727842022
1728109606
1728318554
1728487579
1728721610
1728998183
1729157730
1729425325
1729572748
1729831109
1730033405
1730270471
1730537611
1730778899
1731048249
1731255927
1731520514
1731719492
1731888784
1732124181
1732325235
1732562479
1732827042
1733037192
1733232549
1733435706
1733573090
1733840152
1734008141
1734284022
1734443032
1734681109
1734918580
1735149881
1735450236
1735738542
1735969678
1736233087
1736467964
1736704120
1736949364
1737182004
1737452331
1737638042
1737870468
1738018363
1738245915
1738514725
1738750722
1738984491
1739220177
1739422653
1739657109
1739894654
1740097372
1740337674
1740602456
1740812667
1741077974
1741244498
1741494833
1741739039
1741866653
1742175802
1742369548
1742570044
1742851632
1743044482
1743280249
1743484643
1743707623
1743943183
1744144089
1744344501
1744614031
1744853521
1745022004
1745294422
1745597066
1745816210
1746051588
1746322003
1746600805
1746862017
1747130860
1747397052
1747666022
1747948545
1748238640
1748407664
1748713538
1748953833
1749194748
1749452322
1749686980
1749860982
1750089425
1750324235
1750561521
1750794517
1750970373
1751234484
1751468573
1751646377
1751940450
1752141243
1752374965
1752556424
1752782851
1753050586
1753251393
1753453403
1753662044
1753900957
1754092085
1754331532
1754597089
1754797068
1755031526
1755266590
1755579542
1755770172
1755971000
1756207747
1756412299
1756712690
1756922350
1757184806
1757452096
1757691582
1757931961
1758192370
1758459440
1758728069
1758939596
1759199485
1759435411
1759716189
1759981342
1760215931
1760486429
1760732747
1760890920
1762237798
1762508071
1762678839
1762886115
1763144308
1763389349
1763937056
1764130290
1764938302
1765169299
1765311425
1765519330
1765745967
1765987168
1766180383
1766382550
1766585391
1766752127
1766993043
1767232969
1767457689
1767667572
1767826003
1768031839
1768130327
1768231186
1768398802
1768600603
1768813418
1769015693
1769204277
1769407316
1769543345
1769774037
1769943904
1770145130
1770357682
1770585227
1770788544
1771034787
1771262722
1771463917
1771666522
1771940098
1772140317
1772341848
1772516329
1772679972
1772948293
1773165727
1773408866
1773671639
1773846041
1774043951
1774275484
1774477097
1774714049
1774915502
1775090284
1775357021
1775518871
1775722268
1775927789
1776228247
1776463041
1776734973
1777001906
1777203345
1777443209
1777677447
1777952723
1778189485
1778428177
1778697578
1778928824
1779231028
1779401006
1779634487
1779836963
1780105892
1780341132
1780611440
1780880356
1781115813
1781316287
1781489731
1781725426
1781960943
1782231000
1782435759
1782668632
1782937326
1783179315
1783407203
1783673552
1783851262
1784088913
1784294260
1784536115
1784769361
1784969635
1785213165
1785442503
1785675234
1785919386
1786157846
1786391011
1786626527
1786902160
1787168079
1787402950
1787637765
1787876510
1788074925
1788250158
1788488283
1788688171
1788957527
1789197849
1789394935
1789600201
1789873187
1790106208
1790338415
1790577880
1790809921
1790991151
1791228754
1791495021
1791731319
1791978960
1792238108
1792450734
1792717839
1792924736
1793188197
1793430451
1793669625
1793866477
1794102316
1794304253
1794540271
1794746511
1794984320
1795252647
1795589500
1795759818
1796033869
1796231019
1796500634
1796736103
1796935391
1797137320
1797374792
1797608287
1797807338
1797976456
1798245212
1798482684
1798789785
1799027805
1799194315
1799493107
1799662988
1799932249
1800168955
1800369244
1800638495
1800839278
1801080749
1801275715
1801511834
1801764358
1801935356
1802172947
1802407093
1802642007
1802879987
1803145408
1803415020
1803683115
1803952203
1804129446
1804322148
1804591276
1804803081
1805028858
1805270542
1805372288
1805641971
1805842852
1806128193
1806396604
1806597401
1806843333
1807034950
1807302462
1807513372
1807773602
1807975961
1808110789
1808349189
1808552291
1808788906
1809028941
1809286058
1809523124
1809757796
1809959742
1810195384
1810463915
1810666481
1810873537
1811104570
1811370299
1811605589
1811841597
1812077620
1812277015
1812549324
1812780721
1812951948
1813220756
1813487544
1813757335
1814024365
1814231744
1814496037
1814797924
1815001210
1815204498
1815440637
1815641046
1815877982
1816110556
1816379445
1816620824
1816854096
1817053219
1817320430
1817589182
1817857122
1818135767
1818406589
1818673317
1818945886
1819145191
1819382350
1819655481
1819850166
1820087178
1820326661
1820557704
1820790757
1821026487
1821266750
1821499938
1821732375
1822011387
1822275258
1822517420
1822719751
1822929395
1823195040
1823499362
1823710626
1823966629
1824167597
1824435014
1824671836
1824872405
1825147313
1825383599
1825554922
1825756360
1826025807
1826227130
1826430334
1826697701
1826965975
1827174175
1827369118
1827602932
1827810047
1828045153
1828312178
1828581378
1828816653
1829053035
1829285008
1829528704
1829791624
1830030244
1830265116
1830444326
1830644201
1830886664
1831121923
1831349936
1831584911
1831854214
1832130212
1832427195
1832693272
1832962354
1833197562
1833448644
1833681354
1833895770
1834133395
1834399787
1834568714
1834702306
1834956324
1835218271
1835454456
1835689110
1835962048
1836226429
1836392469
1836634514
1836899045
1837133527
1837402847
1837644850
1837880139
1838075818
1838321363
1838479105
1838713872
1838949020
1839184243
1839452591
1839693831
1839962641
1840198091
1840432155
1840635999
1840837813
1841071494
1841314497
1841416410
1841691895
1841925006
1842153641
1842424258
1842701655
1842938340
1843201080
1843469075
1843708740
1843946420
1844206798
1844441854
1844677681
1844953713
1845216614
1845516978
1845725444
1845986348
1846154268
1846396077
1846632101
1846928380
1847161810
1847409959
1847670193
1847939730
1848174995
1848444283
1848611161
1848849246
1849099885
1849394467
1849630467
1849830111
1850067160
1850304632
1850540289
1850787800
1851029956
1851254040
1851560438
1851763012
1852015077
1852246827
1852515890
1852827695
1853089039
1853354582
1853590881
1853834076
1854094879
1854363992
1854630833
1854900529
1855135061
1855419462
1855576068
1855716061
1855980525
1856248866
1856551593
1856820328
1857093038
1857356410
1857594340
1857870676
1858106732
1858303082
1858569013
1858813484
1859047255
1859282262
1859516012
1859718321
1859985569
1860227518
1860464218
1860691759
1860927681
1861139422
1861400232
1861636118
1861911287
1862177061
1862409907
1862586944
1862817396
1863047704
1863253046
1863489382
1863688003
1863927040
1864125346
1864360408
1864600894
1864835602
1865038481
1865274658
1865474766
1865707912
1865910046
1866112443
1866313987
1866523438
1866750709
1866960945
1867159474
1867359946
1867561047
1868726460
1868962647
1869197579
1869407932
1869633792
1869801495
1870003366
1870411753
1870580099
1871420077
1871613028
1871850533
1872053387
1872255711
1872456010
1872624306
1872857621
1873059172
1873227837
1873434127
1873629483
1873833088
1874033578
1874239474
1874408872
1874610472
1874711463
1874784829
1874945344
1875081426
1875281739
1875456968
1875651632
1875852587
1876018262
1876187786
1876358141
1876556839
1876759049
1876959424
1877158788
1877363860
1877598433
1877835024
1878004001
1878141669
1878335382
1878538012
1878705566
1878874345
1879042078
1879244488
1879446177
1879646798
1879823044
1880015551
1880186968
1880385892
1880554482
1880726898
1880921477
1881090801
1881258652
1881459524
1881662718
1881764314
1881834182
1881963428
1882168842
1882408800
1882606059
1882847321
1883010463
1883181036
1883413287
1883646236
1883881335
1884117862
1884352652
1884552599
1884688498
1884868233
1885102996
1885305793
1885509069
1885679630
1885889535
1886082379
1886315937
1886518219
1886719519
1886892376
1887120816
1887323179
1887493135
1887734790
1887971276
1888205330
1888439565
1888673441
1888844438
1889051267
1889258639
1889488651
1889722798
1889964166
1890167976
1890401956
1890635498
1890843378
1891041197
1891251015
1891485022
1891722565
1891959854
1892192072
1892325544
1892529200
1892729207
1892967691
1893132785
1893333451
1893571119
1893843597
1894045990
1894281259
1894483114
1894656959
1894894024
1895097138
1895337524
1895568021
1895836860
1896036930
1896275083
1896472921
1896681138
1896910444
1897111293
1897283730
1897482130
1897687295
1897883135
1898118873
1898290792
1898521722
1898722994
1898926531
1899143018
1899385077
1899579759
1899782097
1899948244
1900149600
1900391849
1900657391
1900889806
1901126399
1901362234
1901663253
1901897244
1902165182
1902370459
1902568880
1902836464
1903005484
1903205890
1903419609
1903679354
1903950601
1904185249
1904426056
1904690735
1904957297
1905193318
1905461305
1905731562
1905963751
1906200737
1906404698
1906668615
1906872076
1907113301
1907374689
1907617191
1907789656
1908055852
1908254840
1908523068
1908691130
1908963838
1909250275
1909516637
1909730313
1909968923
1910178695
1910410795
1910644783
1910946665
1911189072
1911461334
1911725622
1911993923
1912262207
1912468917
1912666541
1912882876
1913113015
1913351923
1913619422
1913861273
1914096206
1914331915
1914571931
1914768780
1915036484
1915305198
1915539812
1915774224
1916041530
1916278187
1916479375
1916682091
1916921336
1917187552
1917423722
1917693360
1917958698
1918196849
1918398779
1918666108
1918906876
1919173629
1919478775
1919756462
1920024932
1920263548
1920530732
1920795847
1921001789
1921237586
1921437879
1921675943
1921951038
1922215666
1922520144
1922757158
1923023691
1923259977
1923532276
1923800834
1924035883
1924239207
1924474343
1924679871
1924909993
1925178962
1925388803
1925662622
1925931205
1926163930
1926433299
1926669212
1926901605
1927106064
1927240947
1927440724
1927714528
1927952799
1928218108
1928456053
1928691588
1928960149
1929093562
1929330551
1929596299
1929765822
1930080449
1930311193
1930545193
1930811922
1931017293
1931215461
1931454365
1931691460
1931957323
1932203526
1932443600
1932675272
1932947666
1933238652
1933477052
1933672633
1933919296
1934174794
1934384069
1934653078
1934855376
1935128080
1935369681
1935614247
1935874381
1936074537
1936311561
1936554002
1936789209
1937023847
1937231539
1937433660
1937701603
1937938673
1938217044
1938475391
1938744954
1938988706
1939150156
1939348599
1939585634
1939822919
1940089251
1940292469
1940459998
1940729388
1941004433
1941200470
1941433536
1941703914
1941973022
1942212989
1942483155
1942691752
1942934596
1943189960
1943391606
1943627698
1943861995
1944130392
1944333483
1944570137
1944802012
1945048481
1945239307
1945474531
1945747957
1946015469
1946183782
1946450948
1946687757
1946922500
1947155550
1947400123
1947603115
1947836008
1948079455
1948272912
1948508686
1948610353
1948879340
1949114120
1949351419
1949621899
1949888275
1950158456
1950391493
1950594652
1950795692
1951063143
1951306368
1951537289
1951807463
1952041306
1952357076
1952653006
1952886942
1953157870
1953427193
1953661922
1953895929
1954098040
1954333568
1954589250
1954836999
1955126341
1955363310
1955599447
1955800892
1956083036
1956314019
1956483721
1956687123
1956934414
1957210640
1957450529
1957740007
1958007935
1958277449
1958480078
1958748740
1959017311
1959223710
1959488101
1959757765
1960024481
1960292944
1960528686
1960763878
1961032841
1961241601
1961474686
1961705880
1961813278
1962106888
1962348431
1962586938
1962783299
1963052411
1963321577
1963557827
1963829913
1964100942
1964302162
1964513798
1964744465
1964977853
1965247065
1965449746
1965629148
1965869665
1966094000
1966363652
1966643701
1966901373
1967138864
1967338192
1967573060
1967843642
1968077345
1968284671
1968483619
1968717979
1968995336
1969255604
1969523240
1969793240
1970063682
1970265748
1970501769
1970772172
1971018165
1971253502
1971451178
1971692545
1971953503
1972153873
1972388730
1972624763
1972894813
1973161089
1973394716
1973663996
1973938248
1975198619
1975477736
1975676986
1975887421
1976114248
1976381113
1976894601
1977088489
1977901238
1978129951
1978330802
1978578325
1978700264
1978838462
1979004059
1979209410
1979442781
1979676561
1979926417
1980155359
1980388377
1980623970
1980825812
1981025213
1981268987
1981464466
1981665217
1981798624
1982034725
1982276284
1982538817
1982772251
1983007483
1983141968
1983352076
1983586739
1983789587
1984023475
1984224143
1984425973
1984638931
1984832480
1985065687
1985268226
1985436678
1985644475
1985840693
1986039485
1986275259
1986509096
1986712311
1986949123
1987183871
1987416933
1987662148
1987895813
1988096411
1988337916
1988432365
1988500717
1988694293
1988978690
1989242997
1989513054
1989785684
1990050259
1990288805
1990522721
1990723153
1990967918
1991188177
1991487265
1991755310
1992025964
1992293585
1992528958
1992762591
1993037484
1993269306
1993504365
1993773243
1994043045
1994310046
1994513719
1994764654
1995027153
1995335276
1995603201
1995888923
1996157655
1996426883
1996694172
1996897193
1997165677
1997403906
1997635949
1997838047
1998106080
1998341819
1998644398
1998944526
1999152255
1999416909
1999650497
1999884288
2000158617
2000426996
2000730928
2000964996
2001232261
2001511097
2001710415
2001943313
2002183385
2002412775
2002649627
2002916443
2003192883
2003388897
2003656616
2003865762
2004100774
2004367593
2004635886
2004880824
2005147194
2005413630
2005648530
2005849734
2006085625
2006320162
2006560194
2006794722
2007060179
2007301484
2007506793
2007778258
2008015326
2008253263
2008524190
2008755262
2008892783
2009058258
2009329844
2009563690
2009834461
2010067906
2010336346
2010504767
2010705777
2010951518
2011235448
2011465140
2011639357
2011902407
2012107814
2012341107
2012579544
2012812837
2013045873
2013283798
2013550058
2013787738
2014054616
2014327068
2014601404
2014835347
2015072664
2015306824
2015505964
2015682026
2015946369
2016245577
2016413680
2016692184
2016985918
2017254766
2017454569
2017670757
2017934247
2018202546
2018403672
2018611190
2018876994
2019142310
2019349850
2019587022
2019819584
2020121468
2020361567
2020561607
2020833838
2021002887
2021203735
2021436674
2021605873
2021838512
2022081619
2022346504
2022591702
2022895629
2023137630
2023445237
2023743016
2023983387
2024250896
2024431332
2024666565
2024901553
2025180117
2025415055
2025651741
2025887654
2026122214
2026322702
2026560292
2026801361
2027034265
2027234612
2027470889
2027673407
2027907772
2028148905
2028449559
2028682430
2028952147
2029221410
2029425304
2029660738
2029934401
2030170942
2030474164
2030676432
2030844418
2031112977
2031313469
2031485431
2031751056
2032017146
2032256836
2032458932
2032695874
2032965054
2033168550
2033401088
2033576082
2033809175
2034040578
2034311903
2034550811
2034780675
2035017614
2035219821
2035417841
2035686960
2035926574
2036161628
2036296710
2036530713
2036802761
2037067376
2037302455
2037502252
2037769529
2037985390
2038186201
2038421493
2038656950
2038858924
2039067910
2039330121
2039580675
2039807246
2040015715
2040252182
2040520149
2040760772
2041024954
2041331069
2041592227
2041863087
2042063959
2042299589
2042566047
2042802042
2043121708
2043356874
2043550267
2043796532
2044091103
2044329320
2044593791
2044831415
2045039193
2045265704
2045500642
2045713608
2046005726
2046215144
2046449767
2046652608
2046886698
2047063875
2047323624
2047566364
2047801972
2048084615
2048242964
2048427839
2048688216
2048954276
2049232145
2049468457
2049709772
2049977504
2050225100
2050483120
2050751867
2051030299
2051242292
2051474561
2051737118
2052004781
2052206599
2052409152
2052675907
2052918028
2053114821
2053383725
2053616427
2053885005
2054088432
2054356099
2054607040
2054802869
2055071083
2055340277
2055575326
2055850935
2056111704
2056349405
2056651029
2056919467
2057222997
2057500581
2057735524
2057902762
2058140421
2058372973
2058650314
2058810289
2059044360
2059218452
2059449897
2059682294
2059890712
2060051748
2060286506
2060562219
2060823593
2061126479
2061361686
2061496784
2061796613
2062066386
2062341713
2062603323
2062873440
2063107633
2063352490
2063611552
2063847435
2064081255
2064283611
2064483078
2064753076
2065032730
2065271353
2065535257
2065840289
2066046876
2066310959
2066549154
2066851519
2067119023
2067402589
2067599651
2067904015
2068187304
2068463708
2068698201
2068967209
2069168217
2069441655
2069703721
2069908764
2070176738
2070412443
2070689309
2070925261
2071158109
2071373107
2071596295
2071765757
2072008653
2072270541
2072538783
2072740734
2072975243
2073183925
2073396163
2073619650
2073891266
2074096520
2074367940
2074633707
2074844467
2075076893
2075375105
2075608765
2075848463
2076113883
2076348151
2076616212
2076862285
2077126471
2077361315
2077564720
2077813044
2078079919
2078316624
2078587004
2078897242
2079159581
2079398240
2079631965
2079807578
2080069047
2080270534
2080487279
2081791783
2082081193
2082281851
2082517554
2082654350
2082918933
2083498326
2083691540
2084503473
2084731535
2084842530
2085071169
2085301479
2085538574
2085706328
2085859451
2086080907
2086287009
2086458407
2086691651
2086893980
2087094477
2087295110
2087542606
2087765228
2087966524
2088210258
2088407642
2088641395
2088843364
2089049464
2089285243
2089490751
2089724214
2089959776
2090162553
2090397415
2090575160
2090799393
2091012829
2091254127
2091482882
2091690136
2091926335
2092154063
2092388524
2092625515
2092824962
2093060309
2093299876
2093430114
2093665363
2093874118
2094068216
2094275940
2094472063
2094672790
2094909444
2095143209
2095346864
2095617983
2095916791
2096187297
2096353710
2096625966
2096891275
2097124391
2097426720
2097695606
2097971914
2098237640
2098472269
2098709175
2098877117
2099145536
2099413482
2099651993
2099919680
2100219898
2100422248
2100690833
2100926346
2101161445
2101461541
2101730246
2102003916
2102282684
2102449086
2102717804
2102957847
2103224293
2103490017
2103757636
2103995574
2104260798
2104497228
2104733514
2105039079
2105269550
2105541366
2105825194
2106097045
2106298774
2106533176
2106804133
2107011901
2107308096
2107509543
2107777657
2108013519
2108260071
2108528697
2108795607
2109037255
2109271410
2109539407
2109808265
2110078917
2110310043
2110511601
2110747188
2110981999
2111254535
2111522239
2111794148
2111958581
2112194355
2112395431
2112631346
2112834591
2113101719
2113302930
2113540400
2113812299
2114042078
2114277697
2114545448
2114747917
2115016850
2115283777
2115527412
2115732007
2115998020
2116268125
2116470779
2116774549
2117041255
2117310062
2117515301
2117781443
2118081701
2118350113
2118619466
2118860439
2119088294
2119390642
2119657821
2119893545
2120165139
2120431532
2120668649
2120900776
2121106602
2121347454
2121619542
2121894775
2122158143
2122423889
2122695388
2122931786
2123239176
2123509035
2123785598
2123986228
2124227948
2124526397
2124758150
2125031008
2125303182
2125509413
2125743246
2125982516
2126262308
2126529941
2126731226
2127000280
2761126780
